0 0.0203125 0.40390625 0.040625 0.1046875
0 0.1671875 0.3734375 0.0796875 0.075
2 0.3640625 0.4703125 0.021875 0.065625
0 0.3640625 0.44375 0.0078125 0.009375
2 0.390625 0.4671875 0.01875 0.05625
0 0.390625 0.4453125 0.009375 0.009375
2 0.4078125 0.465625 0.034375 0.0546875
0 0.40625 0.4453125 0.00625 0.009375
2 0.415625 0.4625 0.0265625 0.05625
0 0.415625 0.4421875 0.009375 0.0125
2 0.4421875 0.4625 0.0296875 0.0703125
0 0.4375 0.4359375 0.009375 0.0125
2 0.4515625 0.4515625 0.01875 0.053125
0 0.453125 0.43125 0.00625 0.00625
2 0.4765625 0.453125 0.0203125 0.05625
0 0.475 0.43125 0.00625 0.0078125
2 0.5046875 0.453125 0.025 0.0625
0 0.503125 0.43125 0.009375 0.0125
2 0.515625 0.4625 0.0265625 0.0671875
0 0.515625 0.4375 0.009375 0.0125
2 0.54375 0.459375 0.0265625 0.0625
0 0.5421875 0.434375 0.0078125 0.009375
2 0.5546875 0.453125 0.01875 0.05625
0 0.55625 0.43125 0.0078125 0.0078125
2 0.5765625 0.459375 0.01875 0.065625
0 0.575 0.434375 0.009375 0.009375
2 0.5921875 0.4703125 0.0234375 0.0765625
0 0.590625 0.440625 0.0109375 0.0125
2 0.6203125 0.478125 0.028125 0.10625
0 0.61875 0.4328125 0.0125 0.0140625
2 0.6375 0.465625 0.034375 0.09375
0 0.640625 0.428125 0.009375 0.0109375
2 0.6515625 0.48125 0.03125 0.115625
0 0.6515625 0.4375 0.0140625 0.015625
2 0.65 0.4640625 0.03125 0.09375
0 0.65 0.4265625 0.0140625 0.015625
2 0.665625 0.4640625 0.0265625 0.09375
0 0.6671875 0.4265625 0.009375 0.0125
2 0.684375 0.48125 0.03125 0.1234375
0 0.684375 0.4328125 0.015625 0.01875
2 0.7015625 0.4671875 0.0296875 0.09375
0 0.703125 0.43125 0.0109375 0.0125
2 0.71875 0.4734375 0.0296875 0.1046875
0 0.71875 0.4328125 0.015625 0.015625
2 0.71875 0.4875 0.0296875 0.1125
0 0.721875 0.44375 0.0140625 0.0171875
2 0.740625 0.4734375 0.03125 0.109375
0 0.740625 0.4296875 0.0125 0.015625
2 0.7609375 0.471875 0.0375 0.10625
0 0.7609375 0.43125 0.0171875 0.01875
2 0.7703125 0.4796875 0.0375 0.1140625
0 0.771875 0.440625 0.01875 0.0203125
2 0.7796875 0.45625 0.0359375 0.0921875
0 0.78125 0.4265625 0.0125 0.0140625
2 0.7984375 0.490625 0.0375 0.1421875
0 0.7984375 0.4390625 0.01875 0.0171875
2 0.81875 0.48125 0.04375 0.14375
0 0.8203125 0.4234375 0.015625 0.01875
2 0.81875 0.509375 0.05 0.1546875
0 0.8203125 0.4484375 0.0203125 0.0203125
2 0.8546875 0.4953125 0.0421875 0.1359375
0 0.8578125 0.44375 0.01875 0.0234375
2 0.8734375 0.515625 0.05 0.1625
0 0.8765625 0.4546875 0.0234375 0.0234375
2 0.909375 0.5 0.05625 0.165625
0 0.909375 0.4359375 0.021875 0.0203125
2 0.9484375 0.5109375 0.078125 0.20625
0 0.9546875 0.428125 0.028125 0.0296875
2 0.3421875 0.4640625 0.015625 0.034375
0 0.3421875 0.4515625 0.0046875 0.00625
2 0.3796875 0.4890625 0.0625 0.0640625
0 0.4015625 0.465625 0.0109375 0.0109375
2 0.3921875 0.4921875 0.05625 0.075
0 0.403125 0.4640625 0.0125 0.0140625
2 0.3984375 0.49375 0.0453125 0.0703125
0 0.415625 0.46875 0.0109375 0.0125
2 0.4296875 0.5109375 0.05 0.1046875
0 0.4421875 0.4703125 0.01875 0.0203125
2 0.4421875 0.515625 0.053125 0.109375
0 0.45625 0.4734375 0.0171875 0.0203125
2 0.4546875 0.515625 0.0671875 0.1046875
0 0.471875 0.4796875 0.0203125 0.01875
2 0.465625 0.521875 0.0765625 0.1296875
0 0.4875 0.4796875 0.021875 0.01875
2 0.465625 0.5359375 0.1046875 0.1296875
0 0.5078125 0.484375 0.0203125 0.0234375
2 0.50625 0.540625 0.075 0.1375
0 0.5265625 0.4875 0.0234375 0.0265625
2 0.5265625 0.5421875 0.0828125 0.1640625
0 0.540625 0.48125 0.0265625 0.028125
2 0.55625 0.5625 0.103125 0.1859375
0 0.5671875 0.49375 0.028125 0.0375
2 0.74375 0.55 0.1234375 0.1484375
0 0.7765625 0.490625 0.028125 0.0265625
2 0.7 0.534375 0.14375 0.1375
0 0.746875 0.4828125 0.0265625 0.0265625