2 0.8515625 0.496875 0.121875 0.290625
0 0.871875 0.3765625 0.0375 0.0421875
2 0.7984375 0.4890625 0.1 0.259375
0 0.8078125 0.3796875 0.0328125 0.0328125
2 0.75625 0.509375 0.1546875 0.2859375
0 0.734375 0.3953125 0.0421875 0.0484375
2 0.6734375 0.478125 0.084375 0.2734375
0 0.6703125 0.3671875 0.028125 0.0375
2 0.634375 0.4875 0.115625 0.3015625
0 0.6359375 0.3609375 0.0359375 0.046875
2 0.515625 0.475 0.0609375 0.2265625
0 0.5265625 0.378125 0.021875 0.0296875
2 0.5421875 0.4890625 0.125 0.3171875
0 0.553125 0.359375 0.034375 0.04375
2 0.465625 0.4765625 0.0921875 0.2875
0 0.465625 0.35625 0.0328125 0.040625
2 0.4015625 0.5125 0.109375 0.2671875
0 0.396875 0.403125 0.0375 0.04375
2 0.4171875 0.45625 0.078125 0.275
0 0.4203125 0.340625 0.028125 0.0390625
2 0.3796875 0.478125 0.09375 0.2875
0 0.3765625 0.35625 0.0296875 0.0421875
2 0.303125 0.490625 0.096875 0.2953125
0 0.309375 0.365625 0.034375 0.040625
2 0.2234375 0.49375 0.1125 0.33125
0 0.2234375 0.35625 0.0328125 0.040625
2 0.159375 0.4828125 0.134375 0.321875
0 0.1609375 0.35 0.0375 0.05