0 0.746875 0.459375 0.0734375 0.0859375
2 0.853125 0.5421875 0.26875 0.565625
0 0.846875 0.3125 0.075 0.09375
2 0.9 0.446875 0.125 0.3796875
0 0.890625 0.296875 0.040625 0.0453125
2 0.159375 0.515625 0.2015625 0.5515625
0 0.1546875 0.29375 0.075 0.0921875
2 0.2359375 0.4703125 0.1125 0.4
0 0.24375 0.303125 0.0515625 0.05625
2 0.3125 0.4859375 0.159375 0.496875
0 0.3125 0.26875 0.0515625 0.05625
2 0.35 0.4375 0.084375 0.3296875
0 0.3578125 0.3015625 0.0375 0.046875
2 0.396875 0.484375 0.059375 0.2015625
0 0.384375 0.40625 0.0265625 0.0328125
2 0.475 0.5609375 0.178125 0.415625
0 0.45625 0.40625 0.053125 0.0609375
2 0.5125 0.4953125 0.125 0.396875
0 0.4984375 0.3296875 0.053125 0.059375
2 0.41875 0.409375 0.0625 0.1984375
0 0.421875 0.3234375 0.025 0.021875
2 0.46875 0.43125 0.1109375 0.3046875
0 0.475 0.30625 0.040625 0.0453125
2 0.571875 0.39375 0.0765625 0.2171875
0 0.5640625 0.3078125 0.03125 0.034375
2 0.6203125 0.4609375 0.178125 0.4
0 0.6078125 0.296875 0.04375 0.053125
2 0.6890625 0.453125 0.0875 0.3234375
0 0.684375 0.3203125 0.04375 0.04375
2 0.7109375 0.434375 0.090625 0.2859375
0 0.703125 0.3125 0.028125 0.03125
2 0.071875 0.41875 0.0703125 0.1671875
0 0.075 0.3515625 0.0234375 0.025
2 0.028125 0.425 0.0546875 0.1828125
0 0.0125 0.3515625 0.0234375 0.025