0 0.728125 0.61875 0.0265625 0.034375
0 0.6109375 0.596875 0.04375 0.0578125
2 0.5546875 0.6671875 0.0625 0.1546875
0 0.5640625 0.6046875 0.01875 0.025
0 0.490625 0.5890625 0.025 0.028125
0 0.4390625 0.5921875 0.021875 0.0265625
0 0.2984375 0.628125 0.0453125 0.05
0 0.175 0.6046875 0.053125 0.059375
2 0.1609375 0.6234375 0.059375 0.15
0 0.165625 0.5640625 0.0203125 0.01875
2 0.321875 0.6125 0.04375 0.090625
0 0.3125 0.5765625 0.0125 0.0140625
2 0.34375 0.615625 0.034375 0.084375
0 0.346875 0.58125 0.0125 0.0140625
2 0.4140625 0.615625 0.040625 0.090625
0 0.421875 0.578125 0.009375 0.0125
2 0.515625 0.6171875 0.021875 0.065625
0 0.515625 0.590625 0.009375 0.009375
2 0.528125 0.615625 0.021875 0.06875
0 0.5265625 0.590625 0.009375 0.009375
2 0.54375 0.609375 0.021875 0.0625
0 0.54375 0.584375 0.00625 0.0078125
2 0.659375 0.615625 0.0296875 0.071875
0 0.65625 0.5890625 0.009375 0.009375
2 0.690625 0.6109375 0.0265625 0.075
0 0.6921875 0.5828125 0.009375 0.0125
2 0.70625 0.6140625 0.028125 0.075
0 0.70625 0.584375 0.009375 0.009375
2 0.7296875 0.61875 0.034375 0.0796875
0 0.728125 0.5890625 0.0109375 0.0125
2 0.784375 0.63125 0.0390625 0.0859375
0 0.7765625 0.596875 0.0109375 0.0125
2 0.86875 0.634375 0.04375 0.1078125
0 0.86875 0.5921875 0.0140625 0.0140625
2 0.35 0.61875 0.015625 0.0765625
0 0.3515625 0.5875 0.009375 0.0109375