2 0.6265625 0.50625 0.021875 0.0546875
0 0.625 0.4859375 0.0078125 0.00625
2 0.6375 0.509375 0.0203125 0.0515625
0 0.640625 0.4875 0.00625 0.00625
2 0.609375 0.5125 0.0171875 0.0484375
0 0.609375 0.49375 0.0078125 0.0078125
2 0.6 0.50625 0.0171875 0.0515625
0 0.5984375 0.484375 0.00625 0.00625
2 0.5640625 0.5125 0.01875 0.0484375
0 0.565625 0.49375 0.0078125 0.009375
2 0.578125 0.509375 0.0171875 0.0453125
0 0.58125 0.49375 0.0078125 0.0078125
2 0.646875 0.5046875 0.0140625 0.053125
0 0.65 0.484375 0.009375 0.0078125
2 0.346875 0.615625 0.0421875 0.115625
0 0.34375 0.5734375 0.0234375 0.028125
2 0.3625 0.6125 0.0546875 0.134375
0 0.359375 0.565625 0.028125 0.0375
2 0.496875 0.6078125 0.0765625 0.140625
0 0.48125 0.559375 0.03125 0.0328125