2 0.2046875 0.521875 0.015625 0.0515625
0 0.20625 0.503125 0.00625 0.009375
2 0.2234375 0.53125 0.021875 0.071875
0 0.2265625 0.5015625 0.009375 0.0125
2 0.2375 0.5140625 0.015625 0.040625
0 0.2390625 0.5 0.00625 0.00625
2 0.2578125 0.5625 0.046875 0.134375
0 0.259375 0.5078125 0.015625 0.0171875
2 0.2890625 0.5515625 0.0453125 0.125
0 0.2875 0.5 0.0140625 0.01875
2 0.44375 0.55 0.05 0.1203125
0 0.4453125 0.5 0.015625 0.015625
2 0.39375 0.55625 0.05625 0.1515625
0 0.3875 0.496875 0.0203125 0.025
2 0.3375 0.60625 0.0640625 0.2453125
0 0.340625 0.496875 0.0203125 0.021875
2 0.321875 0.6234375 0.1390625 0.2734375
0 0.33125 0.5140625 0.0328125 0.0390625
2 0.4125 0.65 0.090625 0.196875
0 0.4234375 0.5734375 0.03125 0.034375
2 0.240625 0.6625 0.078125 0.1703125
0 0.24375 0.596875 0.025 0.028125
2 0.503125 0.5640625 0.0796875 0.2375
0 0.503125 0.5640625 0.0796875 0.2375
2 0.05625 0.5578125 0.1125 0.2984375
0 0.05625 0.5578125 0.1125 0.2984375
2 0.6734375 0.58125 0.125 0.35
0 0.6734375 0.58125 0.125 0.35
2 0.740625 0.6515625 0.1328125 0.3421875
0 0.7375 0.5046875 0.0359375 0.0421875