0 0.10625 0.6203125 0.0453125 0.0421875
2 0.0421875 0.7046875 0.06875 0.1703125
0 0.05625 0.63125 0.0234375 0.021875
2 0.0171875 0.6875 0.0328125 0.1515625
0 0.0203125 0.625 0.0140625 0.015625
2 0.015625 0.678125 0.0296875 0.1328125
0 0.015625 0.625 0.0140625 0.015625
2 0.1234375 0.66875 0.0296875 0.0796875
0 0.128125 0.6375 0.0109375 0.0125
2 0.15625 0.665625 0.0328125 0.0796875
0 0.1625 0.634375 0.0109375 0.0140625
2 0.1828125 0.6640625 0.0625 0.109375
0 0.196875 0.61875 0.015625 0.0140625
2 0.196875 0.6734375 0.059375 0.115625
0 0.215625 0.6265625 0.0140625 0.0171875
2 0.2140625 0.675 0.053125 0.121875
0 0.228125 0.6265625 0.015625 0.015625
2 0.246875 0.671875 0.0328125 0.1
0 0.25 0.628125 0.0109375 0.0109375
2 0.25625 0.675 0.059375 0.1046875
0 0.2609375 0.6296875 0.0125 0.0140625
2 0.303125 0.703125 0.0703125 0.1859375
0 0.315625 0.625 0.0203125 0.025
2 0.3421875 0.7203125 0.0890625 0.2046875
0 0.3515625 0.6328125 0.0203125 0.025
2 0.2859375 0.653125 0.0234375 0.0703125
0 0.2890625 0.625 0.009375 0.009375
2 0.3375 0.659375 0.01875 0.0734375
0 0.3375 0.63125 0.0078125 0.009375
2 0.375 0.659375 0.028125 0.084375
0 0.3734375 0.6234375 0.0078125 0.009375
2 0.38125 0.665625 0.0375 0.0953125
0 0.3828125 0.6234375 0.0109375 0.009375
2 0.3921875 0.6640625 0.0203125 0.0765625
0 0.3921875 0.6328125 0.0078125 0.0078125
2 0.3953125 0.653125 0.01875 0.065625
0 0.3984375 0.6296875 0.00625 0.0078125
2 0.4078125 0.65625 0.015625 0.0640625
0 0.4078125 0.6296875 0.0078125 0.0078125
2 0.4140625 0.6640625 0.0234375 0.08125
0 0.4171875 0.63125 0.009375 0.0125
2 0.4328125 0.675 0.034375 0.1140625
0 0.440625 0.6265625 0.0125 0.0140625
2 0.44375 0.659375 0.025 0.084375
0 0.446875 0.625 0.0078125 0.0125
2 0.459375 0.6625 0.0234375 0.078125
0 0.4609375 0.6296875 0.0078125 0.0078125
2 0.478125 0.678125 0.0421875 0.1078125
0 0.478125 0.634375 0.0125 0.015625
2 0.5 0.6578125 0.0140625 0.05625
0 0.5 0.6359375 0.0046875 0.0046875
2 0.5171875 0.6671875 0.0265625 0.0859375
0 0.5203125 0.6328125 0.009375 0.0125
2 0.5046875 0.6640625 0.01875 0.0640625
0 0.5078125 0.6390625 0.0078125 0.009375
2 0.5421875 0.6703125 0.03125 0.0796875
0 0.54375 0.6359375 0.00625 0.0078125
2 0.5390625 0.6640625 0.028125 0.0796875
0 0.540625 0.63125 0.009375 0.0109375
2 0.546875 0.665625 0.021875 0.071875
0 0.5421875 0.6375 0.0109375 0.009375
2 0.5640625 0.665625 0.0265625 0.0734375
0 0.5625 0.634375 0.0078125 0.0078125
2 0.5921875 0.68125 0.0375 0.0984375
0 0.5875 0.6390625 0.009375 0.0125
2 0.609375 0.6609375 0.0234375 0.06875
0 0.609375 0.6328125 0.009375 0.009375
2 0.6265625 0.6671875 0.028125 0.0796875
0 0.625 0.634375 0.009375 0.009375
2 0.646875 0.6703125 0.0265625 0.071875
0 0.64375 0.6421875 0.0109375 0.0125
2 0.6609375 0.6671875 0.0265625 0.0703125
0 0.6609375 0.6375 0.0078125 0.009375
2 0.6734375 0.6671875 0.040625 0.0765625
0 0.678125 0.634375 0.009375 0.0078125
2 0.69375 0.675 0.0296875 0.0890625
0 0.690625 0.6375 0.0109375 0.0109375
2 0.709375 0.6703125 0.0234375 0.0640625
0 0.703125 0.6453125 0.009375 0.009375
2 0.73125 0.6765625 0.028125 0.071875
0 0.7296875 0.646875 0.009375 0.009375
2 0.7421875 0.66875 0.021875 0.0640625
0 0.746875 0.64375 0.0078125 0.0109375
2 0.75625 0.68125 0.0296875 0.0859375
0 0.75625 0.6453125 0.0109375 0.0125
2 0.775 0.678125 0.03125 0.0890625
0 0.771875 0.640625 0.0109375 0.0109375
2 0.7921875 0.68125 0.0296875 0.0953125
0 0.7890625 0.64375 0.0140625 0.015625
2 0.7859375 0.7125 0.0828125 0.1421875
0 0.759375 0.6546875 0.0171875 0.0203125
0 0.815625 0.634375 0.0328125 0.03125
2 0.803125 0.678125 0.0296875 0.084375
0 0.803125 0.6453125 0.009375 0.0109375
2 0.8515625 0.6859375 0.0484375 0.096875
0 0.8453125 0.646875 0.0140625 0.015625
2 0.8859375 0.6875 0.0609375 0.115625
0 0.8734375 0.6390625 0.015625 0.015625
2 0.9453125 0.715625 0.078125 0.16875
0 0.9296875 0.64375 0.0203125 0.0203125
2 0.9109375 0.6890625 0.0484375 0.1015625
0 0.9015625 0.6484375 0.015625 0.015625
0 0.9859375 0.64375 0.01875 0.0203125
2 0.975 0.696875 0.040625 0.10625
0 0.965625 0.653125 0.0125 0.0140625