2 0.109375 0.5765625 0.1921875 0.2484375
0 0.1046875 0.4859375 0.0453125 0.0609375
2 0.3328125 0.571875 0.13125 0.2234375
0 0.309375 0.4890625 0.040625 0.053125
2 0.4203125 0.5328125 0.1078125 0.1625
0 0.40625 0.4796875 0.028125 0.0328125
2 0.5296875 0.5921875 0.1578125 0.23125
0 0.5046875 0.5046875 0.0453125 0.053125
2 0.5640625 0.5453125 0.13125 0.184375
0 0.534375 0.475 0.03125 0.040625
2 0.7484375 0.559375 0.1359375 0.175
0 0.7578125 0.49375 0.03125 0.0375
2 0.9140625 0.5703125 0.15625 0.209375
0 0.9609375 0.4859375 0.040625 0.0390625
0 0.9296875 0.3875 0.05 0.0578125
2 0.859375 0.4890625 0.040625 0.0703125
0 0.85625 0.4609375 0.0109375 0.009375
2 0.8703125 0.4859375 0.03125 0.0671875
0 0.86875 0.4609375 0.0140625 0.0140625
2 0.7140625 0.4796875 0.0453125 0.1
0 0.715625 0.4375 0.015625 0.0140625
2 0.6578125 0.478125 0.04375 0.0671875
0 0.6578125 0.45 0.0125 0.0125
2 0.58125 0.4671875 0.0453125 0.059375
0 0.5984375 0.4453125 0.0125 0.0125
2 0.4 0.45625 0.04375 0.140625
0 0.3875 0.396875 0.015625 0.0203125
2 0.36875 0.459375 0.040625 0.13125
0 0.36875 0.4046875 0.0171875 0.01875
2 0.3328125 0.453125 0.0359375 0.10625
0 0.325 0.4078125 0.0125 0.0140625
2 0.2796875 0.453125 0.0578125 0.140625
0 0.28125 0.39375 0.015625 0.021875
2 0.0296875 0.440625 0.0421875 0.128125
0 0.0234375 0.390625 0.01875 0.0203125
2 0.0109375 0.3171875 0.0203125 0.0671875
0 0.003125 0.296875 0.00625 0.009375