2 0.0234375 0.475 0.0453125 0.159375
0 0.015625 0.4140625 0.0265625 0.0265625
2 0.0984375 0.4828125 0.071875 0.178125
0 0.0921875 0.4109375 0.0265625 0.0265625
2 0.178125 0.4859375 0.0703125 0.1984375
0 0.171875 0.4046875 0.03125 0.028125
2 0.146875 0.4578125 0.0734375 0.184375
0 0.1296875 0.3875 0.0328125 0.0296875
2 0.2296875 0.4546875 0.075 0.1578125
0 0.24375 0.390625 0.01875 0.025
2 0.2625 0.4859375 0.059375 0.1765625
0 0.253125 0.415625 0.0265625 0.0296875
2 0.31875 0.4765625 0.0734375 0.1734375
0 0.30625 0.409375 0.0265625 0.03125
2 0.2953125 0.4734375 0.040625 0.1515625
0 0.2875 0.4078125 0.015625 0.0171875
2 0.2875 0.4609375 0.04375 0.13125
0 0.2875 0.4078125 0.015625 0.0203125
2 0.3453125 0.4625 0.05 0.1421875
0 0.34375 0.40625 0.0203125 0.0234375
2 0.390625 0.4765625 0.053125 0.1703125
0 0.390625 0.40625 0.0203125 0.025
2 0.3984375 0.4578125 0.040625 0.134375
0 0.3984375 0.4046875 0.0203125 0.021875
2 0.409375 0.4421875 0.0359375 0.115625
0 0.4078125 0.396875 0.015625 0.0203125
2 0.4390625 0.4546875 0.059375 0.1515625
0 0.4375 0.39375 0.0203125 0.025
2 0.4671875 0.4546875 0.046875 0.1515625
0 0.46875 0.3921875 0.0171875 0.021875
2 0.453125 0.45 0.0375 0.140625
0 0.453125 0.3921875 0.015625 0.0203125
2 0.496875 0.46875 0.0546875 0.1625
0 0.5 0.4046875 0.0171875 0.0234375
2 0.546875 0.4625 0.0640625 0.1703125
0 0.5421875 0.3953125 0.0203125 0.0296875
2 0.528125 0.4484375 0.04375 0.134375
0 0.528125 0.396875 0.0125 0.025
2 0.59375 0.46875 0.05625 0.171875
0 0.59375 0.3984375 0.021875 0.0265625
2 0.615625 0.428125 0.028125 0.0984375
0 0.6140625 0.3875 0.0125 0.0171875
2 0.6265625 0.475 0.06875 0.1734375
0 0.634375 0.403125 0.0203125 0.028125
2 0.6671875 0.4546875 0.059375 0.171875
0 0.6671875 0.384375 0.0171875 0.0234375
2 0.6609375 0.4390625 0.03125 0.1171875
0 0.65625 0.3921875 0.015625 0.021875
2 0.671875 0.4859375 0.0734375 0.1703125
0 0.678125 0.41875 0.021875 0.028125
2 0.7296875 0.471875 0.0640625 0.2046875
0 0.7328125 0.3890625 0.0265625 0.03125
2 0.7984375 0.4828125 0.075 0.2
0 0.796875 0.4046875 0.0265625 0.0359375
2 0.8609375 0.4828125 0.06875 0.2140625
0 0.865625 0.396875 0.0296875 0.034375
2 0.9109375 0.4484375 0.0484375 0.078125
0 0.909375 0.421875 0.0171875 0.0203125