2 0.21875 0.5140625 0.1328125 0.3359375
0 0.23125 0.3796875 0.0421875 0.0453125
2 0.3171875 0.5125 0.1609375 0.3296875
0 0.3203125 0.3859375 0.040625 0.040625
2 0.4046875 0.484375 0.1171875 0.3640625
0 0.4125 0.3640625 0.0390625 0.0375
2 0.4953125 0.484375 0.1203125 0.3640625
0 0.4890625 0.3421875 0.0390625 0.04375
2 0.59375 0.4953125 0.1234375 0.365625
0 0.596875 0.353125 0.04375 0.0484375
2 0.703125 0.50625 0.1328125 0.3515625
0 0.6953125 0.3578125 0.040625 0.04375
2 0.321875 0.6328125 0.1203125 0.221875
0 0.325 0.565625 0.046875 0.0546875
2 0.4484375 0.609375 0.1140625 0.2359375
0 0.4421875 0.5390625 0.040625 0.04375
2 0.796875 0.4578125 0.03125 0.065625
0 0.796875 0.4296875 0.0078125 0.009375
2 0.778125 0.45625 0.021875 0.06875
0 0.7796875 0.4296875 0.0078125 0.009375