0 0.2109375 0.3671875 0.0953125 0.1015625
0 0.209375 0.3671875 0.096875 0.1
0 0.384375 0.409375 0.078125 0.0984375
0 0.4375 0.3953125 0.06875 0.0796875
0 0.596875 0.3890625 0.0953125 0.096875
0 0.5203125 0.390625 0.0609375 0.0796875
0 0.175 0.371875 0.0640625 0.06875
0 0.325 0.365625 0.071875 0.090625
0 0.3859375 0.4078125 0.0671875 0.0921875
0 0.675 0.4015625 0.053125 0.0703125
0 0.871875 0.3796875 0.08125 0.075
0 0.9109375 0.4140625 0.0765625 0.096875
0 0.8265625 0.4 0.05625 0.075
0 0.7328125 0.384375 0.084375 0.096875
0 0.7328125 0.375 0.08125 0.0828125