2 0.8265625 0.521875 0.1546875 0.375
0 0.8390625 0.3703125 0.046875 0.0546875
0 0.5640625 0.3828125 0.0703125 0.0734375
0 0.3859375 0.3828125 0.0734375 0.0875
0 0.4609375 0.40625 0.0578125 0.06875
0 0.190625 0.4 0.0859375 0.0796875
0 0.140625 0.3671875 0.06875 0.0734375
2 0.4984375 0.540625 0.115625 0.4203125
0 0.4953125 0.3734375 0.0515625 0.0609375
2 0.29375 0.575 0.1703125 0.4828125
0 0.3015625 0.3765625 0.0640625 0.078125
2 0.1046875 0.559375 0.1140625 0.4109375
0 0.1078125 0.38125 0.0359375 0.0421875
2 0.028125 0.578125 0.05625 0.490625
0 0.0171875 0.371875 0.0328125 0.0671875