2 0.040625 0.540625 0.06875 0.2
0 0.034375 0.4578125 0.028125 0.0296875
2 0.0671875 0.5078125 0.0421875 0.1171875
0 0.0640625 0.4625 0.0125 0.0171875
2 0.0671875 0.5203125 0.0359375 0.1046875
0 0.065625 0.48125 0.01875 0.0234375
2 0.128125 0.5046875 0.0453125 0.11875
0 0.1296875 0.45625 0.0140625 0.0171875
2 0.121875 0.5328125 0.059375 0.084375
0 0.1234375 0.503125 0.0171875 0.0203125
2 0.215625 0.5515625 0.1015625 0.26875
0 0.228125 0.440625 0.0265625 0.034375
2 0.2390625 0.5578125 0.090625 0.2703125
0 0.2390625 0.4453125 0.0328125 0.0328125
2 0.2609375 0.5453125 0.084375 0.1734375
0 0.25625 0.4734375 0.0203125 0.0265625
2 0.3515625 0.596875 0.146875 0.278125
0 0.325 0.484375 0.034375 0.0390625
2 0.3046875 0.503125 0.0546875 0.1515625
0 0.3125 0.44375 0.01875 0.0234375
2 0.3625 0.5328125 0.0515625 0.1359375
0 0.3609375 0.478125 0.0203125 0.0203125
2 0.3875 0.5078125 0.0453125 0.134375
0 0.384375 0.453125 0.015625 0.01875
2 0.409375 0.5203125 0.04375 0.1265625
0 0.4140625 0.46875 0.015625 0.0171875
2 0.440625 0.5140625 0.075 0.190625
0 0.4421875 0.4359375 0.01875 0.0234375
2 0.4375 0.4734375 0.0484375 0.1265625
0 0.434375 0.4203125 0.0109375 0.015625
2 0.4796875 0.51875 0.0421875 0.1109375
0 0.484375 0.475 0.0171875 0.0203125
2 0.525 0.509375 0.046875 0.134375
0 0.525 0.45 0.0140625 0.0140625
2 0.659375 0.5046875 0.046875 0.1390625
0 0.6578125 0.4515625 0.01875 0.0234375
2 0.75625 0.49375 0.0640625 0.1734375
0 0.759375 0.421875 0.0171875 0.021875
2 0.8296875 0.5015625 0.046875 0.159375
0 0.8296875 0.4328125 0.0171875 0.01875
2 0.878125 0.5390625 0.096875 0.2453125
0 0.8734375 0.4359375 0.025 0.034375
2 0.8921875 0.5109375 0.0578125 0.2046875
0 0.8921875 0.428125 0.0328125 0.0328125
2 0.5890625 0.578125 0.1609375 0.50625
0 0.5703125 0.3546875 0.0453125 0.0515625
2 0.775 0.5609375 0.0875 0.3265625
0 0.78125 0.4203125 0.0390625 0.0390625