2 0.2109375 0.8375 0.0875 0.2640625
0 0.196875 0.7203125 0.0265625 0.0265625
0 0.28125 0.7078125 0.053125 0.0640625
0 0.26875 0.7015625 0.0359375 0.040625
2 0.353125 0.8171875 0.1 0.309375
0 0.3296875 0.6890625 0.034375 0.04375
2 0.41875 0.7890625 0.1109375 0.284375
0 0.3953125 0.6671875 0.0296875 0.034375
2 0.4984375 0.8234375 0.096875 0.3296875
0 0.5203125 0.684375 0.0296875 0.034375
0 0.61875 0.7140625 0.0375 0.0453125
2 0.6328125 0.803125 0.090625 0.340625
0 0.61875 0.6609375 0.0359375 0.04375
2 0.678125 0.7890625 0.0828125 0.2828125
0 0.6671875 0.6640625 0.034375 0.0296875
2 0.5671875 0.74375 0.0671875 0.2015625
0 0.56875 0.659375 0.025 0.028125
2 0.428125 0.6875 0.046875 0.1234375
0 0.428125 0.6390625 0.01875 0.0234375
2 0.4484375 0.7078125 0.0609375 0.1546875
0 0.44375 0.64375 0.0203125 0.028125
2 0.390625 0.7078125 0.05625 0.1546875
0 0.396875 0.6453125 0.0203125 0.021875
2 0.3453125 0.715625 0.0640625 0.1421875
0 0.328125 0.6578125 0.025 0.021875