2 0.359375 0.6828125 0.11875 0.2
0 0.34375 0.6078125 0.065625 0.046875
2 0.4640625 0.66875 0.10625 0.19375
0 0.4890625 0.6078125 0.04375 0.0609375
2 0.3484375 0.4859375 0.10625 0.3453125
0 0.3625 0.346875 0.0421875 0.0546875
2 0.3984375 0.4734375 0.165625 0.3546875
0 0.428125 0.3265625 0.0390625 0.05625
2 0.521875 0.484375 0.1109375 0.353125
0 0.51875 0.3390625 0.0421875 0.0546875
2 0.6359375 0.484375 0.128125 0.3640625
0 0.6484375 0.334375 0.0390625 0.053125
2 0.7984375 0.509375 0.10625 0.36875
0 0.790625 0.35625 0.040625 0.0578125
2 0.8390625 0.546875 0.109375 0.4203125
0 0.821875 0.375 0.04375 0.071875
2 0.7484375 0.5375 0.1203125 0.3828125
0 0.753125 0.378125 0.04375 0.065625
2 0.75625 0.584375 0.1140625 0.334375
0 0.7578125 0.4515625 0.0453125 0.0640625
2 0.678125 0.525 0.1 0.378125
0 0.6734375 0.365625 0.0421875 0.05625
2 0.621875 0.5421875 0.13125 0.41875
0 0.6140625 0.36875 0.0453125 0.0625
2 0.5375 0.528125 0.1015625 0.375
0 0.5359375 0.3765625 0.0453125 0.0625
2 0.475 0.53125 0.13125 0.390625
0 0.4609375 0.371875 0.05 0.0609375
2 0.428125 0.54375 0.1953125 0.421875
0 0.409375 0.371875 0.04375 0.0640625