2 0.0203125 0.54375 0.040625 0.13125
0 0.0140625 0.49375 0.0125 0.0171875
2 0.0640625 0.5203125 0.0375 0.096875
0 0.0578125 0.48125 0.0109375 0.0125
2 0.06875 0.50625 0.025 0.0625
0 0.0671875 0.48125 0.009375 0.009375
2 0.1125 0.5046875 0.0296875 0.0640625
0 0.10625 0.4796875 0.0078125 0.0109375
2 0.134375 0.4921875 0.01875 0.053125
0 0.134375 0.4703125 0.00625 0.00625
2 0.159375 0.4953125 0.0265625 0.0546875
0 0.1640625 0.4734375 0.009375 0.0078125
2 0.16875 0.496875 0.0265625 0.0640625
0 0.1640625 0.4734375 0.009375 0.009375
2 0.196875 0.4796875 0.01875 0.0515625
0 0.1953125 0.459375 0.00625 0.00625
2 0.2609375 0.496875 0.0265625 0.071875
0 0.2609375 0.46875 0.009375 0.0109375
2 0.2671875 0.5078125 0.0328125 0.0375
0 0.2671875 0.496875 0.00625 0.009375
2 0.284375 0.4765625 0.01875 0.0484375
0 0.284375 0.45625 0.00625 0.00625
2 0.296875 0.471875 0.01875 0.046875
0 0.2953125 0.453125 0.00625 0.0078125
2 0.3921875 0.45625 0.0125 0.0265625
0 0.3921875 0.446875 0.0046875 0.0046875
2 0.409375 0.4546875 0.009375 0.025
0 0.4109375 0.4453125 0.003125 0.003125
2 0.440625 0.46875 0.0203125 0.046875
0 0.440625 0.45 0.00625 0.00625
2 0.4234375 0.4703125 0.0171875 0.046875
0 0.4265625 0.4515625 0.00625 0.0078125
2 0.484375 0.45625 0.0140625 0.03125
0 0.4859375 0.44375 0.0046875 0.0046875
2 0.5 0.4578125 0.009375 0.0265625
0 0.5015625 0.4484375 0.0046875 0.0046875
2 0.54375 0.4609375 0.0203125 0.046875
0 0.5421875 0.4421875 0.00625 0.00625
2 0.609375 0.459375 0.0109375 0.0390625
0 0.609375 0.44375 0.00625 0.00625
2 0.6578125 0.471875 0.01875 0.0203125
0 0.6578125 0.465625 0.0046875 0.0046875
2 0.6953125 0.4734375 0.0296875 0.025
0 0.7 0.465625 0.00625 0.00625
2 0.740625 0.459375 0.0125 0.034375
0 0.740625 0.446875 0.0046875 0.0046875
2 0.7765625 0.4921875 0.0296875 0.040625
0 0.7671875 0.478125 0.0078125 0.009375
2 0.7453125 0.4796875 0.01875 0.053125
0 0.75 0.459375 0.0078125 0.009375
2 0.8671875 0.475 0.01875 0.059375
0 0.8703125 0.4515625 0.00625 0.009375
2 0.8953125 0.4953125 0.0296875 0.0796875
0 0.8953125 0.4640625 0.0125 0.0125
2 0.9234375 0.4796875 0.01875 0.0515625
0 0.9234375 0.4609375 0.009375 0.009375
2 0.9125 0.48125 0.0203125 0.0546875
0 0.915625 0.4609375 0.00625 0.0078125
2 0.9515625 0.509375 0.046875 0.0953125
0 0.9609375 0.4703125 0.0109375 0.0125
2 0.98125 0.509375 0.0296875 0.090625
0 0.98125 0.4734375 0.0125 0.0140625
0 0.4859375 0.621875 0.1171875 0.16875
0 0.615625 0.6046875 0.1359375 0.1765625