2 0.865625 0.5171875 0.125 0.46875
0 0.871875 0.3234375 0.05625 0.071875
2 0.759375 0.490625 0.159375 0.484375
0 0.759375 0.2859375 0.0609375 0.0671875
2 0.6375 0.571875 0.1328125 0.390625
0 0.634375 0.41875 0.05 0.0703125
2 0.5296875 0.559375 0.13125 0.396875
0 0.528125 0.403125 0.05625 0.071875
2 0.409375 0.5671875 0.125 0.384375
0 0.4125 0.4109375 0.05625 0.0671875
2 0.30625 0.55625 0.121875 0.396875
0 0.3078125 0.3953125 0.0625 0.0671875
2 0.1921875 0.56875 0.125 0.3875
0 0.196875 0.4109375 0.0484375 0.0671875
2 0.1390625 0.4953125 0.1640625 0.49375
0 0.140625 0.2859375 0.0546875 0.0671875
2 0.2359375 0.5125 0.125 0.4375
0 0.2359375 0.3296875 0.046875 0.0609375
2 0.3375 0.509375 0.1125 0.43125
0 0.3328125 0.3296875 0.0390625 0.053125
2 0.4265625 0.5 0.1484375 0.4453125
0 0.4296875 0.3125 0.0484375 0.059375
2 0.5328125 0.503125 0.1171875 0.4484375
0 0.5328125 0.3125 0.046875 0.05625
2 0.634375 0.5109375 0.128125 0.4484375
0 0.63125 0.3265625 0.05 0.059375