2 0.7 0.690625 0.3234375 0.2671875
0 0.803125 0.603125 0.053125 0.0703125
2 0.5953125 0.6859375 0.1890625 0.25625
0 0.578125 0.5984375 0.0515625 0.0703125
2 0.371875 0.703125 0.3453125 0.2609375
0 0.2953125 0.6171875 0.0640625 0.08125
2 0.221875 0.5875 0.1921875 0.33125
0 0.23125 0.4609375 0.0578125 0.0671875
2 0.340625 0.575 0.140625 0.3234375
0 0.3359375 0.453125 0.0484375 0.0703125
2 0.4515625 0.58125 0.1296875 0.3234375
0 0.453125 0.4546875 0.0453125 0.0640625
2 0.55625 0.5765625 0.140625 0.3359375
0 0.5546875 0.4453125 0.04375 0.0625
2 0.65625 0.5734375 0.140625 0.3453125
0 0.659375 0.4453125 0.0546875 0.0703125
2 0.7890625 0.578125 0.1703125 0.33125
0 0.7765625 0.45 0.059375 0.0703125
2 0.615625 0.4515625 0.1671875 0.4328125
0 0.6015625 0.2734375 0.05625 0.071875
2 0.5046875 0.45625 0.1296875 0.4234375
0 0.509375 0.2828125 0.0484375 0.0640625
2 0.4671875 0.465625 0.2 0.4390625
0 0.4359375 0.2828125 0.05 0.0625
2 0.3359375 0.45 0.134375 0.4359375
0 0.346875 0.271875 0.0515625 0.0703125
2 0.825 0.403125 0.071875 0.1640625
0 0.825 0.3390625 0.0265625 0.028125
2 0.2125 0.3171875 0.0546875 0.1125
0 0.2109375 0.2734375 0.0171875 0.01875
2 0.546875 0.3203125 0.040625 0.0921875
0 0.553125 0.284375 0.0203125 0.0171875
2 0.4765625 0.3140625 0.0390625 0.13125
0 0.484375 0.2640625 0.0203125 0.0265625
2 0.45625 0.340625 0.059375 0.1859375
0 0.4609375 0.26875 0.028125 0.0359375
2 0.375 0.35 0.0625 0.221875
0 0.375 0.2578125 0.0234375 0.0328125
2 0.390625 0.353125 0.059375 0.20625
0 0.39375 0.26875 0.0296875 0.03125
2 0.3203125 0.3765625 0.08125 0.2390625
0 0.3046875 0.271875 0.025 0.0265625
2 0.3109375 0.365625 0.0640625 0.2328125
0 0.31875 0.278125 0.0234375 0.03125
2 0.2921875 0.359375 0.0796875 0.2578125
0 0.2890625 0.25 0.0265625 0.0328125
2 0.2359375 0.3703125 0.06875 0.2265625
0 0.2328125 0.275 0.025 0.0328125
2 0.2515625 0.4078125 0.0859375 0.2578125
0 0.246875 0.303125 0.0359375 0.0375
2 0.14375 0.3796875 0.06875 0.2296875
0 0.1484375 0.284375 0.034375 0.0328125
2 0.0703125 0.3921875 0.1390625 0.2734375
0 0.1015625 0.275 0.0359375 0.0390625
2 0.059375 0.3875 0.0828125 0.26875
0 0.0671875 0.278125 0.0359375 0.040625
2 0.678125 0.31875 0.059375 0.159375
0 0.675 0.2546875 0.01875 0.0234375
2 0.6953125 0.3765625 0.0796875 0.1671875
0 0.684375 0.3078125 0.025 0.025