0 0.95 0.615625 0.0609375 0.065625
0 0.8546875 0.6109375 0.0546875 0.059375
0 0.946875 0.615625 0.0671875 0.06875
0 0.971875 0.596875 0.0390625 0.05625
0 0.790625 0.621875 0.05 0.06875
0 0.6796875 0.584375 0.0421875 0.0453125
0 0.5078125 0.709375 0.0625 0.0765625
0 0.275 0.7 0.08125 0.10625
0 0.2140625 0.7171875 0.059375 0.078125
0 0.0171875 0.6671875 0.0328125 0.08125
0 0.1671875 0.6078125 0.046875 0.06875
0 0.0109375 0.6296875 0.021875 0.053125
0 0.0734375 0.6125 0.0453125 0.05625
0 0.04375 0.6171875 0.0375 0.0453125
0 0.121875 0.5953125 0.0390625 0.0375
0 0.2390625 0.64375 0.046875 0.0546875
0 0.203125 0.5953125 0.0390625 0.0546875
2 0.025 0.6421875 0.05 0.1984375
0 0.0140625 0.56015625 0.028125 0.0328125
2 0.0515625 0.6421875 0.0546875 0.2046875
0 0.0375 0.5578125 0.021875 0.03125
2 0.0953125 0.6546875 0.0578125 0.2265625
0 0.096875 0.565625 0.0375 0.040625
2 0.103125 0.5640625 0.0546875 0.1
0 0.1015625 0.53125 0.021875 0.0234375
2 0.0171875 0.559375 0.0328125 0.1015625
0 0.021875 0.5265625 0.0265625 0.0265625
2 0.0390625 0.559375 0.028125 0.090625
0 0.0359375 0.5328125 0.0171875 0.01875
2 0.1546875 0.5859375 0.0671875 0.14375
0 0.1578125 0.5359375 0.03125 0.0359375
2 0.2 0.553125 0.046875 0.1
0 0.196875 0.5203125 0.0171875 0.021875
2 0.21875 0.596875 0.0421875 0.134375
0 0.228125 0.55625 0.0265625 0.028125
2 0.2765625 0.6046875 0.05625 0.14375
0 0.271875 0.553125 0.0328125 0.0375
2 0.2671875 0.5640625 0.0421875 0.121875
0 0.2703125 0.51875 0.0203125 0.021875
2 0.34375 0.5703125 0.05 0.134375
0 0.3359375 0.5203125 0.025 0.0265625
2 0.3140625 0.5484375 0.0390625 0.103125
0 0.3078125 0.5109375 0.0203125 0.01875
2 0.31875 0.6046875 0.0796875 0.1734375
0 0.3046875 0.5546875 0.0328125 0.04375
0 0.3390625 0.596875 0.0390625 0.0515625
2 0.3875 0.65625 0.0859375 0.2234375
0 0.371875 0.5671875 0.0390625 0.040625
0 0.415625 0.5953125 0.05 0.0609375
2 0.4265625 0.58125 0.0640625 0.1203125
0 0.425 0.54375 0.0234375 0.034375
2 0.41875 0.5625 0.0640625 0.1203125
0 0.421875 0.51875 0.0234375 0.0265625
0 0.478125 0.584375 0.0375 0.05625
0 0.446875 0.6328125 0.06875 0.06875
2 0.46875 0.590625 0.046875 0.1171875
0 0.471875 0.546875 0.0203125 0.0265625
2 0.471875 0.5578125 0.0359375 0.1234375
0 0.4640625 0.5078125 0.0171875 0.0171875
2 0.525 0.6203125 0.078125 0.2109375
0 0.51875 0.5359375 0.0296875 0.0328125
2 0.5484375 0.571875 0.0421875 0.1296875
0 0.5546875 0.5234375 0.021875 0.0234375
2 0.5 0.5359375 0.0328125 0.0859375
0 0.5 0.509375 0.0171875 0.0171875
0 0.571875 0.5765625 0.0359375 0.05
2 0.5796875 0.625 0.0734375 0.221875
0 0.5734375 0.53125 0.028125 0.0296875
2 0.6109375 0.6015625 0.0546875 0.1984375
0 0.61875 0.5203125 0.0234375 0.025
2 0.6421875 0.63125 0.0578125 0.209375
0 0.640625 0.5484375 0.0296875 0.03125
2 0.65625 0.5859375 0.040625 0.15625
0 0.653125 0.525 0.0203125 0.0265625
2 0.71875 0.6390625 0.065625 0.2125
0 0.7078125 0.5515625 0.0359375 0.0359375
2 0.76875 0.6203125 0.1578125 0.2875
0 0.753125 0.53125 0.0296875 0.03125
2 0.7640625 0.4765625 0.021875 0.0734375
0 0.7625 0.45 0.0109375 0.0125
2 0.78125 0.4734375 0.0421875 0.0875
0 0.7890625 0.446875 0.0125 0.0125
2 0.815625 0.4828125 0.0296875 0.071875
0 0.815625 0.4546875 0.0125 0.0109375
2 0.8421875 0.478125 0.028125 0.078125
0 0.8390625 0.4484375 0.015625 0.015625
2 0.8828125 0.48125 0.0375 0.078125
0 0.878125 0.4546875 0.0125 0.0125
0 0.984375 0.5296875 0.0296875 0.03125
2 0.9171875 0.6078125 0.0453125 0.15
0 0.9171875 0.5484375 0.021875 0.0265625
2 0.934375 0.603125 0.0453125 0.178125
0 0.93125 0.5296875 0.0234375 0.0296875
2 0.8890625 0.578125 0.0453125 0.1375
0 0.89375 0.5265625 0.0203125 0.0265625
2 0.85625 0.5984375 0.0515625 0.1515625
0 0.8546875 0.5421875 0.0171875 0.0234375
2 0.8140625 0.5875 0.0671875 0.1796875
0 0.8140625 0.528125 0.0265625 0.0359375
2 0.0515625 0.5515625 0.0453125 0.103125
0 0.046875 0.5140625 0.01875 0.0203125
2 0.08125 0.553125 0.0546875 0.0921875
0 0.08125 0.521875 0.0203125 0.025
2 0.2296875 0.6421875 0.1109375 0.1859375
0 0.2421875 0.5765625 0.0359375 0.0484375