2 0.0703125 0.671875 0.109375 0.3046875
0 0.05625 0.546875 0.0421875 0.046875
0 0.11875 0.625 0.0609375 0.0609375
0 0.25625 0.571875 0.0390625 0.0484375
2 0.4328125 0.621875 0.090625 0.2015625
0 0.43125 0.5375 0.025 0.028125
2 0.521875 0.659375 0.0828125 0.2421875
0 0.521875 0.559375 0.0296875 0.0328125
2 0.5859375 0.6703125 0.090625 0.284375
0 0.5796875 0.553125 0.03125 0.0390625
0 0.5921875 0.578125 0.046875 0.0484375
2 0.7078125 0.621875 0.065625 0.1796875
0 0.703125 0.55 0.0234375 0.0296875
2 0.690625 0.5890625 0.0484375 0.140625
0 0.69375 0.5359375 0.01875 0.021875
2 0.74375 0.578125 0.05 0.125
0 0.746875 0.528125 0.0125 0.0140625
2 0.775 0.5765625 0.0578125 0.15
0 0.7703125 0.5140625 0.015625 0.01875
2 0.809375 0.578125 0.0453125 0.1359375
0 0.81875 0.525 0.0171875 0.0203125
2 0.825 0.590625 0.0640625 0.1765625
0 0.828125 0.51875 0.021875 0.025
2 0.878125 0.646875 0.096875 0.2515625
0 0.884375 0.5390625 0.028125 0.03125
2 0.89375 0.590625 0.0890625 0.2046875
0 0.8859375 0.503125 0.021875 0.0265625
2 0.934375 0.578125 0.0484375 0.1296875
0 0.93125 0.525 0.0140625 0.0171875
2 0.978125 0.559375 0.025 0.08125
0 0.9796875 0.51875 0.009375 0.0109375
0 0.990625 0.53125 0.0109375 0.0125
2 0.9625 0.5546875 0.01875 0.0875
0 0.9609375 0.521875 0.0125 0.0140625
2 0.225 0.56875 0.0234375 0.0546875
0 0.228125 0.5484375 0.009375 0.009375
2 0.2109375 0.5703125 0.021875 0.053125
0 0.215625 0.5484375 0.00625 0.00625
2 0.2 0.571875 0.0140625 0.0578125
0 0.20625 0.55 0.0078125 0.009375
2 0.3359375 0.565625 0.021875 0.0625
0 0.3375 0.5421875 0.0078125 0.009375