2 0.096875 0.5640625 0.1921875 0.3375
0 0.1421875 0.4328125 0.071875 0.0703125
0 0.2015625 0.490625 0.0703125 0.0796875
2 0.215625 0.515625 0.103125 0.2546875
0 0.2359375 0.4296875 0.0484375 0.0609375
2 0.225 0.453125 0.1265625 0.28125
0 0.2078125 0.34375 0.05 0.0546875
2 0.2578125 0.40625 0.075 0.2015625
0 0.2640625 0.334375 0.0375 0.046875
2 0.31875 0.409375 0.0921875 0.2078125
0 0.3234375 0.3328125 0.0359375 0.0515625
2 0.3015625 0.521875 0.1046875 0.29375
0 0.303125 0.421875 0.053125 0.0640625
2 0.3578125 0.4953125 0.0921875 0.2109375
0 0.3578125 0.4234375 0.0421875 0.05625
2 0.3609375 0.4203125 0.0796875 0.1890625
0 0.3703125 0.3546875 0.0359375 0.046875
2 0.4125 0.4515625 0.084375 0.2140625
0 0.4171875 0.371875 0.0328125 0.0453125
2 0.4125 0.5421875 0.1171875 0.246875
0 0.40625 0.4546875 0.0484375 0.0640625
2 0.4359375 0.4828125 0.06875 0.1921875
0 0.434375 0.4234375 0.0375 0.046875
0 0.3375 0.475 0.0640625 0.0890625
2 0.48125 0.4296875 0.0734375 0.1546875
0 0.478125 0.3828125 0.03125 0.0375
2 0.471875 0.4859375 0.084375 0.1859375
0 0.4765625 0.41875 0.034375 0.046875
0 0.496875 0.496875 0.0625 0.0796875
2 0.5265625 0.4421875 0.0796875 0.18125
0 0.5234375 0.3828125 0.0359375 0.05
2 0.546875 0.4984375 0.1078125 0.2265625
0 0.55 0.425 0.046875 0.0640625
2 0.5984375 0.4765625 0.0765625 0.1703125
0 0.5953125 0.4234375 0.0375 0.053125
2 0.5859375 0.409375 0.0921875 0.196875
0 0.58125 0.3375 0.034375 0.046875
2 0.6421875 0.4265625 0.096875 0.2109375
0 0.64375 0.3515625 0.0375 0.046875
2 0.6625 0.51875 0.1015625 0.209375
0 0.64375 0.45 0.05 0.065625
0 0.615625 0.4921875 0.0546875 0.071875
2 0.690625 0.4375 0.071875 0.259375
0 0.6859375 0.334375 0.0375 0.0484375
2 0.740625 0.421875 0.0875 0.253125
0 0.728125 0.3265625 0.0375 0.0484375
2 0.803125 0.4578125 0.1234375 0.3359375
0 0.7796875 0.3203125 0.046875 0.0546875
2 0.753125 0.5328125 0.121875 0.3
0 0.759375 0.41875 0.046875 0.0625
2 0.8890625 0.5328125 0.171875 0.3609375
0 0.8640625 0.390625 0.0640625 0.071875
0 0.8390625 0.5375 0.0796875 0.075
0 0.7328125 0.515625 0.059375 0.078125