2 0.0734375 0.584375 0.14375 0.3546875
0 0.0921875 0.4359375 0.0390625 0.05
2 0.14375 0.540625 0.0796875 0.321875
0 0.1390625 0.40625 0.0390625 0.046875
2 0.20625 0.5640625 0.09375 0.3140625
0 0.2078125 0.434375 0.040625 0.0484375
0 0.2609375 0.55 0.0484375 0.0546875
2 0.3453125 0.6296875 0.084375 0.2359375
0 0.3375 0.55 0.0453125 0.0546875
2 0.4078125 0.621875 0.084375 0.221875
0 0.409375 0.5390625 0.046875 0.0515625
2 0.4734375 0.6296875 0.0828125 0.2140625
0 0.471875 0.55 0.0359375 0.0515625
2 0.5421875 0.628125 0.075 0.21875
0 0.5375 0.5453125 0.040625 0.0515625
2 0.5984375 0.61875 0.071875 0.2046875
0 0.596875 0.5421875 0.040625 0.0484375
2 0.6640625 0.6328125 0.084375 0.21875
0 0.66875 0.5515625 0.04375 0.0515625
2 0.7453125 0.68125 0.1640625 0.1875
0 0.7625 0.6203125 0.0484375 0.059375
2 0.7984375 0.621875 0.096875 0.2234375
0 0.7953125 0.540625 0.0421875 0.05625
2 0.85625 0.60625 0.078125 0.2234375
0 0.8625 0.51875 0.046875 0.0453125
2 0.9359375 0.6140625 0.1109375 0.2328125
0 0.9328125 0.528125 0.05 0.0546875
2 0.86875 0.53125 0.071875 0.18125
0 0.8703125 0.46875 0.0328125 0.0375
2 0.8140625 0.5296875 0.0671875 0.1859375
0 0.821875 0.459375 0.028125 0.0390625
2 0.7375 0.51875 0.090625 0.2515625
0 0.740625 0.4296875 0.034375 0.046875
2 0.6640625 0.5328125 0.078125 0.2140625
0 0.6578125 0.4484375 0.03125 0.034375
2 0.5734375 0.5390625 0.078125 0.203125
0 0.5703125 0.4625 0.028125 0.0390625
2 0.525 0.5265625 0.0625 0.2234375
0 0.525 0.4515625 0.028125 0.0375
2 0.4734375 0.521875 0.078125 0.221875
0 0.4703125 0.434375 0.0359375 0.04375
2 0.4 0.5203125 0.09375 0.215625
0 0.415625 0.4375 0.0296875 0.0453125
2 0.3734375 0.50625 0.065625 0.1953125
0 0.36875 0.4296875 0.028125 0.0390625
2 0.328125 0.515625 0.0734375 0.2078125
0 0.3234375 0.4328125 0.0328125 0.040625
2 0.2765625 0.521875 0.0796875 0.234375
0 0.2765625 0.43125 0.040625 0.05
2 0.4078125 0.4625 0.05625 0.165625
0 0.4046875 0.3984375 0.0296875 0.034375
2 0.46875 0.4515625 0.08125 0.1859375
0 0.4703125 0.38125 0.0328125 0.0390625
2 0.5578125 0.465625 0.0796875 0.2078125
0 0.55625 0.3828125 0.028125 0.0328125
2 0.6296875 0.475 0.078125 0.2140625
0 0.6234375 0.3890625 0.028125 0.0328125
2 0.6921875 0.4953125 0.0625 0.2171875
0 0.69375 0.40625 0.028125 0.0328125
2 0.7734375 0.4859375 0.090625 0.234375
0 0.7640625 0.3953125 0.03125 0.040625
2 0.884375 0.478125 0.1328125 0.2796875
0 0.871875 0.36875 0.0375 0.0484375
2 0.81875 0.4359375 0.0375 0.1421875
0 0.821875 0.3796875 0.0265625 0.025
2 0.553125 0.5015625 0.059375 0.1640625
0 0.546875 0.4390625 0.0265625 0.0328125