2 0.8359375 0.628125 0.0796875 0.184375
0 0.828125 0.5515625 0.0234375 0.028125
2 0.7109375 0.6421875 0.1015625 0.2203125
0 0.7140625 0.55 0.0265625 0.0296875
2 0.703125 0.6234375 0.0625 0.1953125
0 0.6921875 0.546875 0.025 0.0296875
2 0.63125 0.6140625 0.0671875 0.165625
0 0.634375 0.5484375 0.0234375 0.0234375
2 0.5859375 0.6234375 0.09375 0.165625
0 0.575 0.55625 0.0203125 0.0265625
2 0.4015625 0.634375 0.10625 0.2171875
0 0.384375 0.5453125 0.0234375 0.03125
2 0.2609375 0.6375 0.1046875 0.2359375
0 0.2453125 0.5359375 0.0265625 0.0296875
2 0.1453125 0.628125 0.1 0.2828125
0 0.140625 0.5109375 0.0359375 0.0359375
2 0.0828125 0.625 0.0609375 0.1453125
0 0.096875 0.565625 0.0171875 0.021875
2 0.4140625 0.6125 0.090625 0.175
0 0.4296875 0.5390625 0.01875 0.025