2 0.8671875 0.409375 0.04375 0.121875
0 0.8625 0.359375 0.0125 0.015625
2 0.803125 0.4390625 0.04375 0.15625
0 0.8 0.3796875 0.021875 0.025
2 0.721875 0.4890625 0.234375 0.4578125
0 0.7078125 0.30625 0.059375 0.0765625
2 0.5984375 0.4171875 0.084375 0.128125
0 0.6140625 0.3671875 0.01875 0.021875
2 0.5640625 0.425 0.03125 0.128125
0 0.565625 0.3734375 0.015625 0.01875
2 0.540625 0.4171875 0.059375 0.128125
0 0.5296875 0.3671875 0.0171875 0.021875
2 0.490625 0.4375 0.0875 0.19375
0 0.49375 0.3625 0.0234375 0.034375
2 0.428125 0.41875 0.0734375 0.184375
0 0.4265625 0.3453125 0.021875 0.03125
2 0.4109375 0.4390625 0.084375 0.19375
0 0.409375 0.3578125 0.021875 0.028125
2 0.3671875 0.4296875 0.0578125 0.153125
0 0.3640625 0.36875 0.015625 0.021875
2 0.34375 0.43125 0.0359375 0.10625
0 0.3421875 0.3921875 0.0109375 0.01875
2 0.3234375 0.4296875 0.0375 0.10625
0 0.325 0.3859375 0.0125 0.0140625
2 0.2828125 0.4296875 0.08125 0.20625
0 0.278125 0.3484375 0.0265625 0.0328125
2 0.2421875 0.43125 0.065625 0.159375
0 0.24375 0.36875 0.021875 0.025
2 0.221875 0.4234375 0.040625 0.115625
0 0.2234375 0.378125 0.015625 0.01875
2 0.1578125 0.428125 0.08125 0.1640625
0 0.15 0.3640625 0.0203125 0.025
2 0.0875 0.4359375 0.09375 0.2375
0 0.09375 0.34375 0.0296875 0.0390625
2 0.040625 0.4296875 0.059375 0.1625
0 0.0375 0.3703125 0.0171875 0.021875