0 0.021875 0.2875 0.0421875 0.1171875
2 0.378125 0.51875 0.2953125 0.5890625
0 0.29375 0.284375 0.0875 0.1046875
2 0.48125 0.5296875 0.2609375 0.634375
0 0.425 0.2734375 0.0796875 0.109375
2 0.5375 0.284375 0.08125 0.1953125
0 0.528125 0.20625 0.021875 0.0296875
2 0.63125 0.21875 0.0265625 0.0765625
0 0.628125 0.190625 0.009375 0.0109375
2 0.64375 0.2421875 0.0328125 0.1375
0 0.64375 0.1875 0.0171875 0.01875
2 0.7 0.3453125 0.1453125 0.446875
0 0.690625 0.1640625 0.0609375 0.078125
2 0.7625 0.190625 0.0390625 0.10625
0 0.7625 0.146875 0.0140625 0.0125
2 0.83125 0.315625 0.1578125 0.4109375
0 0.821875 0.125 0.0546875 0.0296875
2 0.903125 0.171875 0.046875 0.1046875
0 0.9 0.128125 0.0140625 0.0109375
2 0.94375 0.203125 0.0734375 0.1703125
0 0.9375 0.134375 0.01875 0.0234375