2 0.0546875 0.5765625 0.109375 0.471875
0 0.0625 0.384375 0.0484375 0.0734375
2 0.15 0.565625 0.140625 0.4796875
0 0.1625 0.3609375 0.0515625 0.0640625
2 0.190625 0.5703125 0.140625 0.4375
0 0.2265625 0.3921875 0.0484375 0.0703125
2 0.25625 0.56875 0.1265625 0.4234375
0 0.2875 0.3921875 0.046875 0.0609375
2 0.3203125 0.5421875 0.1703125 0.4703125
0 0.346875 0.3796875 0.0453125 0.0578125
2 0.3921875 0.546875 0.1796875 0.4546875
0 0.4296875 0.3546875 0.040625 0.0609375
2 0.5390625 0.559375 0.1265625 0.4640625
0 0.540625 0.365625 0.0484375 0.0625
2 0.7265625 0.5671875 0.203125 0.45
0 0.690625 0.3734375 0.0453125 0.05625
2 0.7875 0.575 0.1390625 0.4328125
0 0.75 0.3921875 0.05 0.0578125
2 0.38125 0.571875 0.121875 0.4
0 0.3890625 0.403125 0.05 0.0578125
2 0.48125 0.559375 0.175 0.4375
0 0.48125 0.378125 0.0515625 0.0625
2 0.6046875 0.584375 0.1234375 0.3875
0 0.590625 0.4265625 0.04375 0.065625
2 0.7015625 0.5953125 0.15 0.3953125
0 0.6671875 0.4328125 0.0484375 0.0578125
2 0.8671875 0.5625 0.1671875 0.478125
0 0.8578125 0.3640625 0.0546875 0.0734375
0 0.925 0.34375 0.0546875 0.0609375
2 0.3234375 0.6296875 0.1484375 0.3375
0 0.3421875 0.5015625 0.0546875 0.0625
2 0.4234375 0.63125 0.146875 0.3453125
0 0.425 0.5078125 0.05 0.0609375
2 0.528125 0.6265625 0.2234375 0.3421875
0 0.53125 0.4921875 0.05 0.0640625
2 0.628125 0.6203125 0.1390625 0.3453125
0 0.634375 0.5 0.05 0.0640625
2 0.7578125 0.6296875 0.2625 0.340625
0 0.721875 0.5 0.05 0.0578125
2 0.81875 0.64375 0.1796875 0.328125
0 0.80625 0.5234375 0.05625 0.075