2 0.1265625 0.5421875 0.040625 0.0984375
0 0.1234375 0.503125 0.021875 0.01875
2 0.19375 0.534375 0.0515625 0.10625
0 0.1921875 0.49375 0.0140625 0.01875
2 0.3375 0.5265625 0.0484375 0.09375
0 0.340625 0.490625 0.0140625 0.0171875
2 0.578125 0.5453125 0.0390625 0.109375
0 0.5796875 0.503125 0.0171875 0.0203125
2 0.653125 0.546875 0.0453125 0.1015625
0 0.65625 0.50625 0.0171875 0.01875
2 0.721875 0.55625 0.05625 0.11875
0 0.7359375 0.509375 0.0171875 0.021875
2 0.7359375 0.58125 0.059375 0.1546875
0 0.7328125 0.521875 0.0265625 0.028125
2 0.8390625 0.5421875 0.0578125 0.19375
0 0.8375 0.4640625 0.025 0.028125
2 0.925 0.609375 0.0875 0.1640625
0 0.9078125 0.55 0.0328125 0.0328125
2 0.809375 0.63125 0.078125 0.175
0 0.81875 0.5640625 0.0359375 0.0359375
2 0.7390625 0.6859375 0.1390625 0.128125
0 0.7796875 0.6671875 0.0359375 0.0421875
2 0.6015625 0.684375 0.075 0.240625
0 0.6140625 0.590625 0.0359375 0.040625
2 0.4640625 0.690625 0.10625 0.290625
0 0.471875 0.5734375 0.04375 0.0484375
2 0.3546875 0.7140625 0.1046875 0.30625
0 0.35625 0.590625 0.040625 0.05
2 0.3078125 0.5421875 0.1328125 0.221875
0 0.2921875 0.453125 0.03125 0.0359375