2 0.28125 0.684375 0.06875 0.16875
0 0.290625 0.6109375 0.01875 0.01875
2 0.2390625 0.6546875 0.0515625 0.1109375
0 0.2578125 0.60625 0.0140625 0.0140625
2 0.3359375 0.640625 0.0390625 0.1109375
0 0.3375 0.59375 0.0140625 0.0140625
2 0.3234375 0.6328125 0.034375 0.1078125
0 0.3140625 0.5890625 0.0140625 0.0171875
2 0.203125 0.653125 0.0359375 0.115625
0 0.2125 0.6015625 0.0140625 0.0140625
2 0.1609375 0.6296875 0.034375 0.09375
0 0.1625 0.590625 0.0140625 0.0125
2 0.3640625 0.6390625 0.028125 0.084375
0 0.36875 0.60625 0.0109375 0.0140625
2 0.375 0.6359375 0.028125 0.0953125
0 0.3765625 0.596875 0.009375 0.0125
2 0.3875 0.6421875 0.0375 0.1203125
0 0.384375 0.590625 0.0140625 0.0140625
2 0.403125 0.6515625 0.0359375 0.1078125
0 0.4125 0.60625 0.0140625 0.015625
2 0.425 0.634375 0.028125 0.1046875
0 0.4203125 0.590625 0.0125 0.0140625
2 0.43125 0.6546875 0.03125 0.103125
0 0.43125 0.609375 0.0109375 0.0140625
2 0.459375 0.6453125 0.0390625 0.125
0 0.45625 0.59375 0.015625 0.01875
2 0.4859375 0.6359375 0.0453125 0.1453125
0 0.4828125 0.575 0.015625 0.01875
2 0.4921875 0.665625 0.0609375 0.196875
0 0.5015625 0.58125 0.01875 0.0203125
2 0.5234375 0.6796875 0.0328125 0.1203125
0 0.521875 0.6296875 0.01875 0.0203125
2 0.51875 0.64375 0.0375 0.15
0 0.51875 0.58125 0.0109375 0.0125
2 0.5578125 0.665625 0.059375 0.1984375
0 0.55625 0.578125 0.021875 0.0234375
2 0.5921875 0.640625 0.0359375 0.1203125
0 0.5984375 0.5875 0.0140625 0.0125
2 0.6 0.69375 0.0703125 0.2
0 0.6046875 0.6078125 0.025 0.025
2 0.6640625 0.68125 0.0765625 0.2328125
0 0.6578125 0.58125 0.028125 0.0296875
2 0.6203125 0.6578125 0.05 0.159375
0 0.6234375 0.590625 0.021875 0.021875
2 0.7109375 0.64375 0.05625 0.1375
0 0.696875 0.584375 0.015625 0.015625
2 0.7453125 0.628125 0.015625 0.078125
0 0.74375 0.5953125 0.0078125 0.0109375
2 0.765625 0.621875 0.034375 0.096875
0 0.7671875 0.58125 0.0109375 0.0125
2 0.7765625 0.61875 0.0171875 0.0765625
0 0.7765625 0.5859375 0.0125 0.009375
2 0.7734375 0.6421875 0.0671875 0.0765625
0 0.8 0.6125 0.0140625 0.015625
2 0.84375 0.6109375 0.0203125 0.053125
0 0.840625 0.5875 0.0078125 0.00625
2 0.8578125 0.5984375 0.0125 0.0328125
0 0.85625 0.584375 0.003125 0.0046875
2 0.2125 0.6375 0.028125 0.1078125
0 0.2125 0.590625 0.0125 0.0125