0 0.128125 0.446875 0.10625 0.084375
0 0.184375 0.4234375 0.059375 0.075
2 0.1375 0.4890625 0.165625 0.31875
0 0.134375 0.390625 0.0375 0.034375
2 0.103125 0.453125 0.1 0.2328125
0 0.096875 0.35625 0.028125 0.03125
2 0.0984375 0.334375 0.05625 0.1125
0 0.0984375 0.2921875 0.015625 0.01875
2 0.196875 0.4875 0.134375 0.340625
0 0.2046875 0.371875 0.034375 0.040625
2 0.2609375 0.453125 0.0625 0.19375
0 0.25625 0.375 0.034375 0.034375
2 0.30625 0.45625 0.1078125 0.3
0 0.2984375 0.371875 0.04375 0.0375
2 0.30625 0.56875 0.103125 0.315625
0 0.328125 0.446875 0.05 0.053125
2 0.33125 0.559375 0.1125 0.296875
0 0.33125 0.446875 0.040625 0.05
0 0.346875 0.5 0.059375 0.0671875
2 0.396875 0.4515625 0.10625 0.3125
0 0.4015625 0.3703125 0.0296875 0.04375
2 0.428125 0.5453125 0.115625 0.359375
0 0.4359375 0.403125 0.0375 0.0578125
2 0.471875 0.434375 0.0625 0.25
0 0.471875 0.375 0.025 0.034375
2 0.509375 0.5015625 0.1015625 0.33125
0 0.5125 0.3640625 0.0375 0.05
2 0.51875 0.5640625 0.1078125 0.33125
0 0.5109375 0.425 0.040625 0.05
2 0.54375 0.45 0.05625 0.2234375
0 0.54375 0.3625 0.0234375 0.034375
0 0.490625 0.478125 0.075 0.0859375
2 0.5546875 0.4140625 0.046875 0.184375
0 0.5546875 0.3375 0.0203125 0.028125
2 0.590625 0.434375 0.05625 0.1890625
0 0.5921875 0.359375 0.025 0.0328125
2 0.6109375 0.434375 0.08125 0.24375
0 0.625 0.371875 0.028125 0.0375
2 0.5828125 0.49375 0.06875 0.24375
0 0.5796875 0.39375 0.03125 0.0421875
0 0.6171875 0.43125 0.04375 0.0484375
2 0.64375 0.525 0.0921875 0.3125
0 0.6421875 0.3921875 0.0375 0.04375
2 0.665625 0.45 0.053125 0.1640625
0 0.665625 0.384375 0.021875 0.028125
2 0.65 0.41875 0.04375 0.14375
0 0.6515625 0.3609375 0.0203125 0.025
2 0.671875 0.4203125 0.053125 0.171875
0 0.671875 0.353125 0.0234375 0.03125
0 0.6953125 0.4359375 0.0625 0.071875
0 0.7203125 0.5359375 0.071875 0.06875
0 0.7625 0.434375 0.04375 0.0546875
2 0.7609375 0.4375 0.096875 0.26875
0 0.75625 0.375 0.0296875 0.0328125
2 0.790625 0.503125 0.09375 0.365625
0 0.79375 0.4265625 0.0359375 0.046875
2 0.7609375 0.428125 0.08125 0.2140625
0 0.775 0.365625 0.025 0.03125
2 0.803125 0.459375 0.059375 0.196875
0 0.809375 0.3796875 0.025 0.03125
2 0.81875 0.415625 0.046875 0.153125
0 0.821875 0.3546875 0.0234375 0.025
2 0.834375 0.4375 0.046875 0.15625
0 0.8390625 0.3765625 0.025 0.0265625
2 0.834375 0.5515625 0.078125 0.3265625
0 0.8453125 0.4265625 0.0359375 0.04375
0 0.8734375 0.5046875 0.059375 0.0625
0 0.8890625 0.471875 0.0484375 0.05625
2 0.8828125 0.446875 0.0578125 0.2078125
0 0.8921875 0.3953125 0.028125 0.028125
2 0.89375 0.525 0.0953125 0.2578125
0 0.915625 0.425 0.0375 0.040625
2 0.9125 0.415625 0.0734375 0.1578125
0 0.9125 0.375 0.015625 0.021875
2 0.95 0.478125 0.0609375 0.18125
0 0.953125 0.4140625 0.0265625 0.034375
0 0.9765625 0.45625 0.04375 0.04375
0 0.9765625 0.4578125 0.04375 0.04375