2 0.0859375 0.5015625 0.096875 0.2140625
0 0.0703125 0.4203125 0.0328125 0.04375
2 0.140625 0.4890625 0.0484375 0.203125
0 0.1453125 0.409375 0.025 0.0375
2 0.1765625 0.4875 0.0671875 0.2109375
0 0.178125 0.4078125 0.0265625 0.03125
2 0.2234375 0.48125 0.071875 0.2453125
0 0.2359375 0.3875 0.028125 0.0390625
2 0.26875 0.4828125 0.0734375 0.2546875
0 0.28125 0.378125 0.03125 0.0390625
2 0.278125 0.4453125 0.090625 0.2734375
0 0.278125 0.3390625 0.0375 0.040625
2 0.36875 0.4703125 0.1546875 0.3078125
0 0.3796875 0.34375 0.0375 0.05
2 0.4046875 0.503125 0.08125 0.234375
0 0.409375 0.4109375 0.0296875 0.04375
2 0.434375 0.440625 0.071875 0.278125
0 0.44375 0.3296875 0.03125 0.04375
2 0.4796875 0.3984375 0.0671875 0.2421875
0 0.490625 0.3015625 0.025 0.0390625
2 0.4875 0.4453125 0.0578125 0.1765625
0 0.496875 0.3875 0.028125 0.0421875
2 0.5109375 0.5 0.103125 0.2765625
0 0.5390625 0.3875 0.0296875 0.04375
2 0.515625 0.446875 0.08125 0.290625
0 0.5203125 0.3296875 0.0328125 0.046875
2 0.6046875 0.465625 0.1046875 0.3265625
0 0.609375 0.3390625 0.0359375 0.0484375
2 0.7453125 0.45625 0.1328125 0.3671875
0 0.7640625 0.3046875 0.046875 0.0578125