2 0.0921875 0.4625 0.0953125 0.234375
0 0.0828125 0.371875 0.034375 0.0375
2 0.1234375 0.4375 0.0796875 0.2078125
0 0.1171875 0.35 0.03125 0.0265625
2 0.1796875 0.453125 0.090625 0.246875
0 0.175 0.353125 0.034375 0.034375
2 0.2546875 0.4640625 0.0953125 0.303125
0 0.2578125 0.3390625 0.040625 0.0453125
2 0.321875 0.4625 0.1375 0.334375
0 0.3046875 0.3265625 0.040625 0.0515625
2 0.4546875 0.4828125 0.1890625 0.465625
0 0.4390625 0.2890625 0.053125 0.059375
2 0.6625 0.503125 0.2609375 0.553125
0 0.6515625 0.2921875 0.0625 0.0609375
2 0.5125 0.38125 0.0296875 0.084375
0 0.5109375 0.3515625 0.0109375 0.0125
2 0.525 0.384375 0.021875 0.0671875
0 0.525 0.3578125 0.009375 0.0109375
2 0.55625 0.38125 0.0234375 0.075
0 0.5546875 0.3515625 0.0109375 0.0125