2 0.1078125 0.5234375 0.19375 0.478125
0 0.1078125 0.328125 0.0625 0.0671875
2 0.2296875 0.5046875 0.1375 0.4796875
0 0.2296875 0.3171875 0.0515625 0.0671875
2 0.3375 0.5140625 0.15 0.41875
0 0.309375 0.35 0.0515625 0.0671875
2 0.4265625 0.490625 0.1390625 0.3953125
0 0.434375 0.325 0.0484375 0.059375
2 0.490625 0.5140625 0.1375 0.390625
0 0.5 0.3578125 0.0484375 0.059375
2 0.6046875 0.5125 0.128125 0.4015625
0 0.603125 0.3453125 0.0484375 0.0625
2 0.684375 0.496875 0.1171875 0.41875
0 0.6859375 0.3234375 0.0484375 0.059375
2 0.7921875 0.509375 0.184375 0.4296875
0 0.78125 0.3328125 0.0546875 0.0671875
2 0.9359375 0.490625 0.1234375 0.484375
0 0.91875 0.28125 0.0515625 0.0625