2 0.4546875 0.6328125 0.3953125 0.390625
0 0.4421875 0.4796875 0.090625 0.0765625
2 0.625 0.615625 0.3671875 0.2859375
0 0.55 0.5125 0.075 0.075
2 0.0875 0.3546875 0.165625 0.3375
0 0.0984375 0.2109375 0.034375 0.0421875
2 0.1609375 0.39375 0.1046875 0.2171875
0 0.159375 0.3140625 0.0296875 0.0421875
2 0.3765625 0.3921875 0.109375 0.23125
0 0.36875 0.296875 0.0359375 0.0359375
2 0.5234375 0.4625 0.1671875 0.4484375
0 0.515625 0.275 0.0578125 0.0671875
2 0.4953125 0.3453125 0.084375 0.2921875
0 0.503125 0.2171875 0.0359375 0.034375
2 0.6109375 0.353125 0.0828125 0.2859375
0 0.6171875 0.2328125 0.03125 0.034375
2 0.7078125 0.353125 0.0875 0.2890625
0 0.71875 0.2328125 0.028125 0.040625
2 0.7921875 0.365625 0.0828125 0.2671875
0 0.790625 0.25625 0.0296875 0.0390625
2 0.859375 0.3703125 0.0734375 0.253125
0 0.865625 0.265625 0.03125 0.0375
2 0.940625 0.3703125 0.08125 0.2625
0 0.95625 0.2578125 0.028125 0.034375