0 0.940625 0.3765625 0.05625 0.06875
2 0.8375 0.5140625 0.1546875 0.453125
0 0.859375 0.3265625 0.0515625 0.06875
2 0.8265625 0.45625 0.1140625 0.18125
0 0.815625 0.390625 0.0515625 0.0359375
2 0.7390625 0.5171875 0.128125 0.390625
0 0.7390625 0.3578125 0.0484375 0.0625
2 0.6578125 0.5609375 0.2609375 0.3828125
0 0.6359375 0.409375 0.0484375 0.06875
2 0.6171875 0.5125 0.14375 0.40625
0 0.60625 0.3421875 0.0421875 0.059375
2 0.625 0.41875 0.128125 0.171875
0 0.6640625 0.365625 0.0375 0.05
2 0.4890625 0.5015625 0.13125 0.3953125
0 0.4796875 0.340625 0.0421875 0.0578125
2 0.4890625 0.44375 0.0890625 0.14375
0 0.4921875 0.390625 0.03125 0.03125
2 0.378125 0.53125 0.1484375 0.371875
0 0.3734375 0.4109375 0.0421875 0.0546875
2 0.41875 0.5875 0.1890625 0.3046875
0 0.38125 0.5171875 0.0421875 0.05625
2 0.4671875 0.596875 0.090625 0.1609375
0 0.4578125 0.5421875 0.0359375 0.04375
2 0.2703125 0.5578125 0.0890625 0.2953125
0 0.2671875 0.4453125 0.040625 0.0546875
2 0.1734375 0.61875 0.2015625 0.2578125
0 0.18125 0.5359375 0.0453125 0.0546875
2 0.16875 0.5546875 0.146875 0.340625
0 0.1609375 0.415625 0.0453125 0.05625
2 0.05 0.5359375 0.1 0.384375
0 0.040625 0.415625 0.0421875 0.053125