0 0.4859375 0.3125 0.090625 0.0921875
2 0.58125 0.65 0.1671875 0.634375
0 0.603125 0.378125 0.0828125 0.0828125
2 0.3921875 0.6515625 0.1203125 0.228125
0 0.378125 0.5671875 0.034375 0.0484375
2 0.7 0.63125 0.134375 0.2484375
0 0.6875 0.5390625 0.0375 0.0421875
0 0.8015625 0.3046875 0.034375 0.046875
2 0.74375 0.3515625 0.0734375 0.2125
0 0.746875 0.2703125 0.034375 0.0421875
2 0.6515625 0.396875 0.15625 0.2609375
0 0.628125 0.290625 0.034375 0.0421875
2 0.5578125 0.4 0.109375 0.2453125
0 0.553125 0.303125 0.0359375 0.05
2 0.3171875 0.39375 0.115625 0.2484375
0 0.3140625 0.3 0.0390625 0.0515625
2 0.15 0.396875 0.0796875 0.2390625
0 0.11875 0.3015625 0.015625 0.034375
2 0.15 0.2796875 0.078125 0.2
0 0.1296875 0.2078125 0.034375 0.04375
2 0.234375 0.28125 0.096875 0.196875
0 0.2203125 0.20625 0.0328125 0.034375
2 0.5546875 0.28125 0.0953125 0.2125
0 0.5609375 0.203125 0.034375 0.0515625
2 0.6546875 0.284375 0.0953125 0.2078125
0 0.6421875 0.20625 0.03125 0.0421875
2 0.8125 0.1765625 0.1109375 0.29375
0 0.8203125 0.0515625 0.0359375 0.0390625
2 0.690625 0.1796875 0.1 0.24375
0 0.6765625 0.078125 0.0328125 0.0296875
2 0.6453125 0.209375 0.0625 0.1828125
0 0.653125 0.1390625 0.03125 0.0390625
2 0.5375 0.2140625 0.103125 0.3125
0 0.553125 0.0859375 0.0375 0.0421875
2 0.4796875 0.2078125 0.1 0.2078125
0 0.465625 0.1296875 0.0328125 0.040625
2 0.4078125 0.2015625 0.1046875 0.21875
0 0.396875 0.1171875 0.0328125 0.0390625
2 0.2640625 0.2109375 0.103125 0.1828125
0 0.2890625 0.1484375 0.0359375 0.0421875
2 0.171875 0.2 0.1125 0.20625
0 0.1578125 0.121875 0.0296875 0.034375
2 0.13125 0.1109375 0.040625 0.184375
0 0.11875 0.04375 0.015625 0.0390625
2 0.19375 0.10625 0.09375 0.1921875
0 0.1984375 0.0359375 0.03125 0.0453125
2 0.2578125 0.1171875 0.0734375 0.1734375
0 0.2625 0.053125 0.025 0.034375
2 0.3390625 0.115625 0.0859375 0.18125
0 0.3453125 0.046875 0.0296875 0.0375
2 0.365625 0.1609375 0.071875 0.1890625
0 0.36875 0.0875 0.0296875 0.0328125
2 0.4359375 0.1625 0.0734375 0.1796875
0 0.4296875 0.0984375 0.0265625 0.0375
2 0.5109375 0.15625 0.0921875 0.1921875
0 0.50625 0.0859375 0.03125 0.040625
2 0.4125 0.115625 0.071875 0.1796875
0 0.4109375 0.05 0.0328125 0.0421875
2 0.4453125 0.0953125 0.059375 0.1703125
0 0.4546875 0.0328125 0.034375 0.0375
2 0.38125 0.0828125 0.0765625 0.165625
0 0.378125 0.01875 0.03125 0.0328125
2 0.3109375 0.0828125 0.0734375 0.165625
0 0.3125 0.0171875 0.025 0.0328125
2 0.24296875 0.0828125 0.0796875 0.165625
0 0.2484375 0.015625 0.0328125 0.03125
2 0.2078125 0.065625 0.0828125 0.13125
0 0.2125 0.00625 0.025 0.0125
2 0.1421875 0.065625 0.0625 0.13125
0 0.1390625 0.0046875 0.021875 0.009375
2 0.4859375 0.0671875 0.0828125 0.1328125
0 0.5 0.0078125 0.0296875 0.0140625
2 0.54375 0.0671875 0.0703125 0.1328125
0 0.55625 0.0140625 0.028125 0.0265625
2 0.7796875 0.08125 0.065625 0.1234375
0 0.7859375 0.040625 0.0265625 0.034375
0 0.859375 0.0359375 0.0296875 0.0296875
0 0.853125 0.15 0.028125 0.03125
2 0.7703125 0.1359375 0.0890625 0.178125
0 0.771875 0.0703125 0.0296875 0.0359375
2 0.7203125 0.059375 0.0859375 0.11875
0 0.721875 0.00625 0.025 0.0125
2 0.78046875 0.0578125 0.0765625 0.115625
0 0.778125 0.0078125 0.03125 0.015625