0 0.26875 0.3640625 0.1140625 0.096875
2 0.4203125 0.7328125 0.11875 0.253125
0 0.4234375 0.6296875 0.03125 0.04375
2 0.390625 0.7234375 0.090625 0.24375
0 0.3890625 0.6296875 0.03125 0.04375
2 0.540625 0.740625 0.0734375 0.203125
0 0.5453125 0.6578125 0.028125 0.0296875
2 0.6203125 0.74375 0.078125 0.2140625
0 0.615625 0.6546875 0.0265625 0.03125
2 0.7046875 0.7765625 0.0984375 0.171875
0 0.709375 0.7109375 0.028125 0.03125
2 0.671875 0.7546875 0.0734375 0.1640625
0 0.66875 0.6875 0.01875 0.0203125
2 0.7296875 0.765625 0.0734375 0.1828125
0 0.7296875 0.690625 0.021875 0.025
2 0.8 0.7640625 0.09375 0.2078125
0 0.796875 0.6625 0.0234375 0.0234375
2 0.5953125 0.7546875 0.04375 0.159375
0 0.5984375 0.703125 0.0171875 0.0203125
2 0.515625 0.759375 0.0625 0.1390625
0 0.5109375 0.7125 0.015625 0.01875
2 0.4671875 0.7515625 0.0578125 0.159375
0 0.4671875 0.6921875 0.01875 0.021875
2 0.3703125 0.4203125 0.028125 0.06875
0 0.371875 0.39375 0.009375 0.0109375
2 0.3953125 0.4234375 0.0234375 0.0640625
0 0.3953125 0.4015625 0.0109375 0.0109375
2 0.35625 0.421875 0.0234375 0.059375
0 0.3578125 0.4 0.009375 0.0109375
2 0.5046875 0.4265625 0.028125 0.0671875
0 0.50625 0.4 0.009375 0.0109375
2 0.53125 0.4234375 0.0265625 0.071875
0 0.5359375 0.396875 0.0109375 0.0109375
2 0.5484375 0.4234375 0.0234375 0.0640625
0 0.5484375 0.3984375 0.009375 0.009375
2 0.5828125 0.4328125 0.028125 0.08125
0 0.584375 0.4 0.0109375 0.0109375
2 0.6109375 0.440625 0.053125 0.121875
0 0.603125 0.3921875 0.01875 0.01875
2 0.646875 0.434375 0.0390625 0.14375
0 0.65625 0.3765625 0.0171875 0.021875
2 0.65625 0.446875 0.0546875 0.140625
0 0.665625 0.3921875 0.021875 0.0234375
2 0.7328125 0.4421875 0.0515625 0.1453125
0 0.7328125 0.38125 0.0203125 0.021875
2 0.6921875 0.4515625 0.0390625 0.1234375
0 0.6859375 0.4015625 0.015625 0.021875