2 0.221875 0.3640625 0.19375 0.534375
0 0.1984375 0.146875 0.071875 0.08125
2 0.2671875 0.446875 0.240625 0.453125
0 0.340625 0.2640625 0.0703125 0.084375
2 0.4359375 0.496875 0.321875 0.5359375
0 0.45625 0.2875 0.0890625 0.0953125
2 0.484375 0.609375 0.1828125 0.5703125
0 0.496875 0.3890625 0.08125 0.1015625
2 0.5703125 0.6734375 0.3453125 0.53125
0 0.65625 0.4734375 0.1046875 0.125
2 0.125 0.0015625 0.0015625 0.0015625
0 0.7671875 0.5984375 0.2078125 0.1984375
2 0.125 0.0015625 0.0015625 0.0015625
0 0.409375 0.646875 0.13125 0.159375
0 0.2296875 0.6328125 0.1375 0.140625
2 0.2671875 0.559375 0.284375 0.4234375
0 0.35625 0.4734375 0.084375 0.1109375
2 0.3078125 0.6640625 0.365625 0.4234375
0 0.4125 0.5109375 0.0953125 0.1078125