0 0.8640625 0.425 0.053125 0.0625
2 0.921875 0.5546875 0.15 0.44375
0 0.9078125 0.365625 0.053125 0.059375
2 0.796875 0.528125 0.125 0.4234375
0 0.7984375 0.3453125 0.0484375 0.053125
2 0.7234375 0.5734375 0.15 0.396875
0 0.7234375 0.4078125 0.046875 0.05625
2 0.6890625 0.5359375 0.11875 0.3859375
0 0.6828125 0.375 0.053125 0.0625
2 0.6296875 0.55625 0.1375 0.409375
0 0.6375 0.384375 0.0515625 0.0578125
2 0.5578125 0.54375 0.1140625 0.378125
0 0.5515625 0.3859375 0.0421875 0.0546875
2 0.5921875 0.5125 0.096875 0.3515625
0 0.59375 0.365625 0.0390625 0.05
2 0.48125 0.5625 0.115625 0.34375
0 0.4953125 0.4171875 0.0421875 0.0515625
2 0.4609375 0.4828125 0.1078125 0.3390625
0 0.4640625 0.3390625 0.0375 0.0484375
2 0.415625 0.5328125 0.08125 0.3546875
0 0.4140625 0.3875 0.0390625 0.046875
2 0.384375 0.559375 0.0984375 0.3734375
0 0.384375 0.4 0.0390625 0.0546875
2 0.3265625 0.5 0.134375 0.3796875
0 0.3375 0.3484375 0.046875 0.05625
2 0.28125 0.565625 0.1046875 0.4125
0 0.29375 0.3984375 0.046875 0.05625
2 0.2390625 0.5421875 0.115625 0.3953125
0 0.2453125 0.3734375 0.0484375 0.0546875
0 0.196875 0.4015625 0.059375 0.0765625
0 0.09375 0.3265625 0.059375 0.06875