2 0.21875 0.4703125 0.121875 0.1765625
0 0.2078125 0.4015625 0.034375 0.034375
2 0.3265625 0.4578125 0.103125 0.1890625
0 0.321875 0.3859375 0.028125 0.0375
2 0.425 0.4578125 0.1171875 0.1984375
0 0.45 0.3796875 0.0265625 0.034375
2 0.528125 0.4640625 0.1203125 0.1796875
0 0.55 0.39375 0.034375 0.034375
2 0.509375 0.5171875 0.1328125 0.128125
0 0.5421875 0.478125 0.0328125 0.0328125
2 0.609375 0.4828125 0.13125 0.1796875
0 0.6390625 0.4140625 0.034375 0.034375
2 0.603125 0.55 0.1875 0.165625
0 0.6453125 0.49375 0.0375 0.034375
2 0.7421875 0.5484375 0.196875 0.146875
0 0.8 0.5015625 0.0390625 0.0484375
2 0.834375 0.528125 0.13125 0.2125
0 0.84375 0.45625 0.0453125 0.0484375
2 0.9234375 0.521875 0.1234375 0.1984375
0 0.953125 0.45 0.0484375 0.05
0 0.953125 0.45 0.0484375 0.0453125
2 0.8234375 0.615625 0.1625 0.1921875
0 0.8625 0.5546875 0.040625 0.0453125
2 0.8078125 0.665625 0.1703125 0.2328125
0 0.8421875 0.5859375 0.0640625 0.065625
2 0.684375 0.7 0.2125 0.2359375
0 0.7296875 0.6203125 0.0671875 0.0640625
0 0.9234375 0.55625 0.125 0.121875
0 0.5125 0.5890625 0.075 0.08125
2 0.334375 0.7015625 0.2375 0.3375
0 0.35625 0.5703125 0.0609375 0.071875
2 0.2453125 0.6390625 0.1984375 0.2
0 0.20625 0.5515625 0.053125 0.059375
2 0.184375 0.6109375 0.2515625 0.31875
0 0.1015625 0.490625 0.0921875 0.065625