2 0.090625 0.5875 0.1796875 0.421875
0 0.09375 0.4171875 0.065625 0.071875
2 0.2546875 0.590625 0.18125 0.3859375
0 0.2421875 0.43125 0.0546875 0.0609375
2 0.35 0.5796875 0.1109375 0.3328125
0 0.34375 0.44375 0.040625 0.05625
2 0.4640625 0.5875 0.1453125 0.3359375
0 0.4515625 0.45 0.0453125 0.05
2 0.5734375 0.56875 0.1328125 0.340625
0 0.565625 0.428125 0.046875 0.05625
2 0.68125 0.56875 0.1125 0.3421875
0 0.678125 0.4296875 0.04375 0.05625
2 0.8046875 0.5734375 0.1453125 0.3296875
0 0.7890625 0.446875 0.04375 0.0625
0 0.925 0.415625 0.0515625 0.059375
0 0.9515625 0.35625 0.0421875 0.0515625
2 0.8828125 0.490625 0.1203125 0.3203125
0 0.8734375 0.3609375 0.0375 0.0484375
2 0.79375 0.4859375 0.13125 0.340625
0 0.778125 0.3421875 0.040625 0.046875
2 0.775 0.453125 0.1125 0.2921875
0 0.78125 0.3265625 0.025 0.0359375
2 0.7015625 0.4984375 0.0953125 0.3015625
0 0.696875 0.3734375 0.03125 0.0390625
2 0.6484375 0.5171875 0.103125 0.325
0 0.6359375 0.378125 0.040625 0.040625
2 0.5859375 0.50625 0.0953125 0.3203125
0 0.5859375 0.36875 0.034375 0.040625
2 0.5515625 0.5125 0.109375 0.340625
0 0.55 0.371875 0.03125 0.046875
2 0.465625 0.4984375 0.115625 0.371875
0 0.465625 0.346875 0.040625 0.0546875
2 0.3875 0.5171875 0.0859375 0.3234375
0 0.384375 0.3796875 0.040625 0.0421875
2 0.3171875 0.5265625 0.115625 0.3421875
0 0.3140625 0.384375 0.0375 0.0484375
2 0.259375 0.5046875 0.1046875 0.3359375
0 0.2546875 0.365625 0.0390625 0.0484375
2 0.2140625 0.5171875 0.1125 0.36875
0 0.2109375 0.3625 0.0421875 0.05
2 0.0984375 0.521875 0.1421875 0.428125
0 0.096875 0.3421875 0.0484375 0.059375
2 0.03125 0.51328125 0.0625 0.4078125
0 0.0109375 0.33828125 0.021875 0.0515625
2 0.1046875 0.2953125 0.0640625 0.1296875
0 0.1171875 0.25 0.021875 0.0234375
2 0.8109375 0.3734375 0.0265625 0.0625
0 0.8140625 0.35 0.0078125 0.0078125
2 0.83125 0.3796875 0.021875 0.0578125
0 0.8328125 0.3578125 0.009375 0.009375
2 0.846875 0.3703125 0.025 0.0671875
0 0.8453125 0.346875 0.0109375 0.0109375