0 0.040625 0.8515625 0.0265625 0.0390625
2 0.059375 0.865625 0.0828125 0.2234375
0 0.053125 0.775 0.0265625 0.0390625
0 0.38125 0.846875 0.028125 0.040625
2 0.3609375 0.8609375 0.1015625 0.228125
0 0.371875 0.7796875 0.028125 0.0375
2 0.0671875 0.653125 0.078125 0.221875
0 0.0625 0.559375 0.0234375 0.034375
2 0.128125 0.65 0.0765625 0.221875
0 0.1328125 0.56875 0.021875 0.034375
2 0.19375 0.6484375 0.0859375 0.2296875
0 0.190625 0.553125 0.025 0.0328125
2 0.25625 0.6515625 0.0765625 0.2296875
0 0.25625 0.5578125 0.0265625 0.034375
2 0.321875 0.646875 0.0953125 0.2328125
0 0.3234375 0.553125 0.021875 0.0375
2 0.39375 0.646875 0.0859375 0.2375
0 0.39375 0.546875 0.0234375 0.034375
2 0.471875 0.63125 0.1078125 0.25625
0 0.471875 0.5375 0.025 0.034375
2 0.540625 0.634375 0.075 0.246875
0 0.546875 0.5390625 0.021875 0.0359375
2 0.609375 0.64375 0.0984375 0.2234375
0 0.6125 0.5578125 0.021875 0.034375
2 0.678125 0.6375 0.084375 0.2390625
0 0.6828125 0.5390625 0.0234375 0.0359375
2 0.746875 0.6453125 0.0921875 0.2328125
0 0.75625 0.55 0.0234375 0.0328125
2 0.81875 0.6453125 0.0859375 0.228125
0 0.8234375 0.55625 0.025 0.034375
2 0.884375 0.646875 0.0875 0.234375
0 0.8890625 0.5578125 0.0234375 0.0328125
2 0.953125 0.659375 0.0859375 0.2171875
0 0.9640625 0.5734375 0.021875 0.034375