2 0.18125 0.5265625 0.175 0.459375
0 0.1640625 0.4140625 0.0421875 0.05
2 0.2421875 0.56875 0.21875 0.3265625
0 0.2515625 0.4390625 0.0390625 0.053125
2 0.25625 0.5578125 0.1609375 0.2953125
0 0.290625 0.4359375 0.046875 0.0515625
2 0.35 0.5125 0.15 0.3625
0 0.3640625 0.409375 0.0484375 0.0421875
2 0.403125 0.5671875 0.184375 0.29375
0 0.3859375 0.446875 0.0390625 0.0484375
2 0.4703125 0.5671875 0.146875 0.2796875
0 0.4671875 0.459375 0.034375 0.0421875
2 0.53125 0.53125 0.159375 0.315625
0 0.5265625 0.4 0.03125 0.0421875
2 0.5671875 0.571875 0.0890625 0.290625
0 0.575 0.4515625 0.034375 0.0421875
2 0.6484375 0.5875 0.10625 0.275
0 0.64375 0.4828125 0.03125 0.0375
2 0.640625 0.553125 0.0828125 0.2921875
0 0.6453125 0.43125 0.0375 0.0375
2 0.709375 0.546875 0.1125 0.2984375
0 0.725 0.4234375 0.034375 0.0421875
2 0.7078125 0.56875 0.0765625 0.2921875
0 0.7078125 0.4515625 0.034375 0.0421875
2 0.7796875 0.5765625 0.1296875 0.315625
0 0.765625 0.4484375 0.046875 0.0546875
2 0.8375 0.56875 0.14375 0.3359375
0 0.828125 0.428125 0.0390625 0.05
2 0.9609375 0.5015625 0.034375 0.0828125
0 0.959375 0.46875 0.0125 0.0125