0 0.9359375 0.453125 0.0421875 0.0484375
0 0.853125 0.4375 0.040625 0.0515625
0 0.790625 0.434375 0.0390625 0.0421875
0 0.721875 0.428125 0.0359375 0.05
0 0.6671875 0.453125 0.034375 0.046875
0 0.6140625 0.4328125 0.0375 0.0453125
0 0.565625 0.434375 0.0359375 0.0453125
0 0.49375 0.446875 0.0375 0.046875
0 0.425 0.459375 0.0296875 0.0421875
0 0.3734375 0.4265625 0.0359375 0.0515625
0 0.290625 0.4171875 0.0390625 0.05
0 0.2203125 0.4109375 0.040625 0.05
0 0.1671875 0.4359375 0.0390625 0.0515625
0 0.1171875 0.44375 0.040625 0.05
0 0.053125 0.45 0.0484375 0.053125