2 0.0765625 0.5265625 0.0609375 0.1046875
0 0.0640625 0.490625 0.021875 0.025
2 0.1859375 0.53125 0.05 0.0921875
0 0.1859375 0.496875 0.0171875 0.0171875
2 0.24375 0.53125 0.0453125 0.090625
0 0.2421875 0.496875 0.0171875 0.01875
2 0.23125 0.5625 0.0671875 0.1234375
0 0.221875 0.5171875 0.028125 0.028125
2 0.25625 0.553125 0.0640625 0.109375
0 0.2453125 0.5125 0.021875 0.0265625
2 0.05 0.5578125 0.059375 0.1296875
0 0.04375 0.509375 0.0265625 0.0265625
2 0.0296875 0.58125 0.059375 0.178125
0 0.0421875 0.5078125 0.025 0.0265625
2 0.0640625 0.675 0.128125 0.3
0 0.0125 0.5578125 0.025 0.0625
2 0.2953125 0.584375 0.0796875 0.165625
0 0.290625 0.5203125 0.0328125 0.0375
2 0.390625 0.5625 0.0578125 0.115625
0 0.38125 0.525 0.021875 0.028125
2 0.425 0.578125 0.0703125 0.13125
0 0.4109375 0.534375 0.0265625 0.034375
2 0.4703125 0.534375 0.046875 0.08125
0 0.48125 0.509375 0.021875 0.021875
2 0.471875 0.5859375 0.084375 0.140625
0 0.4625 0.5375 0.03125 0.0375
2 0.496875 0.5765625 0.065625 0.1296875
0 0.490625 0.5296875 0.0296875 0.034375
2 0.5578125 0.590625 0.065625 0.153125
0 0.55625 0.53125 0.0265625 0.034375
2 0.628125 0.61875 0.115625 0.196875
0 0.6140625 0.5421875 0.03125 0.040625
2 0.7390625 0.6265625 0.1390625 0.190625
0 0.7171875 0.55 0.034375 0.0375
2 0.8125 0.6453125 0.115625 0.2015625
0 0.8140625 0.56875 0.0359375 0.0453125
2 0.8875 0.628125 0.09375 0.1984375
0 0.8859375 0.553125 0.0375 0.04375
2 0.1953125 0.678125 0.178125 0.296875
0 0.1765625 0.5609375 0.046875 0.059375
2 0.3296875 0.671875 0.2078125 0.284375
0 0.278125 0.565625 0.05625 0.0640625
2 0.34375 0.6171875 0.090625 0.184375
0 0.35625 0.546875 0.03125 0.040625
2 0.496875 0.684375 0.153125 0.2875
0 0.4609375 0.571875 0.05 0.059375
0 0.790625 0.5921875 0.05625 0.0625
0 0.2609375 0.6 0.0765625 0.0796875
0 0.4125 0.64375 0.0953125 0.1
2 0.3875 0.6125 0.1390625 0.209375
0 0.4328125 0.5328125 0.0375 0.0453125
2 0.1078125 0.55 0.05625 0.1046875
0 0.1109375 0.5109375 0.01875 0.025
2 0.1390625 0.5609375 0.065625 0.1296875
0 0.1421875 0.5125 0.021875 0.0296875