2 0.91875 0.4921875 0.1203125 0.3171875
0 0.9171875 0.35625 0.03125 0.034375
2 0.7828125 0.4890625 0.1046875 0.31875
0 0.771875 0.3515625 0.034375 0.0359375
2 0.6390625 0.49375 0.1390625 0.3109375
0 0.659375 0.3609375 0.0328125 0.0390625
2 0.5671875 0.484375 0.1 0.3078125
0 0.565625 0.3546875 0.034375 0.0375
2 0.45625 0.471875 0.0984375 0.265625
0 0.446875 0.359375 0.03125 0.034375
2 0.3765625 0.4625 0.0890625 0.271875
0 0.3875 0.35 0.028125 0.03125
2 0.3609375 0.459375 0.071875 0.2453125
0 0.3578125 0.3578125 0.025 0.0328125
2 0.2515625 0.4625 0.0859375 0.2625
0 0.2375 0.35 0.0296875 0.0359375
2 0.284375 0.453125 0.096875 0.25
0 0.2671875 0.3484375 0.028125 0.034375
2 0.190625 0.4625 0.075 0.2265625
0 0.1859375 0.3703125 0.025 0.0265625
2 0.10625 0.4546875 0.0671875 0.1765625
0 0.0953125 0.378125 0.01875 0.0203125
2 0.053125 0.453125 0.0640625 0.171875
0 0.04375 0.38125 0.01875 0.021875