2 0.1375 0.5015625 0.0859375 0.2140625
0 0.1375 0.4140625 0.0234375 0.0296875
0 0.33125 0.4671875 0.053125 0.0609375
2 0.4140625 0.5890625 0.1203125 0.3453125
0 0.403125 0.4625 0.0453125 0.0453125
0 0.440625 0.534375 0.053125 0.0640625
0 0.5546875 0.7078125 0.0421875 0.0578125
2 0.509375 0.6203125 0.0890625 0.2359375
0 0.509375 0.528125 0.0390625 0.0421875
0 0.5703125 0.4921875 0.0546875 0.06875
0 0.609375 0.5265625 0.040625 0.0421875
0 0.63125 0.56875 0.0421875 0.053125
0 0.71875 0.4859375 0.065625 0.071875