0 0.95625 0.528125 0.075 0.09375
0 0.8921875 0.471875 0.0828125 0.103125
0 0.7796875 0.4984375 0.08125 0.103125
0 0.665625 0.4203125 0.0765625 0.1109375
0 0.5953125 0.478125 0.0625 0.0828125
0 0.7171875 0.41875 0.0953125 0.13125
0 0.540625 0.49375 0.09375 0.13125
0 0.484375 0.509375 0.0671875 0.08125
0 0.4203125 0.4953125 0.0828125 0.10625
0 0.4140625 0.5 0.090625 0.10625
0 0.321875 0.4453125 0.090625 0.1078125
0 0.2265625 0.4484375 0.0796875 0.10625
0 0.225 0.4484375 0.084375 0.1171875
0 0.0640625 0.4140625 0.09375 0.1171875
0 0.0328125 0.415625 0.065625 0.16875
0 0.0265625 0.353125 0.053125 0.11875