2 0.4890625 0.6125 0.0828125 0.2328125
0 0.4984375 0.5171875 0.0296875 0.0328125
0 0.1953125 0.6546875 0.06875 0.0796875
2 0.1328125 0.640625 0.1140625 0.34375
0 0.1359375 0.496875 0.0390625 0.0484375
2 0.678125 0.571875 0.05 0.1625
0 0.684375 0.50625 0.0171875 0.025
2 0.3375 0.615625 0.10625 0.165625
0 0.3265625 0.5515625 0.0296875 0.0328125
2 0.546875 0.5859375 0.0796875 0.2171875
0 0.55 0.4953125 0.028125 0.028125
2 0.6046875 0.615625 0.0875 0.2625
0 0.60625 0.5046875 0.0296875 0.034375
2 0.3828125 0.6078125 0.06875 0.1484375
0 0.3828125 0.5546875 0.0234375 0.034375
0 0.190625 0.6171875 0.0515625 0.06875
2 0.48125 0.5921875 0.0640625 0.2
0 0.4828125 0.5109375 0.03125 0.034375
2 0.4609375 0.5359375 0.028125 0.0765625
0 0.4625 0.5046875 0.0125 0.0125