2 0.7828125 0.528125 0.1265625 0.5375
0 0.771875 0.296875 0.053125 0.06875
2 0.69375 0.5390625 0.1796875 0.58125
0 0.6875 0.2953125 0.0609375 0.08125
2 0.61875 0.5140625 0.1359375 0.55
0 0.6140625 0.2796875 0.0640625 0.0640625
2 0.5328125 0.534375 0.190625 0.590625
0 0.528125 0.2828125 0.0671875 0.0828125
0 0.3734375 0.2734375 0.06875 0.084375
2 0.253125 0.525 0.146875 0.575
0 0.2640625 0.2859375 0.053125 0.071875
2 0.1140625 0.5359375 0.184375 0.571875
0 0.11875 0.3 0.059375 0.0765625
2 0.1375 0.509375 0.23125 0.5921875
0 0.165625 0.2640625 0.0640625 0.0796875