2 0.025 0.6109375 0.05 0.165625
0 0.0296875 0.5484375 0.0328125 0.0375
2 0.065625 0.575 0.0265625 0.0609375
0 0.065625 0.55 0.0078125 0.009375
2 0.084375 0.5734375 0.01875 0.05
0 0.08125 0.553125 0.0078125 0.0078125
2 0.078125 0.5828125 0.021875 0.05
0 0.078125 0.5625 0.0078125 0.009375
2 0.1015625 0.575 0.03125 0.0625
0 0.1015625 0.55 0.009375 0.009375
2 0.0703125 0.571875 0.015625 0.059375
0 0.071875 0.546875 0.0078125 0.009375
2 0.134375 0.571875 0.03125 0.0640625
0 0.1296875 0.5453125 0.009375 0.0109375
2 0.1875 0.571875 0.01875 0.05
0 0.1859375 0.5515625 0.0078125 0.0078125
2 0.2046875 0.575 0.03125 0.0609375
0 0.2046875 0.55 0.0078125 0.009375
2 0.234375 0.575 0.025 0.0859375
0 0.228125 0.540625 0.009375 0.0125
2 0.253125 0.5703125 0.0234375 0.0609375
0 0.253125 0.546875 0.009375 0.0109375
2 0.24375 0.5703125 0.0140625 0.059375
0 0.2453125 0.5453125 0.00625 0.0078125
2 0.2859375 0.575 0.0078125 0.0203125
0 0.2859375 0.5671875 0.003125 0.003125
2 0.296875 0.5703125 0.0171875 0.0609375
0 0.2984375 0.5453125 0.00625 0.0078125
2 0.3078125 0.56875 0.0296875 0.065625
0 0.3046875 0.5421875 0.009375 0.0125
2 0.3328125 0.5703125 0.01875 0.046875
0 0.3375 0.55 0.00625 0.00625
2 0.3421875 0.5703125 0.0140625 0.0421875
0 0.34375 0.5546875 0.00625 0.0078125
2 0.35 0.56875 0.015625 0.046875
0 0.35 0.55 0.00625 0.00625
2 0.35625 0.571875 0.021875 0.0515625
0 0.3578125 0.5515625 0.0078125 0.009375
2 0.365625 0.5859375 0.0296875 0.04375
0 0.3671875 0.571875 0.009375 0.009375
2 0.375 0.5703125 0.015625 0.040625
0 0.378125 0.553125 0.00625 0.00625
2 0.3890625 0.56875 0.01875 0.0546875
0 0.3890625 0.546875 0.0078125 0.0078125
2 0.39375 0.5828125 0.0375 0.053125
0 0.396875 0.5640625 0.0109375 0.0109375
2 0.415625 0.5703125 0.0203125 0.0453125
0 0.4125 0.5515625 0.00625 0.00625
2 0.4390625 0.575 0.0140625 0.0375
0 0.4390625 0.5609375 0.00625 0.00625
2 0.478125 0.5734375 0.0171875 0.040625
0 0.4796875 0.55625 0.0078125 0.009375
2 0.5296875 0.5734375 0.0125 0.0296875
0 0.5328125 0.5609375 0.0046875 0.0046875
2 0.7984375 0.5828125 0.0296875 0.05
0 0.8 0.565625 0.0109375 0.0125
2 0.8359375 0.584375 0.0375 0.05
0 0.8375 0.565625 0.009375 0.0109375
2 0.871875 0.5859375 0.0328125 0.0484375
0 0.871875 0.56875 0.0109375 0.009375
2 0.8890625 0.5828125 0.0171875 0.046875
0 0.8859375 0.5640625 0.009375 0.009375
2 0.903125 0.5765625 0.025 0.0578125
0 0.9 0.553125 0.009375 0.009375
2 0.928125 0.578125 0.015625 0.0390625
0 0.928125 0.5609375 0.003125 0.003125