2 0.0140625 0.73125 0.028125 0.175
0 0.0125 0.6609375 0.015625 0.0234375
2 0.0171875 0.721875 0.0328125 0.15
0 0.0140625 0.659375 0.0140625 0.021875
2 0.046875 0.734375 0.0609375 0.19375
0 0.053125 0.653125 0.0265625 0.028125
2 0.075 0.71875 0.046875 0.1703125
0 0.0796875 0.65 0.021875 0.0234375
2 0.1390625 0.721875 0.0640625 0.1515625
0 0.1375 0.6578125 0.0171875 0.0171875
2 0.190625 0.6859375 0.034375 0.09375
0 0.190625 0.65 0.0109375 0.0125
0 0.2078125 0.6421875 0.0296875 0.034375
0 0.2453125 0.6140625 0.06875 0.084375
2 0.2984375 0.70625 0.0484375 0.1515625
0 0.296875 0.64375 0.021875 0.0234375
2 0.3359375 0.7125 0.046875 0.1546875
0 0.334375 0.6484375 0.01875 0.01875
2 0.38125 0.7171875 0.05 0.1421875
0 0.378125 0.659375 0.0171875 0.01875
2 0.3984375 0.6953125 0.0328125 0.109375
0 0.3953125 0.65 0.0140625 0.015625
2 0.4234375 0.7328125 0.0734375 0.178125
0 0.434375 0.6578125 0.01875 0.0234375
0 0.465625 0.64375 0.034375 0.0453125
0 0.5234375 0.6296875 0.04375 0.0578125
0 0.54375 0.6515625 0.0484375 0.065625
0 0.6453125 0.65 0.0484375 0.059375
0 0.6875 0.625 0.0453125 0.053125
2 0.7265625 0.7171875 0.0734375 0.196875
0 0.71875 0.634375 0.0234375 0.0265625
2 0.7765625 0.7109375 0.0484375 0.1546875
0 0.778125 0.6484375 0.0171875 0.0203125
2 0.8109375 0.69375 0.0578125 0.1640625
0 0.8046875 0.628125 0.021875 0.0265625
2 0.8484375 0.6984375 0.046875 0.1359375
0 0.840625 0.6421875 0.0171875 0.0203125
2 0.8671875 0.671875 0.0515625 0.1140625
0 0.865625 0.6234375 0.0109375 0.0109375
2 0.875 0.71875 0.05 0.1421875
0 0.8765625 0.665625 0.0203125 0.0234375
0 0.834375 0.678125 0.025 0.0328125
2 0.9125 0.6921875 0.0484375 0.178125
0 0.90625 0.621875 0.0265625 0.03125
0 0.9296875 0.6453125 0.040625 0.04375
0 0.959375 0.6484375 0.028125 0.0296875