2 0.1171875 0.696875 0.075 0.253125
0 0.1171875 0.596875 0.021875 0.0234375
2 0.2015625 0.653125 0.071875 0.284375
0 0.1984375 0.5328125 0.028125 0.034375
2 0.26875 0.6625 0.1015625 0.3265625
0 0.2609375 0.525 0.0390625 0.0453125
2 0.278125 0.6203125 0.096875 0.26875
0 0.2828125 0.509375 0.0265625 0.034375
2 0.34375 0.6359375 0.090625 0.26875
0 0.334375 0.5203125 0.03125 0.0375
2 0.38125 0.665625 0.11875 0.30625
0 0.371875 0.5296875 0.034375 0.0328125
2 0.403125 0.56875 0.0609375 0.1375
0 0.3984375 0.515625 0.021875 0.0265625
2 0.4125 0.6015625 0.0703125 0.209375
0 0.409375 0.5140625 0.025 0.0328125
2 0.46875 0.6515625 0.090625 0.3171875
0 0.465625 0.5171875 0.0296875 0.0375
2 0.53125 0.65 0.0921875 0.29375
0 0.528125 0.528125 0.0296875 0.034375
2 0.5765625 0.5921875 0.13125 0.30625
0 0.56875 0.4578125 0.025 0.034375
2 0.615625 0.5921875 0.178125 0.3109375
0 0.60625 0.4578125 0.034375 0.034375
2 0.66875 0.59375 0.125 0.315625
0 0.659375 0.45625 0.0328125 0.0375
2 0.7140625 0.5921875 0.0640625 0.315625
0 0.7125 0.4578125 0.0328125 0.0359375
2 0.765625 0.61875 0.0765625 0.26875
0 0.7546875 0.509375 0.025 0.0296875
2 0.821875 0.603125 0.06875 0.246875
0 0.815625 0.50625 0.03125 0.03125
2 0.8828125 0.6359375 0.0703125 0.275
0 0.878125 0.5234375 0.03125 0.040625
2 0.90625 0.6515625 0.0953125 0.171875
0 0.89375 0.5875 0.0328125 0.034375
2 0.9390625 0.6203125 0.059375 0.2515625
0 0.9484375 0.5171875 0.0328125 0.0375
0 0.984375 0.53125 0.025 0.0296875
2 0.8109375 0.5890625 0.0828125 0.2609375
0 0.8078125 0.48125 0.0328125 0.0375