2 0.05625 0.584375 0.078125 0.2984375
0 0.06875 0.4609375 0.0359375 0.040625
2 0.125 0.6203125 0.1015625 0.3109375
0 0.140625 0.49375 0.040625 0.046875
2 0.2109375 0.596875 0.0875 0.2359375
0 0.2234375 0.4984375 0.028125 0.03125
2 0.2421875 0.6296875 0.103125 0.340625
0 0.25 0.4875 0.04375 0.0484375
2 0.315625 0.621875 0.084375 0.2609375
0 0.325 0.51875 0.03125 0.04375
2 0.3453125 0.603125 0.078125 0.265625
0 0.34375 0.49375 0.028125 0.0390625
2 0.4140625 0.6234375 0.103125 0.34375
0 0.4234375 0.48125 0.0390625 0.0484375
2 0.44375 0.6203125 0.103125 0.321875
0 0.4546875 0.4890625 0.0328125 0.0390625
2 0.4984375 0.6078125 0.1015625 0.2359375
0 0.525 0.5125 0.028125 0.0375
2 0.54375 0.63125 0.0765625 0.309375
0 0.55 0.4984375 0.0390625 0.0359375
2 0.5765625 0.646875 0.1 0.3140625
0 0.5765625 0.5171875 0.0359375 0.0453125
2 0.61875 0.60625 0.0875 0.275
0 0.6234375 0.490625 0.0328125 0.0359375
2 0.671875 0.640625 0.0953125 0.2703125
0 0.6765625 0.53125 0.03125 0.0375
2 0.778125 0.6390625 0.1125 0.2859375
0 0.7875 0.5171875 0.034375 0.040625
0 0.9265625 0.4875 0.059375 0.0671875
0 0.9578125 0.509375 0.034375 0.0390625
2 0.409375 0.590625 0.1015625 0.259375
0 0.41875 0.48125 0.03125 0.034375