2 0.1171875 0.559375 0.234375 0.5625
0 0.1953125 0.31875 0.0671875 0.071875
2 0.23125 0.559375 0.165625 0.525
0 0.271875 0.34375 0.065625 0.0765625
2 0.3546875 0.571875 0.2234375 0.4890625
0 0.34375 0.3734375 0.0609375 0.078125
2 0.38125 0.521875 0.1578125 0.5140625
0 0.3734375 0.3015625 0.0546875 0.06875
2 0.3984375 0.55625 0.290625 0.53125
0 0.428125 0.3328125 0.0625 0.0796875
2 0.5375 0.5546875 0.23125 0.5359375
0 0.5203125 0.33125 0.0578125 0.0875
2 0.621875 0.596875 0.159375 0.5125
0 0.6234375 0.4 0.0625 0.06875
0 0.6765625 0.33125 0.071875 0.109375
0 0.7171875 0.328125 0.090625 0.11875