0 0.9796875 0.6609375 0.034375 0.0421875
0 0.953125 0.65625 0.0328125 0.0421875
2 0.36875 0.690625 0.015625 0.0421875
0 0.36875 0.675 0.0078125 0.0078125
2 0.3484375 0.6921875 0.015625 0.04375
0 0.3515625 0.678125 0.00625 0.00625
2 0.296875 0.696875 0.01875 0.046875
0 0.2984375 0.6796875 0.00625 0.0078125
2 0.315625 0.696875 0.015625 0.0453125
0 0.3140625 0.6796875 0.00625 0.0078125
2 0.309375 0.696875 0.0140625 0.0484375
0 0.3109375 0.678125 0.0078125 0.0078125
2 0.26875 0.690625 0.0125 0.0390625
0 0.2703125 0.6765625 0.00625 0.0078125
2 0.2625 0.690625 0.0140625 0.0375
0 0.2609375 0.678125 0.0078125 0.009375
2 0.09375 0.70625 0.0203125 0.059375
0 0.096875 0.6828125 0.009375 0.009375
2 0.084375 0.709375 0.01875 0.05625
0 0.084375 0.6875 0.0078125 0.0078125
2 0.5421875 0.6765625 0.0109375 0.028125
0 0.54375 0.6671875 0.00625 0.0046875
2 0.5640625 0.6765625 0.0109375 0.0296875
0 0.5640625 0.665625 0.0046875 0.00625
2 0.6140625 0.675 0.009375 0.025
0 0.6140625 0.665625 0.0046875 0.0046875
2 0.5578125 0.678125 0.009375 0.0265625
0 0.5578125 0.66875 0.0046875 0.0046875