2 0.046875 0.753125 0.04375 0.134375
0 0.0421875 0.6984375 0.015625 0.01875
2 0.109375 0.7796875 0.034375 0.084375
0 0.115625 0.746875 0.015625 0.015625
2 0.240625 0.7890625 0.028125 0.0515625
0 0.240625 0.771875 0.0109375 0.0125
2 0.2578125 0.7515625 0.04375 0.14375
0 0.2546875 0.690625 0.0171875 0.01875
2 0.2109375 0.759375 0.05 0.1375
0 0.221875 0.70625 0.0171875 0.021875
0 0.159375 0.721875 0.015625 0.01875
2 0.2890625 0.73125 0.05 0.1375
0 0.290625 0.675 0.01875 0.0203125
2 0.3171875 0.7125 0.0375 0.1203125
0 0.3203125 0.6625 0.0125 0.0125
2 0.371875 0.759375 0.0296875 0.1203125
0 0.36875 0.7109375 0.0171875 0.01875
2 0.3765625 0.7515625 0.0578125 0.13125
0 0.3875 0.6984375 0.0125 0.01875
2 0.4078125 0.753125 0.0375 0.128125
0 0.4015625 0.7 0.015625 0.0171875
2 0.3671875 0.734375 0.04375 0.13125
0 0.365625 0.6796875 0.0125 0.015625
2 0.3828125 0.6890625 0.034375 0.0984375
0 0.384375 0.6515625 0.0125 0.0140625
2 0.3578125 0.68125 0.040625 0.10625
0 0.365625 0.6390625 0.0125 0.0125
2 0.309375 0.64375 0.034375 0.0890625
0 0.3140625 0.609375 0.009375 0.0109375
2 0.265625 0.640625 0.034375 0.096875
0 0.265625 0.6046875 0.009375 0.0109375
2 0.2484375 0.6359375 0.021875 0.05625
0 0.2484375 0.615625 0.0078125 0.009375
2 0.2625 0.615625 0.03125 0.08125
0 0.259375 0.5828125 0.009375 0.009375
2 0.3109375 0.625 0.03125 0.0875
0 0.3140625 0.590625 0.009375 0.0140625
2 0.359375 0.6484375 0.0359375 0.090625
0 0.3625 0.615625 0.0109375 0.015625
2 0.384375 0.65625 0.028125 0.0796875
0 0.3859375 0.6265625 0.009375 0.0125
2 0.384375 0.634375 0.0296875 0.06875
0 0.384375 0.609375 0.009375 0.0125
2 0.3578125 0.6234375 0.028125 0.071875
0 0.3578125 0.59375 0.0125 0.0125
2 0.340625 0.6125 0.03125 0.08125
0 0.34375 0.5796875 0.009375 0.009375
2 0.3609375 0.6015625 0.028125 0.08125
0 0.3578125 0.5703125 0.009375 0.0125
2 0.309375 0.6015625 0.0265625 0.078125
0 0.3109375 0.5703125 0.009375 0.0125
2 0.25 0.5875 0.0265625 0.0765625
0 0.25 0.55625 0.009375 0.0109375
2 0.2921875 0.5890625 0.025 0.0734375
0 0.29375 0.559375 0.0078125 0.009375
2 0.290625 0.5515625 0.021875 0.059375
0 0.290625 0.528125 0.0078125 0.009375
2 0.3046875 0.528125 0.021875 0.065625
0 0.303125 0.5015625 0.00625 0.00625
2 0.321875 0.5546875 0.0234375 0.0625
0 0.3234375 0.5296875 0.00625 0.00625
2 0.265625 0.515625 0.021875 0.0578125
0 0.265625 0.49375 0.00625 0.0078125
2 0.2453125 0.55625 0.025 0.0625
0 0.246875 0.53125 0.0078125 0.0078125
2 0.246875 0.5109375 0.015625 0.046875
0 0.2453125 0.4953125 0.0046875 0.00625
0 0.859375 0.8 0.01875 0.021875
0 0.884375 0.778125 0.0171875 0.0234375
0 0.853125 0.7703125 0.0265625 0.03125