2 0.5953125 0.646875 0.06875 0.0609375
0 0.56875 0.6265625 0.0125 0.0125
2 0.5796875 0.646875 0.05625 0.059375
0 0.5625 0.6234375 0.009375 0.0109375
2 0.7015625 0.5921875 0.0171875 0.0375
0 0.7046875 0.58125 0.0078125 0.0078125
2 0.709375 0.5890625 0.0171875 0.040625
0 0.7078125 0.575 0.00625 0.00625
2 0.7875 0.65 0.0609375 0.128125
0 0.7890625 0.603125 0.0171875 0.01875
2 0.83125 0.6484375 0.05 0.13125
0 0.828125 0.59375 0.015625 0.021875
2 0.9125 0.6296875 0.0375 0.04375
0 0.9078125 0.6171875 0.0125 0.009375
2 0.9171875 0.6453125 0.0546875 0.05
0 0.9359375 0.628125 0.0125 0.0125