0 0.634375 0.53125 0.05625 0.075
0 0.4875 0.5125 0.0796875 0.0609375
0 0.559375 0.4890625 0.053125 0.0671875
0 0.1703125 0.540625 0.1015625 0.134375
2 0.325 0.5859375 0.05625 0.1375
0 0.3234375 0.528125 0.015625 0.01875
2 0.065625 0.5875 0.034375 0.04375
0 0.0609375 0.571875 0.009375 0.0078125
2 0.896875 0.5703125 0.040625 0.0859375
0 0.896875 0.5359375 0.0109375 0.0140625
0 0.9875 0.5375 0.0109375 0.009375
2 0.7953125 0.559375 0.0234375 0.0515625
0 0.79375 0.5390625 0.0078125 0.0078125
2 0.24375 0.5703125 0.0234375 0.0703125
0 0.2421875 0.5421875 0.0078125 0.0078125
2 0.821875 0.55 0.028125 0.0578125
0 0.8234375 0.528125 0.0078125 0.009375
2 0.8390625 0.546875 0.0203125 0.053125
0 0.840625 0.528125 0.0078125 0.0078125
2 0.925 0.553125 0.0203125 0.053125
0 0.9296875 0.534375 0.0078125 0.009375
2 0.95 0.5578125 0.0171875 0.05
0 0.9484375 0.540625 0.009375 0.0078125
2 0.9625 0.553125 0.015625 0.046875
0 0.9625 0.534375 0.0046875 0.00625