2 0.1265625 0.5890625 0.165625 0.45625
0 0.11875 0.3953125 0.0515625 0.065625
0 0.2484375 0.396875 0.0578125 0.0703125
2 0.3890625 0.5890625 0.1203125 0.425
0 0.3859375 0.409375 0.046875 0.059375
2 0.321875 0.525 0.1234375 0.4359375
0 0.315625 0.3375 0.05 0.059375
2 0.434375 0.4828125 0.1140625 0.3828125
0 0.4296875 0.3234375 0.04375 0.0546875
2 0.4875 0.55625 0.140625 0.4703125
0 0.4875 0.353125 0.0515625 0.0640625
2 0.5546875 0.46875 0.1203125 0.41875
0 0.546875 0.2953125 0.0453125 0.0625
2 0.5921875 0.5828125 0.1140625 0.4203125
0 0.5859375 0.40625 0.0484375 0.0609375
2 0.6734375 0.4734375 0.134375 0.4328125
0 0.6734375 0.290625 0.05 0.0625
2 0.6875 0.56875 0.1328125 0.4375
0 0.6765625 0.3828125 0.0453125 0.0640625
2 0.784375 0.553125 0.1609375 0.4625
0 0.7671875 0.3640625 0.0515625 0.071875
2 0.7875 0.478125 0.1171875 0.4109375
0 0.778125 0.309375 0.04375 0.059375