2 0.1984375 0.646875 0.025 0.0421875
0 0.1953125 0.6296875 0.00625 0.0078125
2 0.2015625 0.6375 0.0328125 0.0421875
0 0.1921875 0.621875 0.0078125 0.0078125
2 0.215625 0.6140625 0.0203125 0.0453125
0 0.215625 0.5953125 0.00625 0.00625
2 0.2171875 0.6109375 0.0203125 0.0484375
0 0.21875 0.590625 0.0078125 0.0078125
2 0.2484375 0.6328125 0.021875 0.05
0 0.2484375 0.6140625 0.0046875 0.0078125
2 0.2546875 0.6109375 0.015625 0.0453125
0 0.2546875 0.5953125 0.00625 0.00625
2 0.2671875 0.6125 0.0171875 0.0421875
0 0.2703125 0.5953125 0.00625 0.00625
2 0.2875 0.6140625 0.015625 0.040625
0 0.2875 0.596875 0.00625 0.0078125
2 0.2828125 0.6125 0.0140625 0.0421875
0 0.2828125 0.5953125 0.0046875 0.00625
2 0.2875 0.6078125 0.0140625 0.0421875
0 0.2875 0.5921875 0.00625 0.00625
2 0.334375 0.6171875 0.015625 0.0453125
0 0.3390625 0.6 0.00625 0.0078125
2 0.35625 0.6171875 0.015625 0.0375
0 0.3546875 0.603125 0.00625 0.00625
2 0.3671875 0.628125 0.015625 0.04375
0 0.365625 0.609375 0.00625 0.00625
2 0.4125 0.634375 0.0125 0.0234375
0 0.4125 0.6265625 0.0046875 0.0046875
2 0.446875 0.6375 0.0125 0.03125
0 0.4484375 0.6265625 0.003125 0.0046875
2 0.4578125 0.6375 0.0125 0.0328125
0 0.4578125 0.625 0.0046875 0.0046875
2 0.471875 0.6390625 0.0140625 0.03125
0 0.471875 0.6265625 0.0046875 0.0046875
2 0.4890625 0.60625 0.0109375 0.028125
0 0.4890625 0.5953125 0.0046875 0.0046875
2 0.5484375 0.6265625 0.0109375 0.0328125
0 0.5484375 0.6140625 0.0046875 0.0046875
2 0.59375 0.66875 0.0171875 0.040625
0 0.5953125 0.653125 0.00625 0.00625
2 0.5203125 0.7125 0.0203125 0.0578125
0 0.521875 0.6890625 0.0078125 0.0078125
2 0.5546875 0.7171875 0.021875 0.053125
0 0.553125 0.696875 0.0078125 0.0078125
2 0.459375 0.7921875 0.028125 0.059375
0 0.4609375 0.76875 0.009375 0.009375
2 0.4796875 0.7859375 0.0265625 0.065625
0 0.478125 0.759375 0.0078125 0.0078125
2 0.66875 0.7828125 0.0234375 0.0640625
0 0.66875 0.75625 0.00625 0.00625
2 0.6953125 0.78125 0.0328125 0.065625
0 0.6984375 0.7546875 0.009375 0.009375
2 0.79375 0.7328125 0.0171875 0.0546875
0 0.7921875 0.7109375 0.0078125 0.0078125
2 0.8234375 0.7578125 0.0140625 0.0484375
0 0.8234375 0.7390625 0.0078125 0.0078125
0 0.890625 0.7875 0.0078125 0.009375
2 0.4984375 0.584375 0.009375 0.021875
0 0.4984375 0.575 0.003125 0.003125
2 0.4953125 0.578125 0.0078125 0.021875
0 0.4953125 0.571875 0.0046875 0.0046875
2 0.471875 0.5796875 0.009375 0.025
0 0.471875 0.5703125 0.003125 0.0046875
2 0.4640625 0.58125 0.009375 0.021875
0 0.4640625 0.571875 0.003125 0.003125
2 0.4546875 0.58125 0.0109375 0.021875
0 0.4546875 0.5734375 0.003125 0.003125
2 0.4390625 0.5765625 0.0078125 0.021875
0 0.4390625 0.5703125 0.003125 0.003125
2 0.2984375 0.55625 0.0078125 0.0171875
0 0.2984375 0.5515625 0.003125 0.003125
2 0.3515625 0.55 0.0078125 0.01875
0 0.3515625 0.54375 0.003125 0.003125
2 0.4125 0.5515625 0.0078125 0.01875
0 0.4125 0.5453125 0.003125 0.0046875
2 0.28125 0.596875 0.0109375 0.03125
0 0.28125 0.5859375 0.00625 0.0046875