2 0.2484375 0.40625 0.04375 0.1109375
0 0.2484375 0.40625 0.04375 0.1109375
2 0.0703125 0.3953125 0.053125 0.1125
0 0.0703125 0.3953125 0.053125 0.1125
2 0.04375 0.5875 0.0359375 0.06875
0 0.04375 0.5578125 0.009375 0.0109375
2 0.0484375 0.5859375 0.0140625 0.0625
0 0.0515625 0.559375 0.0078125 0.009375
2 0.09375 0.5734375 0.0109375 0.040625
0 0.0953125 0.55625 0.00625 0.00625
2 0.1046875 0.571875 0.0125 0.040625
0 0.1046875 0.55625 0.0046875 0.00625
2 0.125 0.575 0.01875 0.0390625
0 0.125 0.559375 0.00625 0.00625
2 0.21875 0.58125 0.0125 0.0421875
0 0.2203125 0.5640625 0.00625 0.00625
2 0.2265625 0.58125 0.009375 0.040625
0 0.2265625 0.565625 0.00625 0.00625
2 0.253125 0.5796875 0.009375 0.0390625
0 0.2546875 0.5640625 0.0046875 0.0046875
2 0.2578125 0.578125 0.0109375 0.0421875
0 0.2609375 0.5609375 0.00625 0.0078125
2 0.2671875 0.58125 0.009375 0.0359375
0 0.2671875 0.5671875 0.0046875 0.0046875
0 0.8359375 0.55625 0.0609375 0.0671875
2 0.94375 0.678125 0.078125 0.225
0 0.946875 0.5828125 0.0296875 0.028125
0 0.946875 0.5828125 0.03125 0.028125