2 0.1171875 0.540625 0.0203125 0.040625
0 0.1171875 0.525 0.00625 0.0078125
2 0.1484375 0.5390625 0.021875 0.053125
0 0.1515625 0.51875 0.009375 0.0078125
2 0.1734375 0.5390625 0.0296875 0.0609375
0 0.175 0.5140625 0.0078125 0.009375
2 0.190625 0.5390625 0.021875 0.0578125
0 0.1984375 0.515625 0.0078125 0.009375
2 0.203125 0.534375 0.034375 0.071875
0 0.2140625 0.50625 0.009375 0.0109375
2 0.2578125 0.534375 0.0328125 0.0734375
0 0.2625 0.5078125 0.0078125 0.0125
2 0.2875 0.540625 0.0359375 0.06875
0 0.296875 0.5140625 0.0078125 0.0109375
2 0.3015625 0.5421875 0.03125 0.0703125
0 0.3046875 0.515625 0.0125 0.0125
2 0.31875 0.540625 0.021875 0.0640625
0 0.3234375 0.515625 0.0078125 0.009375
2 0.3546875 0.5421875 0.0359375 0.0640625
0 0.35625 0.5171875 0.009375 0.0109375
2 0.3671875 0.54375 0.034375 0.0640625
0 0.3640625 0.5171875 0.0078125 0.0078125
2 0.559375 0.54375 0.0125 0.028125
0 0.5609375 0.5328125 0.003125 0.003125
2 0.68125 0.5375 0.021875 0.0515625
0 0.684375 0.51875 0.0078125 0.0078125
2 0.7328125 0.5375 0.0328125 0.0734375
0 0.73125 0.5109375 0.0140625 0.0171875
2 0.8109375 0.5328125 0.046875 0.0875
0 0.8078125 0.5015625 0.0125 0.0140625
2 0.24375 0.5390625 0.0203125 0.059375
0 0.2453125 0.515625 0.0078125 0.0078125
2 0.2265625 0.534375 0.0203125 0.0640625
0 0.228125 0.509375 0.009375 0.009375