2 0.0859375 0.5375 0.040625 0.10625
0 0.090625 0.4921875 0.0109375 0.0109375
2 0.096875 0.5390625 0.084375 0.1640625
0 0.0921875 0.4734375 0.021875 0.0265625
2 0.1390625 0.534375 0.0453125 0.1078125
0 0.1359375 0.4890625 0.0140625 0.0140625
2 0.1640625 0.53125 0.015625 0.059375
0 0.165625 0.5078125 0.0078125 0.0078125
2 0.2 0.525 0.06875 0.18125
0 0.2 0.4484375 0.025 0.025
2 0.2453125 0.5265625 0.0828125 0.2625
0 0.253125 0.4140625 0.0296875 0.0359375
2 0.28125 0.5375 0.06875 0.178125
0 0.284375 0.4625 0.021875 0.0265625
2 0.2875 0.5296875 0.046875 0.1734375
0 0.2890625 0.45625 0.01875 0.0203125
2 0.340625 0.5296875 0.090625 0.25625
0 0.3375 0.4203125 0.0328125 0.034375
2 0.4234375 0.6140625 0.2046875 0.30625
0 0.4515625 0.4953125 0.05 0.065625
2 0.43125 0.5078125 0.0796875 0.25
0 0.428125 0.40625 0.0296875 0.0390625
2 0.465625 0.509375 0.059375 0.2078125
0 0.4671875 0.4203125 0.0234375 0.0296875
2 0.4984375 0.528125 0.0640625 0.1734375
0 0.4890625 0.459375 0.01875 0.021875
2 0.534375 0.528125 0.065625 0.1953125
0 0.540625 0.446875 0.025 0.028125
2 0.584375 0.5203125 0.0296875 0.103125
0 0.578125 0.4890625 0.0109375 0.0125
2 0.603125 0.53125 0.0640625 0.18125
0 0.6 0.4546875 0.01875 0.0234375
2 0.6453125 0.534375 0.025 0.0859375
0 0.6421875 0.4984375 0.0109375 0.0125
2 0.6546875 0.5296875 0.046875 0.1046875
0 0.6578125 0.4875 0.0125 0.0140625
2 0.6734375 0.525 0.0359375 0.1046875
0 0.6703125 0.4828125 0.0125 0.015625
2 0.6921875 0.5296875 0.028125 0.1015625
0 0.690625 0.4875 0.0109375 0.0140625
2 0.709375 0.5234375 0.034375 0.1125
0 0.7015625 0.4765625 0.0125 0.0140625
2 0.7234375 0.528125 0.0203125 0.071875
0 0.721875 0.4984375 0.0109375 0.0109375
2 0.7390625 0.5234375 0.01875 0.0671875
0 0.740625 0.496875 0.009375 0.009375
2 0.7484375 0.5234375 0.0140625 0.065625
0 0.7484375 0.496875 0.009375 0.0109375
2 0.765625 0.5203125 0.0203125 0.0671875
0 0.7671875 0.4921875 0.00625 0.009375
2 0.778125 0.5265625 0.0234375 0.0796875
0 0.7765625 0.4921875 0.009375 0.0109375
2 0.8 0.525 0.0296875 0.0890625
0 0.8 0.4875 0.009375 0.0109375
2 0.81875 0.525 0.0234375 0.084375
0 0.8203125 0.4890625 0.0109375 0.0109375
2 0.84375 0.521875 0.04375 0.09375
0 0.840625 0.4828125 0.0109375 0.0109375
2 0.86875 0.521875 0.0140625 0.06875
0 0.86875 0.49375 0.0078125 0.0078125
2 0.878125 0.521875 0.025 0.08125
0 0.878125 0.4890625 0.009375 0.0109375
2 0.890625 0.51875 0.0171875 0.0671875
0 0.8890625 0.4921875 0.0078125 0.009375
2 0.6796875 0.7015625 0.334375 0.1484375
0 0.5875 0.6984375 0.05625 0.0625