0 0.790625 0.4828125 0.0625 0.0796875
2 0.6828125 0.578125 0.078125 0.240625
0 0.6953125 0.475 0.028125 0.0296875
2 0.8625 0.5890625 0.0546875 0.1828125
0 0.8609375 0.515625 0.021875 0.0265625
2 0.546875 0.55625 0.0671875 0.1875
0 0.55625 0.478125 0.0265625 0.0265625
2 0.4953125 0.534375 0.04375 0.1328125
0 0.4890625 0.4828125 0.015625 0.01875
2 0.446875 0.5390625 0.0484375 0.128125
0 0.44375 0.4890625 0.0171875 0.01875
0 0.359375 0.5046875 0.0375 0.0390625
2 0.478125 0.5359375 0.03125 0.1125
0 0.475 0.490625 0.0140625 0.0140625