2 0.771875 0.6015625 0.1015625 0.290625
0 0.78125 0.4796875 0.0375 0.046875
2 0.625 0.609375 0.1 0.3234375
0 0.6328125 0.471875 0.034375 0.0421875
2 0.5203125 0.578125 0.090625 0.25
0 0.5234375 0.4734375 0.034375 0.0359375
2 0.484375 0.515625 0.0484375 0.121875
0 0.4828125 0.4640625 0.0140625 0.01875
2 0.36875 0.5015625 0.03125 0.0734375
0 0.365625 0.471875 0.0078125 0.0109375
2 0.8421875 0.4890625 0.0125 0.0296875
0 0.840625 0.478125 0.0046875 0.0046875
2 0.8328125 0.4890625 0.0109375 0.0296875
0 0.8328125 0.478125 0.0046875 0.0046875
2 0.8171875 0.4890625 0.0125 0.03125
0 0.8171875 0.478125 0.0046875 0.0046875
2 0.6 0.496875 0.0171875 0.0421875
0 0.6015625 0.4796875 0.0046875 0.00625
2 0.578125 0.50625 0.0125 0.025
0 0.5796875 0.496875 0.0046875 0.0046875
2 0.5796875 0.5015625 0.015625 0.0328125
0 0.5796875 0.4890625 0.0046875 0.00625