2 0.0234375 0.6953125 0.0453125 0.20625
0 0.0125 0.6078125 0.025 0.028125
2 0.0296875 0.678125 0.040625 0.178125
0 0.0265625 0.6046875 0.01875 0.021875
2 0.0578125 0.69375 0.0625 0.1578125
0 0.0703125 0.628125 0.01875 0.0203125
2 0.103125 0.6890625 0.046875 0.165625
0 0.103125 0.61875 0.025 0.021875
2 0.1421875 0.7015625 0.0828125 0.1953125
0 0.15 0.61875 0.025 0.025
2 0.2 0.6734375 0.053125 0.1671875
0 0.2 0.603125 0.0203125 0.0234375
2 0.3328125 0.6671875 0.040625 0.1734375
0 0.3265625 0.6015625 0.0234375 0.0265625
0 0.3046875 0.615625 0.03125 0.0359375
0 0.26875 0.6328125 0.0734375 0.0890625
2 0.3875 0.684375 0.0671875 0.2
0 0.3828125 0.603125 0.0265625 0.0296875
2 0.3640625 0.65625 0.04375 0.128125
0 0.36875 0.6 0.0125 0.0109375
2 0.4234375 0.6765625 0.05 0.16875
0 0.41875 0.60625 0.021875 0.0265625
2 0.446875 0.675 0.0265625 0.15625
0 0.446875 0.609375 0.01875 0.021875
2 0.4765625 0.6765625 0.05 0.196875
0 0.4859375 0.5953125 0.0234375 0.0265625
0 0.5140625 0.63125 0.05 0.0515625
2 0.56875 0.7046875 0.0578125 0.19375
0 0.571875 0.621875 0.025 0.0265625
2 0.6078125 0.6921875 0.0484375 0.1890625
0 0.603125 0.6140625 0.0265625 0.0296875
2 0.628125 0.684375 0.034375 0.1578125
0 0.621875 0.615625 0.021875 0.0234375
2 0.6578125 0.665625 0.034375 0.1078125
0 0.6609375 0.6265625 0.015625 0.01875
0 0.7109375 0.60625 0.0203125 0.025
0 0.675 0.6359375 0.034375 0.034375
2 0.715625 0.6765625 0.053125 0.171875
0 0.7125 0.6046875 0.01875 0.025
0 0.7625 0.6453125 0.0328125 0.034375
2 0.7921875 0.66875 0.03125 0.1421875
0 0.790625 0.6109375 0.015625 0.01875
2 0.85 0.6859375 0.065625 0.196875
0 0.846875 0.6046875 0.0265625 0.0265625
2 0.890625 0.675 0.05625 0.19375
0 0.8875 0.59375 0.0234375 0.0265625
2 0.8921875 0.709375 0.0734375 0.228125
0 0.89375 0.6140625 0.0296875 0.0328125
2 0.940625 0.6921875 0.053125 0.1796875
0 0.9328125 0.621875 0.0265625 0.03125
2 0.5609375 0.659375 0.034375 0.125
0 0.5640625 0.6078125 0.015625 0.01875
2 0.253125 0.36875 0.0625 0.1890625
0 0.253125 0.36875 0.0625 0.1890625
2 0.44375 0.36875 0.096875 0.2078125
0 0.44375 0.36875 0.096875 0.2078125
2 0.29375 0.49375 0.0890625 0.1984375
0 0.29375 0.49375 0.0890625 0.1984375