2 0.1890625 0.6328125 0.0859375 0.4546875
0 0.171875 0.434375 0.05 0.0578125
2 0.2484375 0.64375 0.128125 0.421875
0 0.259375 0.4765625 0.053125 0.059375
2 0.3 0.6328125 0.1171875 0.425
0 0.3 0.45625 0.0578125 0.0640625
2 0.3984375 0.58125 0.309375 0.6890625
0 0.4453125 0.3296875 0.06875 0.0828125
2 0.53125 0.6296875 0.2984375 0.7109375
0 0.5484375 0.33125 0.0796875 0.0875
2 0.646875 0.6328125 0.125 0.396875
0 0.6546875 0.475 0.046875 0.0546875
2 0.7234375 0.6328125 0.1140625 0.3390625
0 0.7234375 0.4984375 0.0375 0.0421875
2 0.771875 0.6375 0.096875 0.2890625
0 0.7734375 0.521875 0.034375 0.0390625
2 0.8109375 0.6328125 0.0828125 0.2609375
0 0.8140625 0.534375 0.028125 0.0359375