2 0.7046875 0.603125 0.0453125 0.10625
0 0.703125 0.5625 0.015625 0.015625
2 0.6875 0.584375 0.040625 0.1046875
0 0.6828125 0.54375 0.0125 0.015625
2 0.6375 0.559375 0.0171875 0.034375
0 0.6375 0.546875 0.00625 0.00625
2 0.6109375 0.553125 0.0109375 0.0296875
0 0.609375 0.5421875 0.0046875 0.0046875
2 0.6046875 0.5640625 0.01875 0.04375
0 0.6046875 0.5453125 0.0046875 0.00625
2 0.590625 0.5703125 0.021875 0.046875
0 0.5890625 0.5515625 0.0078125 0.00625
2 0.6203125 0.665625 0.103125 0.2234375
0 0.6296875 0.571875 0.025 0.03125
2 0.60625 0.6484375 0.0328125 0.109375
0 0.6046875 0.60625 0.015625 0.01875
2 0.5234375 0.690625 0.134375 0.278125
0 0.515625 0.575 0.0359375 0.04375
2 0.55 0.63125 0.05 0.1796875
0 0.5453125 0.559375 0.0234375 0.0296875
2 0.4515625 0.6453125 0.059375 0.221875
0 0.45 0.5546875 0.0265625 0.0328125
2 0.475 0.6484375 0.053125 0.2015625
0 0.4640625 0.559375 0.01875 0.0203125
2 0.4890625 0.6390625 0.0453125 0.1671875
0 0.484375 0.571875 0.0234375 0.028125
2 0.403125 0.671875 0.084375 0.2109375
0 0.4109375 0.5828125 0.025 0.03125
0 0.1796875 0.5546875 0.0484375 0.0515625
2 0.2203125 0.6953125 0.08125 0.2984375
0 0.2328125 0.56875 0.0375 0.04375
2 0.51875 0.6671875 0.06875 0.2015625
0 0.53125 0.58125 0.025 0.028125