0 0.9171875 0.23125 0.090625 0.103125
2 0.7578125 0.5015625 0.18125 0.6125
0 0.746875 0.25 0.071875 0.0921875
2 0.6171875 0.4890625 0.171875 0.54375
0 0.6078125 0.2703125 0.0703125 0.09375
2 0.4890625 0.5015625 0.1796875 0.5625
0 0.4875 0.28125 0.071875 0.0984375
2 0.33125 0.49375 0.1828125 0.6453125
0 0.33125 0.2453125 0.0734375 0.109375
2 0.1609375 0.5 0.1984375 0.571875
0 0.178125 0.28125 0.075 0.103125
0 0.1671875 0.5125 0.0953125 0.1203125
0 0.3828125 0.4921875 0.096875 0.128125
0 0.571875 0.5203125 0.090625 0.1171875
0 0.7171875 0.48125 0.0796875 0.1140625