0 0.053125 0.7625 0.009375 0.009375
2 0.10625 0.7734375 0.0203125 0.0625
0 0.1078125 0.75 0.009375 0.009375
2 0.1296875 0.76875 0.021875 0.0609375
0 0.13125 0.746875 0.0109375 0.0109375
2 0.13125 0.7578125 0.01875 0.059375
0 0.128125 0.734375 0.0078125 0.0078125
2 0.125 0.7203125 0.021875 0.05625
0 0.1234375 0.6984375 0.0078125 0.00625
0 0.1546875 0.778125 0.009375 0.009375
2 0.1609375 0.765625 0.028125 0.059375
0 0.165625 0.74375 0.009375 0.0109375
2 0.178125 0.7515625 0.01875 0.04375
0 0.1765625 0.734375 0.009375 0.009375
0 0.175 0.7703125 0.0109375 0.0125
2 0.21875 0.753125 0.025 0.075
0 0.2234375 0.721875 0.009375 0.009375
2 0.246875 0.7328125 0.028125 0.053125
0 0.2484375 0.7125 0.00625 0.0078125
0 0.2875 0.784375 0.0078125 0.0078125
2 0.14375 0.678125 0.015625 0.0453125
0 0.1421875 0.6609375 0.00625 0.00625
2 0.146875 0.6703125 0.0125 0.040625
0 0.146875 0.6546875 0.00625 0.00625
2 0.18125 0.659375 0.0125 0.0328125
0 0.184375 0.6484375 0.0046875 0.00625
2 0.2640625 0.69375 0.0234375 0.05
0 0.265625 0.675 0.00625 0.00625
2 0.278125 0.6890625 0.01875 0.05
0 0.278125 0.66875 0.0078125 0.0078125
2 0.271875 0.653125 0.0140625 0.0375
0 0.2734375 0.6390625 0.00625 0.00625
2 0.2859375 0.6515625 0.0171875 0.040625
0 0.2859375 0.634375 0.0078125 0.00625
2 0.384375 0.7546875 0.0265625 0.05625
0 0.384375 0.7328125 0.0078125 0.009375
2 0.40625 0.74375 0.01875 0.05
0 0.40625 0.725 0.0078125 0.009375
2 0.4203125 0.740625 0.025 0.059375
0 0.4171875 0.7171875 0.009375 0.009375
2 0.46875 0.7125 0.01875 0.040625
0 0.46875 0.6984375 0.00625 0.00625
2 0.5109375 0.715625 0.015625 0.0484375
0 0.5125 0.6984375 0.00625 0.00625
2 0.54375 0.7046875 0.0234375 0.046875
0 0.5453125 0.6875 0.00625 0.00625
2 0.5703125 0.6984375 0.01875 0.046875
0 0.571875 0.6796875 0.00625 0.00625
2 0.615625 0.6921875 0.015625 0.0390625
0 0.6125 0.678125 0.009375 0.0078125
2 0.6171875 0.68125 0.015625 0.0421875
0 0.615625 0.665625 0.00625 0.00625
2 0.603125 0.64375 0.0171875 0.0453125
0 0.60625 0.628125 0.00625 0.0078125
2 0.5171875 0.6875 0.021875 0.040625
0 0.5171875 0.675 0.00625 0.0078125