2 0.215625 0.56875 0.1140625 0.1484375
0 0.18125 0.5125 0.0203125 0.021875
2 0.121875 0.5796875 0.0546875 0.059375
0 0.1125 0.559375 0.015625 0.015625
2 0.1484375 0.509375 0.0359375 0.103125
0 0.1484375 0.465625 0.0125 0.0125
2 0.121875 0.471875 0.046875 0.071875
0 0.1359375 0.4453125 0.015625 0.015625
2 0.4171875 0.5203125 0.01875 0.053125
0 0.415625 0.5015625 0.009375 0.009375
2 0.3375 0.5640625 0.040625 0.0578125
0 0.346875 0.546875 0.009375 0.0140625
2 0.2875 0.6140625 0.040625 0.0703125
0 0.2875 0.5890625 0.0171875 0.015625
2 0.3265625 0.6109375 0.034375 0.0640625
0 0.3265625 0.5890625 0.0140625 0.015625
2 0.428125 0.69375 0.0328125 0.078125
0 0.434375 0.66875 0.015625 0.0203125
2 0.2921875 0.7265625 0.0625 0.075
0 0.2875 0.70625 0.01875 0.01875
0 0.8125 0.809375 0.028125 0.03125
0 0.846875 0.796875 0.0296875 0.0234375
2 0.9515625 0.590625 0.0453125 0.0546875
0 0.95 0.571875 0.0109375 0.0125
2 0.953125 0.58125 0.0359375 0.059375
0 0.9515625 0.5640625 0.0109375 0.0140625
2 0.9109375 0.5484375 0.0640625 0.04375
0 0.915625 0.5359375 0.009375 0.0109375
2 0.85625 0.5046875 0.025 0.040625
0 0.8578125 0.4921875 0.009375 0.0109375
2 0.30625 0.471875 0.0265625 0.065625
0 0.30625 0.4453125 0.009375 0.009375
2 0.334375 0.46875 0.034375 0.065625
0 0.3390625 0.44375 0.009375 0.009375
2 0.346875 0.4734375 0.0296875 0.0625
0 0.3453125 0.45 0.009375 0.009375
2 0.378125 0.475 0.0328125 0.03125
0 0.3734375 0.4671875 0.009375 0.009375
2 0.4203125 0.4796875 0.0328125 0.040625
0 0.4171875 0.4671875 0.009375 0.009375
2 0.4453125 0.478125 0.025 0.04375
0 0.44375 0.4625 0.009375 0.0109375
2 0.4859375 0.4765625 0.028125 0.05625
0 0.48125 0.4546875 0.0109375 0.009375
2 0.5125 0.465625 0.0328125 0.071875
0 0.5125 0.4390625 0.009375 0.009375
2 0.5703125 0.471875 0.0171875 0.065625
0 0.5703125 0.446875 0.00625 0.009375
2 0.5921875 0.475 0.015625 0.059375
0 0.5921875 0.453125 0.009375 0.009375
2 0.66875 0.46875 0.021875 0.0296875
0 0.6703125 0.4609375 0.009375 0.0109375
2 0.734375 0.4640625 0.0296875 0.06875
0 0.728125 0.4375 0.009375 0.0109375
2 0.75 0.4703125 0.025 0.0375
0 0.753125 0.4578125 0.009375 0.009375
2 0.784375 0.46875 0.028125 0.03125
0 0.7796875 0.459375 0.009375 0.009375
2 0.553125 0.4390625 0.025 0.0390625
0 0.5546875 0.4265625 0.00625 0.009375
2 0.5859375 0.440625 0.01875 0.0328125
0 0.584375 0.4296875 0.009375 0.0078125
2 0.615625 0.4375 0.0171875 0.0359375
0 0.6140625 0.425 0.0078125 0.0078125
2 0.65625 0.41875 0.021875 0.0265625
0 0.6609375 0.4109375 0.00625 0.00625
2 0.63125 0.4453125 0.015625 0.0296875
0 0.6328125 0.4359375 0.0046875 0.0046875
2 0.828125 0.4484375 0.0203125 0.0640625
0 0.8296875 0.4265625 0.009375 0.009375
2 0.859375 0.4546875 0.015625 0.0421875
0 0.8578125 0.440625 0.0078125 0.009375
2 0.8765625 0.45 0.0140625 0.0359375
0 0.8765625 0.4375 0.003125 0.0046875
2 0.909375 0.4203125 0.0171875 0.0453125
0 0.9109375 0.403125 0.00625 0.00625
2 0.9375 0.4171875 0.0234375 0.04375
0 0.9390625 0.3984375 0.009375 0.00625
2 0.9296875 0.4140625 0.015625 0.0453125
0 0.93125 0.396875 0.00625 0.00625
2 0.9578125 0.415625 0.0140625 0.046875
0 0.959375 0.396875 0.0078125 0.00625
2 0.575 0.3625 0.0140625 0.025
0 0.578125 0.3546875 0.0046875 0.00625
2 0.565625 0.3625 0.015625 0.0265625
0 0.5640625 0.3546875 0.003125 0.003125
2 0.34375 0.35625 0.015625 0.034375
0 0.34375 0.3453125 0.0046875 0.0046875