2 0.071875 0.71015625 0.14375 0.1671875
0 0.015625 0.646875 0.03125 0.034375
2 0.084375 0.6828125 0.15 0.1484375
0 0.0421875 0.6296875 0.0328125 0.0359375
2 0.2234375 0.69375 0.1359375 0.16875
0 0.240625 0.6296875 0.03125 0.0328125
2 0.0765625 0.6140625 0.05625 0.103125
0 0.0734375 0.571875 0.0140625 0.0140625
2 0.115625 0.609375 0.04375 0.10625
0 0.1140625 0.5671875 0.015625 0.01875
2 0.153125 0.6078125 0.0453125 0.1125
0 0.1578125 0.5625 0.0171875 0.0171875
2 0.1953125 0.6125 0.040625 0.109375
0 0.19375 0.5671875 0.0125 0.0140625
2 0.2296875 0.6015625 0.028125 0.0734375
0 0.2265625 0.571875 0.0125 0.0125
2 0.2125 0.59375 0.025 0.06875
0 0.2125 0.5671875 0.009375 0.0109375
2 0.2515625 0.59375 0.021875 0.075
0 0.25 0.5640625 0.009375 0.0125
2 0.2625 0.596875 0.0265625 0.0703125
0 0.2671875 0.56875 0.009375 0.0109375
2 0.278125 0.59375 0.0234375 0.075
0 0.2796875 0.5625 0.0125 0.0109375
2 0.2953125 0.596875 0.03125 0.0765625
0 0.29375 0.5671875 0.0078125 0.0078125
2 0.30625 0.6234375 0.0484375 0.05625
0 0.3078125 0.60625 0.0140625 0.015625
2 0.325 0.6234375 0.0296875 0.071875
0 0.325 0.5984375 0.015625 0.0171875
2 0.3234375 0.5890625 0.0328125 0.059375
0 0.3296875 0.565625 0.0078125 0.0109375
2 0.3578125 0.5875 0.034375 0.06875
0 0.35625 0.559375 0.009375 0.009375
2 0.3390625 0.6546875 0.0515625 0.115625
0 0.3375 0.609375 0.021875 0.021875
2 0.3671875 0.625 0.05 0.0796875
0 0.3640625 0.5953125 0.015625 0.0171875
2 0.4375 0.66875 0.0703125 0.125
0 0.4390625 0.6234375 0.03125 0.03125
2 0.421875 0.5859375 0.034375 0.08125
0 0.4234375 0.5546875 0.0125 0.0140625
2 0.453125 0.5859375 0.0328125 0.0703125
0 0.453125 0.5609375 0.0109375 0.0109375
2 0.48125 0.5984375 0.0375 0.0859375
0 0.4828125 0.5625 0.0125 0.0125
2 0.465625 0.6625 0.05625 0.1203125
0 0.4671875 0.6171875 0.0265625 0.025
2 0.5171875 0.584375 0.034375 0.0703125
0 0.5203125 0.55625 0.009375 0.0109375
2 0.5734375 0.640625 0.090625 0.203125
0 0.5859375 0.5546875 0.028125 0.0296875
2 0.609375 0.5796875 0.0234375 0.0625
0 0.6109375 0.5546875 0.0078125 0.0078125
2 0.634375 0.5859375 0.021875 0.0609375
0 0.6328125 0.5625 0.0078125 0.0078125
2 0.628125 0.5828125 0.01875 0.0578125
0 0.63125 0.5578125 0.0078125 0.0078125
2 0.65 0.58125 0.0203125 0.0640625
0 0.65 0.5546875 0.00625 0.00625
2 0.665625 0.5859375 0.0234375 0.071875
0 0.6671875 0.55625 0.009375 0.0109375
2 0.6859375 0.590625 0.028125 0.0640625
0 0.6859375 0.5640625 0.0078125 0.0078125
2 0.7484375 0.625 0.0609375 0.1765625
0 0.75625 0.5515625 0.021875 0.028125
2 0.8203125 0.6328125 0.065625 0.1625
0 0.8078125 0.5671875 0.01875 0.025
2 0.896875 0.603125 0.0484375 0.115625
0 0.890625 0.55625 0.0171875 0.0171875
2 0.8484375 0.5859375 0.0296875 0.0921875
0 0.846875 0.546875 0.0109375 0.0109375