2 0.7171875 0.49375 0.1625 0.35625
0 0.7484375 0.3484375 0.0484375 0.0609375
2 0.509375 0.51875 0.1890625 0.309375
0 0.490625 0.396875 0.05 0.0546875
2 0.353125 0.5328125 0.14375 0.3890625
0 0.340625 0.3765625 0.0484375 0.0625
2 0.2609375 0.5296875 0.14375 0.3328125
0 0.2265625 0.3953125 0.0578125 0.0609375
2 0.509375 0.48125 0.1109375 0.2625
0 0.496875 0.378125 0.0390625 0.0515625
2 0.653125 0.4390625 0.0484375 0.1625
0 0.6515625 0.378125 0.0265625 0.0296875
2 0.78125 0.4546875 0.059375 0.2328125
0 0.7796875 0.3625 0.0375 0.0375