2 0.034375 0.4953125 0.025 0.053125
0 0.0375 0.475 0.00625 0.0078125
2 0.01875 0.534375 0.021875 0.0484375
0 0.0203125 0.5171875 0.0078125 0.0078125
2 0.075 0.540625 0.025 0.034375
0 0.075 0.5296875 0.0078125 0.009375
2 0.015625 0.55625 0.021875 0.0390625
0 0.0171875 0.54375 0.0078125 0.0078125
2 0.078125 0.571875 0.03125 0.053125
0 0.08125 0.5515625 0.0078125 0.0125
2 0.1359375 0.53125 0.0109375 0.0375
0 0.134375 0.51875 0.0046875 0.0046875
2 0.2 0.534375 0.01875 0.0328125
0 0.2015625 0.528125 0.0078125 0.0109375
2 0.24375 0.5375 0.01875 0.03125
0 0.24375 0.528125 0.0046875 0.0078125
2 0.5828125 0.55 0.021875 0.0390625
0 0.584375 0.5359375 0.009375 0.009375
2 0.6390625 0.5453125 0.0203125 0.0328125
0 0.6390625 0.5328125 0.0078125 0.0078125
2 0.678125 0.5578125 0.0265625 0.0390625
0 0.68125 0.5453125 0.0078125 0.0078125
2 0.6984375 0.5578125 0.01875 0.0390625
0 0.6953125 0.5453125 0.0078125 0.0078125
2 0.725 0.5578125 0.01875 0.040625
0 0.7265625 0.5421875 0.0046875 0.0046875
2 0.6046875 0.61875 0.025 0.04375
0 0.60625 0.603125 0.009375 0.009375
2 0.6875 0.6078125 0.0234375 0.046875
0 0.6875 0.5921875 0.009375 0.009375
2 0.8359375 0.5390625 0.025 0.0328125
0 0.834375 0.53125 0.00625 0.0078125
2 0.85 0.5625 0.0265625 0.0484375
0 0.8453125 0.5453125 0.0078125 0.009375
2 0.803125 0.571875 0.021875 0.03125
0 0.803125 0.5609375 0.009375 0.009375
2 0.8296875 0.615625 0.0421875 0.0765625
0 0.8265625 0.5890625 0.0109375 0.0125
2 0.9796875 0.584375 0.0265625 0.04375
0 0.9765625 0.56875 0.009375 0.0109375
2 0.0453125 0.66875 0.090625 0.271875
0 0.04375 0.5515625 0.0296875 0.0328125
2 0.04375 0.665625 0.08125 0.2125
0 0.0578125 0.5765625 0.025 0.0296875
0 0.24375 0.575 0.0296875 0.0421875
2 0.234375 0.6703125 0.090625 0.1703125
0 0.2390625 0.6015625 0.0296875 0.0296875
2 0.309375 0.565625 0.2578125 0.5140625
0 0.2953125 0.3765625 0.05625 0.0546875
2 0.35 0.6828125 0.0296875 0.084375
0 0.3515625 0.6484375 0.0109375 0.0109375
2 0.434375 0.6859375 0.109375 0.29375
0 0.434375 0.5578125 0.028125 0.03125
2 0.4984375 0.5109375 0.1609375 0.5703125
0 0.5359375 0.36875 0.04375 0.0390625
2 0.546875 0.703125 0.0828125 0.14375
0 0.53125 0.646875 0.01875 0.021875
2 0.6359375 0.6921875 0.071875 0.2140625
0 0.628125 0.6 0.0203125 0.025
2 0.6796875 0.690625 0.078125 0.1875
0 0.68125 0.6125 0.015625 0.01875
0 0.74375 0.590625 0.0296875 0.028125
2 0.7828125 0.7109375 0.0765625 0.1953125
0 0.775 0.628125 0.021875 0.0265625
0 0.9859375 0.628125 0.021875 0.0234375
2 0.703125 0.621875 0.0203125 0.0421875
0 0.7015625 0.6078125 0.009375 0.0125