0 0.953125 0.4953125 0.046875 0.0765625
0 0.9078125 0.459375 0.046875 0.0625
0 0.84375 0.45625 0.0390625 0.053125
2 0.8609375 0.4015625 0.0421875 0.0765625
0 0.865625 0.371875 0.0109375 0.0140625
2 0.753125 0.4125 0.0375 0.0828125
0 0.7546875 0.3796875 0.0140625 0.0140625
2 0.69375 0.40625 0.025 0.06875
0 0.6921875 0.3796875 0.0109375 0.0140625
0 0.7671875 0.4640625 0.0609375 0.0859375
0 0.765625 0.453125 0.05 0.0578125
0 0.778125 0.4328125 0.053125 0.065625
0 0.703125 0.45 0.046875 0.0625
0 0.625 0.48125 0.0484375 0.06875
2 0.5 0.5890625 0.09375 0.2984375
0 0.4921875 0.46875 0.04375 0.05625
0 0.3859375 0.471875 0.0578125 0.06875
0 0.43125 0.45 0.0453125 0.0546875
0 0.284375 0.4640625 0.0578125 0.071875
0 0.2921875 0.4328125 0.046875 0.065625
0 0.2515625 0.453125 0.0421875 0.059375
0 0.240625 0.421875 0.0453125 0.053125
0 0.03125 0.465625 0.053125 0.059375
0 0.121875 0.4859375 0.0453125 0.053125
0 0.1609375 0.44375 0.0453125 0.0546875
2 0.10625 0.5015625 0.06875 0.2171875
0 0.1046875 0.4078125 0.028125 0.0328125
2 0.15 0.4734375 0.0625 0.196875
0 0.15625 0.3953125 0.021875 0.034375
2 0.01875 0.4265625 0.0375 0.146875
0 0.0171875 0.3703125 0.01875 0.0265625
2 0.3703125 0.4546875 0.040625 0.1609375
0 0.375 0.3921875 0.0203125 0.025
0 0.5765625 0.5046875 0.0453125 0.0515625