2 0.03125 0.5515625 0.046875 0.115625
0 0.034375 0.503125 0.0171875 0.01875
2 0.0609375 0.5453125 0.0421875 0.1234375
0 0.0703125 0.49375 0.01875 0.0171875
2 0.1171875 0.5515625 0.03125 0.1140625
0 0.1203125 0.503125 0.0125 0.0140625
2 0.125 0.5546875 0.040625 0.1109375
0 0.1296875 0.5078125 0.0140625 0.0171875
2 0.1921875 0.55 0.0421875 0.121875
0 0.196875 0.4984375 0.0171875 0.0171875
2 0.2421875 0.5515625 0.0265625 0.1140625
0 0.2453125 0.50625 0.0171875 0.0171875
2 0.26875 0.5515625 0.0390625 0.140625
0 0.2703125 0.4921875 0.0171875 0.0171875
2 0.3046875 0.5453125 0.04375 0.1546875
0 0.309375 0.4859375 0.01875 0.021875
2 0.35 0.5515625 0.1 0.31875
0 0.35625 0.41875 0.0375 0.04375
2 0.3984375 0.5453125 0.03125 0.1390625
0 0.4 0.4890625 0.0171875 0.021875
2 0.459375 0.5546875 0.090625 0.284375
0 0.459375 0.4390625 0.0296875 0.040625
2 0.51875 0.5625 0.0734375 0.246875
0 0.5328125 0.465625 0.03125 0.0421875
2 0.5234375 0.5609375 0.0796875 0.2484375
0 0.53125 0.465625 0.0265625 0.0421875
0 0.6765625 0.403125 0.06875 0.071875
2 0.815625 0.5203125 0.20625 0.41875
0 0.784375 0.346875 0.040625 0.053125
2 0.871875 0.559375 0.06875 0.1421875
0 0.865625 0.5015625 0.021875 0.021875
2 0.89375 0.5546875 0.0390625 0.115625
0 0.9 0.5046875 0.0140625 0.0140625
2 0.9453125 0.5484375 0.0609375 0.171875
0 0.9484375 0.475 0.025 0.025
2 0.9734375 0.559375 0.0390625 0.1109375
0 0.9625 0.5171875 0.0140625 0.0140625