2 0.05 0.403125 0.05 0.090625
0 0.05625 0.3703125 0.0234375 0.025
2 0.06875 0.4 0.040625 0.084375
0 0.0703125 0.3671875 0.0140625 0.01875
2 0.16875 0.4078125 0.05 0.09375
0 0.16875 0.3734375 0.01875 0.01875
2 0.1953125 0.4 0.04375 0.08125
0 0.2 0.371875 0.015625 0.0171875
2 0.1578125 0.38125 0.040625 0.1109375
0 0.159375 0.3390625 0.015625 0.015625
2 0.2203125 0.3484375 0.04375 0.078125
0 0.215625 0.3203125 0.0125 0.0125
2 0.259375 0.3515625 0.040625 0.075
0 0.2609375 0.321875 0.0125 0.0125
2 0.328125 0.3515625 0.034375 0.0828125
0 0.3265625 0.31875 0.0125 0.0140625
2 0.346875 0.3546875 0.0359375 0.0734375
0 0.35 0.325 0.0109375 0.0109375
2 0.3671875 0.353125 0.0515625 0.078125
0 0.371875 0.3234375 0.0109375 0.0140625
2 0.565625 0.390625 0.05 0.1078125
0 0.5703125 0.3515625 0.015625 0.015625
2 0.3609375 0.4390625 0.0703125 0.103125
0 0.36875 0.4046875 0.025 0.03125
2 0.328125 0.5234375 0.2 0.25625
0 0.2921875 0.434375 0.05625 0.065625
0 0.2171875 0.46875 0.11875 0.134375
0 0.821875 0.4828125 0.128125 0.1234375
2 0.696875 0.5921875 0.29375 0.3515625
0 0.746875 0.4734375 0.078125 0.0859375
2 0.6234375 0.5578125 0.178125 0.2953125
0 0.6625 0.4484375 0.0546875 0.06875