2 0.0125 0.63671875 0.025 0.1640625
0 0.00625 0.56875 0.0125 0.0203125
2 0.021875 0.5953125 0.0234375 0.05
0 0.025 0.575 0.0078125 0.0078125
2 0.059375 0.6125 0.0265625 0.0484375
0 0.059375 0.596875 0.009375 0.0109375
2 0.178125 0.6890625 0.1046875 0.2375
0 0.18125 0.59375 0.0296875 0.034375
2 0.2703125 0.678125 0.1 0.2390625
0 0.265625 0.5765625 0.0265625 0.03125
2 0.328125 0.6375 0.0609375 0.1515625
0 0.3359375 0.575 0.01875 0.021875
2 0.3921875 0.6328125 0.05625 0.146875
0 0.39375 0.5734375 0.0171875 0.021875
2 0.38125 0.61875 0.04375 0.1140625
0 0.384375 0.575 0.0171875 0.0171875
2 0.4203125 0.63125 0.040625 0.13125
0 0.421875 0.578125 0.0140625 0.01875
2 0.46875 0.628125 0.0609375 0.1328125
0 0.465625 0.5734375 0.015625 0.01875
2 0.521875 0.65625 0.0671875 0.175
0 0.51875 0.584375 0.0234375 0.0265625
2 0.58125 0.634375 0.0578125 0.2015625
0 0.5875 0.5484375 0.0265625 0.028125
2 0.559375 0.6296875 0.0390625 0.13125
0 0.5609375 0.575 0.01875 0.0171875
0 0.6484375 0.5375 0.05625 0.0609375
0 0.7015625 0.60625 0.03125 0.04375
2 0.725 0.640625 0.0609375 0.2
0 0.7234375 0.5671875 0.028125 0.034375
2 0.809375 0.6921875 0.125 0.29375
0 0.809375 0.56875 0.0375 0.040625