2 0.3359375 0.740625 0.03125 0.13125
0 0.3453125 0.696875 0.0125 0.0125
2 0.39375 0.7421875 0.040625 0.1140625
0 0.39375 0.7 0.0125 0.0125
2 0.434375 0.728125 0.034375 0.096875
0 0.440625 0.6890625 0.0140625 0.015625
2 0.471875 0.73125 0.05 0.1
0 0.4734375 0.690625 0.0109375 0.0109375
2 0.8640625 0.7359375 0.0453125 0.090625
0 0.8546875 0.6953125 0.0125 0.0140625
2 0.128125 0.7109375 0.021875 0.059375
0 0.1328125 0.6859375 0.00625 0.0078125
2 0.103125 0.703125 0.021875 0.0578125
0 0.109375 0.6796875 0.00625 0.0078125
2 0.159375 0.7125 0.025 0.053125
0 0.1671875 0.690625 0.0078125 0.00625
2 0.2390625 0.715625 0.0265625 0.0640625
0 0.2421875 0.6921875 0.009375 0.0109375
2 0.25625 0.715625 0.021875 0.059375
0 0.2578125 0.6921875 0.0078125 0.0078125
2 0.2078125 0.7125 0.021875 0.046875
0 0.209375 0.696875 0.00625 0.00625
2 0.2765625 0.703125 0.01875 0.05
0 0.2765625 0.6828125 0.00625 0.00625
2 0.3296875 0.71875 0.0296875 0.0640625
0 0.33125 0.69375 0.00625 0.00625
2 0.5125 0.709375 0.021875 0.040625
0 0.5109375 0.69375 0.0046875 0.0046875
2 0.55 0.7171875 0.025 0.06875
0 0.5515625 0.6890625 0.0078125 0.009375
2 0.56875 0.7109375 0.021875 0.059375
0 0.5671875 0.6859375 0.0078125 0.0078125
2 0.584375 0.7125 0.021875 0.0515625
0 0.5828125 0.6921875 0.00625 0.0046875
2 0.74375 0.715625 0.028125 0.0640625
0 0.7375 0.6890625 0.0078125 0.0078125
2 0.428125 0.7078125 0.0171875 0.0484375
0 0.428125 0.6890625 0.00625 0.0078125
2 0.5296875 0.7078125 0.0125 0.0484375
0 0.53125 0.6890625 0.00625 0.00625
2 0.3015625 0.696875 0.009375 0.0375
0 0.303125 0.684375 0.0046875 0.0046875
2 0.3953125 0.7078125 0.015625 0.0375
0 0.3953125 0.690625 0.00625 0.0046875
2 0.4109375 0.703125 0.0109375 0.0421875
0 0.4109375 0.703125 0.0109375 0.0421875
2 0.5015625 0.703125 0.0078125 0.0390625
0 0.503125 0.6890625 0.0046875 0.00625
2 0.8140625 0.7125 0.0109375 0.05
0 0.8140625 0.6921875 0.00625 0.00625