2 0.2140625 0.4875 0.1125 0.3625
0 0.2265625 0.3390625 0.0453125 0.0515625
2 0.2921875 0.4875 0.096875 0.3421875
0 0.3 0.3453125 0.04375 0.05
2 0.3921875 0.4625 0.1375 0.39375
0 0.3875 0.296875 0.0453125 0.0546875
2 0.5109375 0.48125 0.103125 0.371875
0 0.509375 0.33125 0.04375 0.0515625
2 0.6125 0.4734375 0.1265625 0.39375
0 0.6078125 0.309375 0.046875 0.0609375
2 0.70625 0.48125 0.1265625 0.371875
0 0.7171875 0.328125 0.04375 0.05625
2 0.8296875 0.4890625 0.1140625 0.31875
0 0.8171875 0.365625 0.053125 0.0671875
2 0.2484375 0.5875 0.26875 0.228125
0 0.2765625 0.5125 0.05 0.065625
2 0.35625 0.5984375 0.19375 0.253125
0 0.3359375 0.50625 0.0515625 0.0609375
2 0.4484375 0.584375 0.1234375 0.246875
0 0.4703125 0.4953125 0.046875 0.0625
2 0.503125 0.5890625 0.2109375 0.240625
0 0.55625 0.5 0.0484375 0.059375
2 0.6671875 0.5984375 0.18125 0.2171875
0 0.63125 0.5265625 0.046875 0.065625
2 0.703125 0.6125 0.209375 0.23125
0 0.7140625 0.534375 0.053125 0.06875
2 0.8234375 0.6328125 0.1578125 0.25625
0 0.8203125 0.5421875 0.053125 0.0703125