2 0.3484375 0.6265625 0.0375 0.0875
0 0.3546875 0.5890625 0.0078125 0.009375
2 0.5484375 0.6046875 0.021875 0.0671875
0 0.553125 0.5765625 0.009375 0.0109375
2 0.5609375 0.60625 0.028125 0.06875
0 0.5609375 0.578125 0.0078125 0.009375
2 0.590625 0.609375 0.0296875 0.08125
0 0.5921875 0.5734375 0.0125 0.0109375
2 0.6171875 0.6171875 0.040625 0.0796875
0 0.6125 0.584375 0.009375 0.0078125
2 0.63125 0.60625 0.021875 0.0640625
0 0.63125 0.5796875 0.0078125 0.009375
2 0.65 0.6078125 0.01875 0.05625
0 0.6515625 0.584375 0.0078125 0.0078125
2 0.6609375 0.6015625 0.0171875 0.05
0 0.6609375 0.58125 0.00625 0.00625
2 0.6765625 0.603125 0.021875 0.0484375
0 0.675 0.584375 0.00625 0.0078125
2 0.6921875 0.59375 0.0171875 0.040625
0 0.690625 0.578125 0.0078125 0.00625
2 0.7671875 0.6078125 0.028125 0.06875
0 0.7640625 0.5796875 0.0109375 0.0125
2 0.759375 0.5890625 0.0109375 0.0328125
0 0.7609375 0.578125 0.0078125 0.0078125
2 0.790625 0.6125 0.03125 0.065625
0 0.7859375 0.5859375 0.009375 0.0109375
2 0.8328125 0.603125 0.0171875 0.0484375
0 0.83125 0.584375 0.0078125 0.0078125
2 0.871875 0.6 0.0203125 0.04375
0 0.8734375 0.5828125 0.00625 0.00625
2 0.9515625 0.609375 0.0234375 0.0546875
0 0.9546875 0.5859375 0.0078125 0.0078125
2 0.8921875 0.6703125 0.065625 0.153125
0 0.8890625 0.6078125 0.021875 0.021875
0 0.915625 0.596875 0.0375 0.03125
2 0.9625 0.634375 0.0328125 0.0875
0 0.9671875 0.5984375 0.0109375 0.0125
2 0.8390625 0.596875 0.015625 0.0359375
0 0.8375 0.584375 0.0078125 0.0078125
2 0.8546875 0.6 0.0171875 0.0453125
0 0.853125 0.58125 0.00625 0.00625