2 0.015625 0.5875 0.03125 0.228125
0 0.00625 0.4953125 0.0125 0.0375
2 0.06875 0.584375 0.096875 0.3046875
0 0.0734375 0.4578125 0.0328125 0.0421875
2 0.075 0.6140625 0.0765625 0.3109375
0 0.08125 0.484375 0.0359375 0.0453125
2 0.1078125 0.5671875 0.06875 0.25
0 0.11875 0.4671875 0.0296875 0.0328125
2 0.146875 0.5546875 0.059375 0.20625
0 0.1515625 0.46875 0.025 0.028125
2 0.1671875 0.6125 0.08125 0.2875
0 0.171875 0.4953125 0.0296875 0.0421875
2 0.2546875 0.6078125 0.08125 0.26875
0 0.2640625 0.5015625 0.0359375 0.04375
2 0.2765625 0.60625 0.059375 0.2390625
0 0.284375 0.5125 0.0265625 0.0359375
2 0.3546875 0.6015625 0.096875 0.2453125
0 0.3359375 0.496875 0.0328125 0.0296875
2 0.38125 0.59375 0.0671875 0.228125
0 0.3859375 0.5 0.03125 0.0328125
2 0.40625 0.596875 0.0671875 0.24375
0 0.4109375 0.49375 0.0265625 0.0296875
2 0.453125 0.5953125 0.0703125 0.2171875
0 0.4515625 0.503125 0.0234375 0.028125
2 0.4734375 0.6078125 0.0765625 0.2453125
0 0.4875 0.509375 0.0296875 0.0375
2 0.5140625 0.596875 0.0546875 0.2203125
0 0.5234375 0.5046875 0.0296875 0.03125
2 0.54375 0.584375 0.0609375 0.2109375
0 0.5484375 0.496875 0.0265625 0.0296875
2 0.5890625 0.5875 0.0546875 0.1765625
0 0.5890625 0.5171875 0.0171875 0.0203125
2 0.60625 0.596875 0.0640625 0.221875
0 0.615625 0.5078125 0.028125 0.034375
2 0.6609375 0.5671875 0.0515625 0.146875
0 0.6546875 0.50625 0.0203125 0.021875
2 0.659375 0.6046875 0.0609375 0.184375
0 0.665625 0.5265625 0.0234375 0.0234375
2 0.696875 0.571875 0.0515625 0.146875
0 0.6890625 0.5125 0.0234375 0.0265625
2 0.7421875 0.5765625 0.05 0.1515625
0 0.7421875 0.5109375 0.0203125 0.0265625
2 0.734375 0.6140625 0.0671875 0.24375
0 0.7421875 0.509375 0.03125 0.03125
2 0.809375 0.58125 0.0671875 0.16875
0 0.828125 0.5140625 0.0234375 0.0296875
2 0.8484375 0.584375 0.075 0.20625
0 0.859375 0.5015625 0.025 0.0296875
2 0.915625 0.5984375 0.059375 0.2109375
0 0.921875 0.5109375 0.0296875 0.03125
2 0.4875 0.578125 0.0546875 0.228125
0 0.4875 0.4828125 0.0234375 0.0296875
2 0.446875 0.5765625 0.046875 0.1796875
0 0.4515625 0.5015625 0.01875 0.0265625
2 0.425 0.565625 0.0421875 0.1546875
0 0.43125 0.503125 0.0203125 0.0234375
2 0.2375 0.56875 0.0515625 0.1828125
0 0.2359375 0.490625 0.0203125 0.0234375
2 0.1953125 0.55 0.05 0.1859375
0 0.190625 0.4734375 0.0203125 0.025
2 0.1796875 0.596875 0.0765625 0.2484375
0 0.1890625 0.4921875 0.028125 0.034375
2 0.1859375 0.5734375 0.0765625 0.2109375
0 0.1890625 0.490625 0.0265625 0.0296875
2 0.0375 0.546875 0.0484375 0.1609375
0 0.046875 0.478125 0.0140625 0.0203125