2 0.1671875 0.6203125 0.0296875 0.075
0 0.1640625 0.5890625 0.009375 0.0109375
2 0.2015625 0.615625 0.025 0.0671875
0 0.2078125 0.590625 0.0078125 0.009375
2 0.228125 0.6140625 0.028125 0.075
0 0.2296875 0.5859375 0.009375 0.009375
2 0.253125 0.6140625 0.0296875 0.078125
0 0.253125 0.5859375 0.009375 0.0109375
2 0.2671875 0.6140625 0.028125 0.0796875
0 0.2671875 0.584375 0.0125 0.0140625
2 0.3140625 0.6171875 0.021875 0.0578125
0 0.31875 0.5953125 0.0078125 0.0078125
2 0.3203125 0.6125 0.01875 0.0578125
0 0.3234375 0.5890625 0.0078125 0.0078125
2 0.340625 0.6046875 0.0140625 0.0578125
0 0.3390625 0.5828125 0.0078125 0.0078125
2 0.3921875 0.6203125 0.0390625 0.0828125
0 0.3921875 0.5859375 0.0109375 0.0109375
2 0.4484375 0.6828125 0.0765625 0.215625
0 0.4359375 0.596875 0.025 0.03125
2 0.4359375 0.7109375 0.0984375 0.2328125
0 0.45 0.61875 0.025 0.028125
2 0.4890625 0.6890625 0.06875 0.125
0 0.490625 0.6390625 0.0203125 0.021875
2 0.5390625 0.6515625 0.071875 0.1046875
0 0.553125 0.6125 0.01875 0.01875
2 0.64375 0.6421875 0.06875 0.1625
0 0.65 0.5765625 0.0203125 0.025
2 0.63125 0.6734375 0.075 0.103125
0 0.6390625 0.6375 0.0234375 0.0234375
2 0.6828125 0.65 0.05 0.140625
0 0.678125 0.5953125 0.01875 0.021875
2 0.703125 0.6390625 0.040625 0.121875
0 0.7015625 0.590625 0.0125 0.0171875
2 0.73125 0.6640625 0.046875 0.16875
0 0.734375 0.5953125 0.021875 0.025
2 0.7671875 0.671875 0.0671875 0.1828125
0 0.7578125 0.5953125 0.028125 0.0234375
2 0.7796875 0.6296875 0.0421875 0.121875
0 0.7796875 0.5796875 0.0171875 0.015625
2 0.8046875 0.634375 0.04375 0.125
0 0.8078125 0.5859375 0.0140625 0.0171875
2 0.81875 0.6296875 0.0453125 0.115625
0 0.8171875 0.5796875 0.0125 0.015625
2 0.86875 0.6515625 0.0625 0.1375
0 0.871875 0.59375 0.0203125 0.0171875
0 0.925 0.6015625 0.040625 0.0359375
2 0.5109375 0.609375 0.028125 0.0671875
0 0.5140625 0.58125 0.0109375 0.009375
2 0.484375 0.6296875 0.0390625 0.1046875
0 0.4890625 0.590625 0.01875 0.01875
2 0.503125 0.61875 0.0171875 0.04375
0 0.503125 0.6046875 0.00625 0.00625