2 0.75625 0.628125 0.0296875 0.1
0 0.759375 0.590625 0.0140625 0.015625
2 0.546875 0.55625 0.0265625 0.0609375
0 0.5484375 0.534375 0.009375 0.009375
2 0.4875 0.55 0.028125 0.0609375
0 0.4875 0.528125 0.009375 0.009375
2 0.15625 0.61875 0.01875 0.1
0 0.1546875 0.5796875 0.009375 0.0140625
2 0.1890625 0.5984375 0.04375 0.065625
0 0.178125 0.571875 0.009375 0.009375
2 0.2078125 0.5921875 0.03125 0.0453125
0 0.203125 0.5765625 0.009375 0.0078125
2 0.29375 0.5890625 0.0390625 0.0546875
0 0.3015625 0.5703125 0.0078125 0.009375
2 0.4515625 0.5828125 0.0203125 0.0421875
0 0.45 0.5671875 0.00625 0.00625
2 0.3890625 0.6140625 0.0203125 0.0546875
0 0.3921875 0.59375 0.0078125 0.0078125
2 0.4140625 0.6109375 0.0140625 0.053125
0 0.4171875 0.590625 0.00625 0.00625
2 0.43125 0.6140625 0.025 0.0546875
0 0.434375 0.59375 0.0078125 0.009375
2 0.6203125 0.5828125 0.015625 0.04375
0 0.621875 0.5671875 0.00625 0.0078125
2 0.6671875 0.5796875 0.028125 0.053125
0 0.6703125 0.559375 0.0078125 0.0078125
2 0.8234375 0.6234375 0.021875 0.0765625
0 0.8234375 0.59375 0.009375 0.009375
2 0.8 0.61875 0.021875 0.0640625
0 0.7984375 0.5921875 0.00625 0.00625
2 0.459375 0.6125 0.034375 0.053125
0 0.4609375 0.5921875 0.009375 0.0078125
2 0.2546875 0.6125 0.0234375 0.0671875
0 0.2515625 0.584375 0.0078125 0.0078125
2 0.453125 0.6140625 0.021875 0.053125
0 0.4546875 0.59375 0.00625 0.00625
2 0.8171875 0.6171875 0.028125 0.0640625
0 0.81875 0.5921875 0.009375 0.009375