2 0.1140625 0.534375 0.05625 0.103125
0 0.1125 0.503125 0.0234375 0.03125
2 0.1703125 0.525 0.053125 0.109375
0 0.1703125 0.4875 0.021875 0.028125
2 0.2171875 0.5234375 0.0484375 0.1078125
0 0.215625 0.484375 0.021875 0.028125
2 0.259375 0.525 0.0453125 0.0984375
0 0.259375 0.4921875 0.0203125 0.0296875
2 0.309375 0.5203125 0.059375 0.103125
0 0.3140625 0.4859375 0.01875 0.0265625
2 0.3578125 0.5125 0.0484375 0.1109375
0 0.3578125 0.4734375 0.021875 0.028125
2 0.4046875 0.509375 0.046875 0.115625
0 0.403125 0.4671875 0.021875 0.025
2 0.4390625 0.5109375 0.040625 0.10625
0 0.4390625 0.475 0.0171875 0.0234375
2 0.4796875 0.50625 0.046875 0.1125
0 0.48125 0.465625 0.01875 0.025
2 0.51875 0.50625 0.0515625 0.11875
0 0.5203125 0.4625 0.0203125 0.025
2 0.559375 0.5078125 0.0453125 0.10625
0 0.559375 0.471875 0.0203125 0.025
2 0.596875 0.5109375 0.0484375 0.1046875
0 0.596875 0.4765625 0.021875 0.028125
2 0.6421875 0.509375 0.053125 0.1078125
0 0.6421875 0.471875 0.0234375 0.0265625
2 0.6953125 0.5 0.0578125 0.1234375
0 0.69375 0.453125 0.021875 0.028125
2 0.74375 0.5015625 0.059375 0.11875
0 0.740625 0.4578125 0.021875 0.025
2 0.7921875 0.496875 0.0515625 0.121875
0 0.79375 0.453125 0.0265625 0.028125
2 0.840625 0.4859375 0.065625 0.1390625
0 0.83125 0.440625 0.028125 0.0328125
2 0.890625 0.49375 0.0640625 0.128125
0 0.8875 0.4453125 0.025 0.0265625
2 0.846875 0.453125 0.0640625 0.175
0 0.834375 0.3859375 0.025 0.0296875
2 0.8 0.4515625 0.05625 0.165625
0 0.7953125 0.384375 0.021875 0.028125
2 0.75625 0.45625 0.05 0.1546875
0 0.75625 0.3953125 0.01875 0.028125
2 0.7171875 0.45625 0.0609375 0.153125
0 0.721875 0.4015625 0.0203125 0.0296875
2 0.73125 0.4265625 0.0515625 0.1515625
0 0.73125 0.365625 0.021875 0.028125
2 0.671875 0.4703125 0.0453125 0.11875
0 0.66875 0.4296875 0.0171875 0.028125
2 0.6375 0.4734375 0.0484375 0.121875
0 0.6375 0.4296875 0.021875 0.028125
2 0.5890625 0.4609375 0.0484375 0.1328125
0 0.5875 0.409375 0.01875 0.028125
2 0.5390625 0.4578125 0.0484375 0.1265625
0 0.5421875 0.409375 0.021875 0.0265625
2 0.49375 0.4765625 0.0484375 0.1046875
0 0.490625 0.4390625 0.01875 0.025
2 0.4359375 0.4859375 0.0421875 0.090625
0 0.434375 0.4515625 0.0203125 0.021875
2 0.38125 0.4796875 0.040625 0.1125
0 0.384375 0.440625 0.01875 0.0234375
2 0.4859375 0.465625 0.0640625 0.1
0 0.4890625 0.4359375 0.021875 0.028125
2 0.3453125 0.4765625 0.040625 0.0875
0 0.3390625 0.4484375 0.021875 0.028125
2 0.309375 0.4859375 0.04375 0.1046875
0 0.3078125 0.4484375 0.021875 0.028125
2 0.2734375 0.490625 0.040625 0.1078125
0 0.2765625 0.453125 0.021875 0.0265625
2 0.21875 0.5046875 0.0453125 0.11875
0 0.2203125 0.4578125 0.021875 0.021875
2 0.1640625 0.5 0.0546875 0.115625
0 0.1640625 0.45625 0.021875 0.0265625
2 0.1515625 0.459375 0.065625 0.171875
0 0.146875 0.3984375 0.021875 0.0296875
2 0.2140625 0.46875 0.0453125 0.1578125
0 0.215625 0.40625 0.0203125 0.028125
2 0.2546875 0.4609375 0.04375 0.15
0 0.253125 0.4046875 0.0234375 0.028125
2 0.2984375 0.4578125 0.053125 0.1578125
0 0.2953125 0.39375 0.01875 0.0265625
2 0.35 0.459375 0.0453125 0.153125
0 0.346875 0.4 0.0203125 0.025
2 0.390625 0.4484375 0.05 0.1578125
0 0.3875 0.3859375 0.01875 0.025
2 0.4375 0.453125 0.05 0.1421875
0 0.4390625 0.396875 0.01875 0.0234375
2 0.4828125 0.4421875 0.0515625 0.1546875
0 0.48125 0.38125 0.021875 0.028125
2 0.58125 0.4578125 0.0671875 0.1625
0 0.571875 0.3953125 0.021875 0.0296875
2 0.684375 0.43125 0.0671875 0.1640625
0 0.690625 0.36875 0.0203125 0.025
2 0.6515625 0.4375 0.0640625 0.1703125
0 0.646875 0.371875 0.021875 0.0296875
2 0.603125 0.4390625 0.059375 0.159375
0 0.6015625 0.375 0.01875 0.0234375
2 0.528125 0.440625 0.0515625 0.1609375
0 0.5265625 0.375 0.01875 0.025
2 0.4609375 0.428125 0.0578125 0.165625
0 0.459375 0.359375 0.0234375 0.025
2 0.396875 0.43125 0.0578125 0.15625
0 0.3953125 0.3703125 0.0203125 0.025
2 0.33125 0.4375 0.05 0.1375
0 0.3296875 0.384375 0.0171875 0.0234375
2 0.3421875 0.4203125 0.0546875 0.153125
0 0.3421875 0.359375 0.0203125 0.025
2 0.29375 0.428125 0.05 0.1515625
0 0.29375 0.3703125 0.021875 0.0234375
2 0.2578125 0.421875 0.04375 0.134375
0 0.25625 0.3734375 0.021875 0.0265625
2 0.21875 0.4453125 0.0578125 0.1265625
0 0.2265625 0.39375 0.01875 0.025
2 0.190625 0.440625 0.078125 0.18125
0 0.19375 0.365625 0.021875 0.0265625