0 0.178125 0.6578125 0.0640625 0.0671875
2 0.246875 0.7796875 0.190625 0.4109375
0 0.2171875 0.603125 0.0609375 0.05625
0 0.3046875 0.5734375 0.0578125 0.059375
2 0.378125 0.73125 0.1265625 0.365625
0 0.3671875 0.5734375 0.040625 0.0453125
2 0.4125 0.71875 0.1359375 0.290625
0 0.4125 0.5953125 0.0328125 0.040625
2 0.459375 0.6578125 0.065625 0.2234375
0 0.465625 0.565625 0.021875 0.03125
2 0.48125 0.80625 0.115625 0.240625
0 0.475 0.721875 0.0296875 0.0421875
2 0.4984375 0.64375 0.059375 0.203125
0 0.496875 0.5609375 0.025 0.03125
2 0.55 0.7484375 0.1015625 0.359375
0 0.540625 0.5953125 0.0328125 0.0484375
2 0.5609375 0.653125 0.0671875 0.2046875
0 0.5609375 0.565625 0.0203125 0.025
2 0.621875 0.7453125 0.121875 0.434375
0 0.6125 0.5578125 0.0453125 0.053125
2 0.665625 0.7234375 0.1296875 0.3296875
0 0.646875 0.5890625 0.03125 0.040625
2 0.653125 0.6578125 0.0734375 0.25
0 0.6546875 0.553125 0.0265625 0.0359375
2 0.6984375 0.603125 0.0484375 0.140625
0 0.7 0.546875 0.0171875 0.021875
2 0.684375 0.6109375 0.071875 0.159375
0 0.6765625 0.546875 0.01875 0.0203125
2 0.8390625 0.6140625 0.053125 0.1671875
0 0.8359375 0.54375 0.01875 0.0203125
2 0.7828125 0.609375 0.0546875 0.165625
0 0.778125 0.5390625 0.01875 0.0203125
2 0.7703125 0.5984375 0.05625 0.1328125
0 0.7625 0.5421875 0.0171875 0.0171875
2 0.7328125 0.5875 0.0328125 0.1015625
0 0.7328125 0.5453125 0.0140625 0.0109375
2 0.8109375 0.5609375 0.0296875 0.0796875
0 0.8109375 0.5328125 0.0109375 0.0140625
2 0.7375 0.5984375 0.028125 0.078125
0 0.7375 0.5984375 0.028125 0.078125
2 0.575 0.6 0.04375 0.125
0 0.5734375 0.55 0.0125 0.0171875