2 0.184375 0.4859375 0.065625 0.16875
0 0.1859375 0.415625 0.021875 0.0265625
2 0.2453125 0.48125 0.0640625 0.16875
0 0.234375 0.4125 0.0234375 0.028125
2 0.2453125 0.446875 0.046875 0.1109375
0 0.234375 0.4125 0.0234375 0.028125
2 0.375 0.546875 0.19375 0.1640625
0 0.3 0.4875 0.03125 0.0375
2 0.4046875 0.490625 0.103125 0.2546875
0 0.396875 0.3859375 0.0375 0.040625
2 0.48125 0.5109375 0.1203125 0.25625
0 0.5078125 0.40625 0.034375 0.0484375
2 0.6421875 0.5109375 0.1 0.24375
0 0.6265625 0.409375 0.034375 0.0390625
2 0.696875 0.471875 0.0515625 0.1828125
0 0.6921875 0.396875 0.025 0.0296875
2 0.571875 0.475 0.040625 0.16875
0 0.5703125 0.40625 0.01875 0.025
2 0.3078125 0.4890625 0.046875 0.1515625
0 0.30625 0.4234375 0.021875 0.0234375
2 0.325 0.4703125 0.034375 0.1515625
0 0.321875 0.4078125 0.01875 0.021875
2 0.353125 0.4828125 0.0359375 0.1546875
0 0.353125 0.4203125 0.01875 0.0234375
2 0.4609375 0.4921875 0.0640625 0.234375
0 0.4640625 0.39375 0.028125 0.0359375
2 0.4484375 0.4734375 0.0453125 0.16875
0 0.4484375 0.403125 0.021875 0.0265625
2 0.43125 0.4734375 0.0375 0.1734375
0 0.4296875 0.403125 0.021875 0.0234375
2 0.5203125 0.471875 0.0421875 0.18125
0 0.5125 0.39375 0.0171875 0.0203125
2 0.721875 0.409375 0.01875 0.0578125
0 0.7234375 0.3875 0.0078125 0.0078125
2 0.7359375 0.4078125 0.0171875 0.053125
0 0.734375 0.3875 0.00625 0.0078125
2 0.66875 0.4390625 0.0265625 0.0890625
0 0.6703125 0.403125 0.0125 0.0125
2 0.7046875 0.4359375 0.03125 0.0953125
0 0.703125 0.3984375 0.0125 0.0140625
2 0.76875 0.475 0.0484375 0.175
0 0.7796875 0.403125 0.025 0.0296875
2 0.8015625 0.4796875 0.05 0.171875
0 0.8046875 0.4109375 0.025 0.028125
2 0.8953125 0.4890625 0.1859375 0.1671875
0 0.921875 0.421875 0.028125 0.03125
2 0.8796875 0.459375 0.0640625 0.165625
0 0.878125 0.3890625 0.0203125 0.025
2 0.828125 0.4109375 0.01875 0.0578125
0 0.8265625 0.390625 0.009375 0.009375
2 0.9328125 0.403125 0.0234375 0.05625
0 0.9328125 0.38125 0.009375 0.009375
2 0.8890625 0.3953125 0.0203125 0.0640625
0 0.8890625 0.3703125 0.0109375 0.0109375
2 0.909375 0.409375 0.0265625 0.0609375
0 0.90625 0.3875 0.0078125 0.009375
2 0.9859375 0.4234375 0.0203125 0.0296875
0 0.9796875 0.415625 0.0078125 0.0078125
2 0.971875 0.421875 0.0171875 0.0296875
0 0.9703125 0.4125 0.00625 0.00625
2 0.959375 0.4234375 0.0140625 0.028125
0 0.9609375 0.415625 0.00625 0.00625
2 0.95 0.4203125 0.0109375 0.0296875
0 0.95 0.409375 0.00625 0.00625
2 0.003125 0.43828125 0.00625 0.0515625
0 0.0015625 0.41875 0.0015625 0.00625
2 0.075 0.434375 0.0140625 0.05
0 0.0765625 0.4140625 0.0078125 0.0078125
2 0.0125 0.4390625 0.0125 0.0484375
0 0.0125 0.421875 0.0078125 0.0078125