0 0.09375 0.43125 0.065625 0.071875
0 0.2859375 0.3234375 0.05625 0.0734375
2 0.396875 0.55 0.2578125 0.540625
0 0.4078125 0.4453125 0.05625 0.0734375
0 0.5203125 0.3265625 0.0875 0.0890625
0 0.925 0.2 0.0609375 0.0765625
2 0.0296875 0.41875 0.059375 0.2046875
0 0.0078125 0.340625 0.015625 0.0375
2 0.090625 0.403125 0.0796875 0.21875
0 0.0796875 0.3140625 0.0265625 0.034375
2 0.1578125 0.3875 0.0765625 0.2140625
0 0.1453125 0.3046875 0.0265625 0.028125
2 0.2859375 0.34375 0.0859375 0.209375
0 0.2765625 0.2703125 0.0265625 0.03125
2 0.03125 0.359375 0.0625 0.2515625
0 0.0078125 0.253125 0.015625 0.034375
2 0.0828125 0.3515625 0.1015625 0.225
0 0.0609375 0.2609375 0.0265625 0.034375
2 0.1640625 0.328125 0.103125 0.2453125
0 0.14375 0.2296875 0.0328125 0.028125
2 0.228125 0.30625 0.10625 0.2640625
0 0.209375 0.19375 0.028125 0.03125
2 0.30625 0.2609375 0.090625 0.1984375
0 0.2890625 0.16875 0.025 0.015625
2 0.4375 0.296875 0.1 0.25
0 0.421875 0.2046875 0.025 0.028125
2 0.51875 0.275 0.0953125 0.2265625
0 0.496875 0.1734375 0.0265625 0.025
2 0.6328125 0.28125 0.1078125 0.23125
0 0.628125 0.1921875 0.0265625 0.03125
2 0.7125 0.2578125 0.0765625 0.190625
0 0.6953125 0.1828125 0.03125 0.028125
2 0.765625 0.2625 0.096875 0.2046875
0 0.753125 0.178125 0.0265625 0.0328125
2 0.840625 0.25625 0.09375 0.190625
0 0.81875 0.16875 0.0296875 0.0140625
2 0.125 0.30625 0.0734375 0.2
0 0.1109375 0.2296875 0.025 0.0296875
2 0.15 0.2765625 0.09375 0.2078125
0 0.13125 0.190625 0.0265625 0.028125
2 0.20625 0.2578125 0.08125 0.1953125
0 0.190625 0.171875 0.0265625 0.0203125
2 0.3625 0.2828125 0.08125 0.2046875
0 0.34375 0.2046875 0.0265625 0.03125
2 0.265625 0.2609375 0.0828125 0.2
0 0.2890625 0.16875 0.0265625 0.015625