2 0.0421875 0.6078125 0.0828125 0.1984375
0 0.0265625 0.53125 0.0375 0.0390625
2 0.09375 0.628125 0.14375 0.20625
0 0.06875 0.5484375 0.0515625 0.0421875
2 0.175 0.6359375 0.171875 0.24375
0 0.14375 0.5421875 0.04375 0.0515625
2 0.125 0.6015625 0.1125 0.153125
0 0.1125 0.54375 0.0328125 0.0375
2 0.16875 0.5875 0.1125 0.1671875
0 0.165625 0.528125 0.0375 0.040625
2 0.21875 0.5859375 0.103125 0.1828125
0 0.2078125 0.5171875 0.0328125 0.0359375
2 0.2125 0.684375 0.1796875 0.2859375
0 0.21875 0.5828125 0.053125 0.0625
0 0.2609375 0.6046875 0.065625 0.084375
0 0.0421875 0.6125 0.084375 0.090625
0 0.4625 0.7125 0.121875 0.1421875
2 0.428125 0.690625 0.325 0.3109375
0 0.371875 0.578125 0.059375 0.0765625
2 0.2890625 0.5921875 0.1 0.175
0 0.2765625 0.525 0.034375 0.034375
2 0.3109375 0.575 0.0921875 0.1484375
0 0.296875 0.51875 0.021875 0.028125
2 0.3359375 0.578125 0.084375 0.1484375
0 0.3421875 0.525 0.028125 0.0375
2 0.3828125 0.58125 0.06875 0.146875
0 0.384375 0.525 0.0265625 0.028125
2 0.43125 0.58125 0.0921875 0.1515625
0 0.4203125 0.5234375 0.03125 0.03125
2 0.4390625 0.6140625 0.1359375 0.1984375
0 0.440625 0.5390625 0.040625 0.04375
2 0.4953125 0.66875 0.178125 0.2921875
0 0.4734375 0.5546875 0.046875 0.05625
2 0.5234375 0.5953125 0.0921875 0.1796875
0 0.528125 0.521875 0.0265625 0.028125
2 0.571875 0.6390625 0.1640625 0.2390625
0 0.546875 0.5484375 0.04375 0.0484375
2 0.603125 0.5890625 0.09375 0.171875
0 0.5921875 0.525 0.0296875 0.0390625
2 0.6453125 0.5890625 0.0890625 0.178125
0 0.64375 0.51875 0.0328125 0.0328125
2 0.625 0.6171875 0.1078125 0.234375
0 0.6109375 0.525 0.04375 0.0453125
2 0.6953125 0.559375 0.1 0.2796875
0 0.6890625 0.4421875 0.03125 0.034375
2 0.7625 0.559375 0.06875 0.253125
0 0.7578125 0.4515625 0.021875 0.0296875
0 0.6875 0.609375 0.0796875 0.0859375
0 0.7640625 0.5671875 0.059375 0.0671875
2 0.821875 0.6828125 0.134375 0.2921875
0 0.828125 0.5734375 0.0578125 0.06875
2 0.8609375 0.6578125 0.1109375 0.2515625
0 0.8609375 0.5609375 0.04375 0.046875
0 0.946875 0.5671875 0.0546875 0.0625
2 0.928125 0.6 0.09375 0.2125
0 0.921875 0.5125 0.034375 0.034375
2 0.015625 0.5265625 0.0296875 0.13125
0 0.0109375 0.4734375 0.0171875 0.0203125
2 0.0609375 0.525 0.071875 0.15625
0 0.065625 0.465625 0.01875 0.028125
2 0.39375 0.49375 0.0515625 0.1484375
0 0.3921875 0.43125 0.0171875 0.0203125