2 0.0875 0.43125 0.1140625 0.259375
0 0.1171875 0.3234375 0.03125 0.0375
2 0.1859375 0.4359375 0.08125 0.228125
0 0.18125 0.340625 0.0296875 0.0359375
2 0.221875 0.428125 0.109375 0.253125
0 0.2265625 0.3234375 0.03125 0.0390625
2 0.296875 0.4359375 0.084375 0.2421875
0 0.29375 0.3375 0.028125 0.040625
2 0.3609375 0.4328125 0.0953125 0.2625
0 0.3671875 0.321875 0.0296875 0.0359375
2 0.1328125 0.5796875 0.1359375 0.3359375
0 0.1453125 0.4359375 0.0375 0.04375
2 0.234375 0.6359375 0.078125 0.2390625
0 0.2390625 0.5390625 0.03125 0.0375
2 0.2421875 0.58125 0.14375 0.3390625
0 0.2671875 0.4359375 0.0359375 0.0390625
2 0.378125 0.603125 0.10625 0.315625
0 0.365625 0.4734375 0.034375 0.040625
2 0.478125 0.590625 0.1109375 0.3234375
0 0.4828125 0.45625 0.0328125 0.040625
2 0.6296875 0.3453125 0.2265625 0.096875
0 0.628125 0.3234375 0.03125 0.0453125
2 0.60625 0.475 0.09375 0.1671875
0 0.60625 0.4109375 0.025 0.034375
2 0.5953125 0.59375 0.1328125 0.31875
0 0.575 0.459375 0.034375 0.0484375
2 0.6828125 0.60625 0.1109375 0.278125
0 0.6578125 0.4875 0.03125 0.0359375
2 0.7734375 0.4734375 0.1125 0.1921875
0 0.7484375 0.396875 0.03125 0.0359375
2 0.7578125 0.621875 0.0859375 0.2390625
0 0.7484375 0.525 0.03125 0.0359375
2 0.8203125 0.6484375 0.0921875 0.1796875
0 0.821875 0.575 0.0296875 0.03125
2 0.8828125 0.5921875 0.1 0.2953125
0 0.875 0.465625 0.0328125 0.0390625