2 0.1921875 0.7234375 0.1265625 0.3546875
0 0.20625 0.5796875 0.0375 0.0546875
2 0.2984375 0.7484375 0.1328125 0.3265625
0 0.3234375 0.61875 0.0390625 0.05
2 0.3953125 0.84375 0.134375 0.2390625
0 0.40625 0.7515625 0.034375 0.0484375
2 0.5078125 0.85 0.121875 0.20625
0 0.51875 0.775 0.034375 0.0453125
2 0.603125 0.8421875 0.1234375 0.2328125
0 0.5984375 0.7515625 0.034375 0.046875
2 0.7203125 0.853125 0.1703125 0.2203125
0 0.7125 0.778125 0.0390625 0.0515625
2 0.759375 0.7953125 0.115625 0.2859375
0 0.7390625 0.678125 0.034375 0.04375
2 0.7125 0.7625 0.1640625 0.2640625
0 0.6734375 0.6609375 0.0265625 0.0375
2 0.61875 0.7578125 0.20625 0.2609375
0 0.6109375 0.65625 0.03125 0.040625
2 0.640625 0.778125 0.03125 0.053125
0 0.6453125 0.759375 0.0109375 0.0125
2 0.55 0.7578125 0.090625 0.2375
0 0.5453125 0.665625 0.025 0.0359375
2 0.45625 0.7359375 0.1109375 0.2828125
0 0.4703125 0.6234375 0.028125 0.0328125
2 0.390625 0.746875 0.0921875 0.2578125
0 0.396875 0.6453125 0.028125 0.03125