2 0.940625 0.521875 0.0921875 0.284375
0 0.95 0.40625 0.0375 0.0453125
2 0.8359375 0.53125 0.084375 0.2453125
0 0.8421875 0.425 0.034375 0.0265625
2 0.834375 0.515625 0.0734375 0.2171875
0 0.840625 0.425 0.0375 0.0265625
2 0.8828125 0.5296875 0.08125 0.1921875
0 0.878125 0.453125 0.025 0.0265625
2 0.90625 0.484375 0.034375 0.125
0 0.909375 0.434375 0.0140625 0.015625
2 0.7640625 0.5125 0.065625 0.1625
0 0.765625 0.4453125 0.015625 0.025
2 0.790625 0.49375 0.0375 0.090625
0 0.790625 0.4609375 0.009375 0.0125
2 0.7390625 0.49375 0.025 0.0640625
0 0.7390625 0.46875 0.009375 0.0078125
2 0.7734375 0.4953125 0.03125 0.0875
0 0.771875 0.459375 0.0125 0.0125
2 0.6265625 0.5515625 0.153125 0.290625
0 0.640625 0.421875 0.03125 0.0296875
2 0.58125 0.546875 0.078125 0.2609375
0 0.56875 0.434375 0.025 0.028125
2 0.6953125 0.53125 0.06875 0.190625
0 0.684375 0.4484375 0.0203125 0.01875
2 0.70625 0.515625 0.0609375 0.178125
0 0.70625 0.440625 0.021875 0.025
2 0.54375 0.5515625 0.05625 0.19375
0 0.540625 0.4796875 0.01875 0.025
2 0.503125 0.5421875 0.0875 0.2359375
0 0.4984375 0.44375 0.025 0.034375
2 0.4359375 0.5625 0.075 0.2328125
0 0.4390625 0.4703125 0.021875 0.03125
2 0.3640625 0.5546875 0.0953125 0.25
0 0.3625 0.45 0.028125 0.0328125
2 0.34375 0.5546875 0.0875 0.246875
0 0.353125 0.453125 0.0296875 0.0375
0 0.0859375 0.36875 0.075 0.0703125
2 0.265625 0.5546875 0.115625 0.2578125
0 0.265625 0.44375 0.028125 0.03125
2 0.4859375 0.5359375 0.0546875 0.178125
0 0.4859375 0.45625 0.01875 0.0171875
2 0.46875 0.5125 0.0296875 0.096875
0 0.46875 0.4703125 0.009375 0.009375
2 0.4203125 0.5265625 0.03125 0.1109375
0 0.4203125 0.478125 0.009375 0.0109375
2 0.4 0.521875 0.028125 0.1109375
0 0.4015625 0.475 0.0109375 0.0125
2 0.525 0.528125 0.0375 0.1375
0 0.528125 0.4703125 0.015625 0.01875
2 0.6078125 0.51875 0.053125 0.146875
0 0.6078125 0.45625 0.015625 0.0171875