2 0.978125 0.4046875 0.0359375 0.134375
0 0.98125 0.353125 0.015625 0.021875
2 0.940625 0.403125 0.0671875 0.1671875
0 0.94375 0.340625 0.021875 0.025
2 0.9078125 0.4046875 0.0625 0.15
0 0.9109375 0.3421875 0.01875 0.0234375
2 0.8484375 0.4078125 0.0625 0.146875
0 0.8484375 0.3484375 0.015625 0.0203125
0 0.50625 0.3625 0.075 0.090625
0 0.3890625 0.3875 0.059375 0.084375
2 0.2375 0.53125 0.121875 0.2703125
0 0.240625 0.4140625 0.0296875 0.0328125
2 0.0953125 0.525 0.090625 0.2515625
0 0.0953125 0.4203125 0.028125 0.034375