2 0.85625 0.740625 0.025 0.046875
0 0.853125 0.7234375 0.009375 0.009375
2 0.734375 0.746875 0.0265625 0.06875
0 0.7375 0.71875 0.009375 0.009375
2 0.9171875 0.7203125 0.015625 0.0515625
0 0.9203125 0.7015625 0.0109375 0.0109375
2 0.5765625 0.746875 0.021875 0.0515625
0 0.5796875 0.728125 0.0078125 0.0078125
2 0.5515625 0.7484375 0.021875 0.0625
0 0.55 0.7234375 0.0078125 0.0078125
2 0.53125 0.7546875 0.025 0.0515625
0 0.53125 0.734375 0.0078125 0.0078125
2 0.5078125 0.753125 0.021875 0.059375
0 0.50625 0.7296875 0.00625 0.0078125
2 0.4859375 0.7546875 0.0265625 0.059375
0 0.4875 0.73125 0.0078125 0.0078125
2 0.4859375 0.7515625 0.0203125 0.05625
0 0.4828125 0.728125 0.00625 0.0078125
2 0.4703125 0.7515625 0.01875 0.0546875
0 0.471875 0.7296875 0.0078125 0.0078125
2 0.4484375 0.7515625 0.0234375 0.0546875
0 0.45 0.7296875 0.0078125 0.0078125
2 0.4171875 0.75 0.0203125 0.0453125
0 0.415625 0.734375 0.009375 0.009375
2 0.3921875 0.7515625 0.0140625 0.0390625
0 0.3921875 0.7359375 0.00625 0.00625
2 0.38125 0.7484375 0.0171875 0.040625
0 0.3828125 0.7328125 0.00625 0.0078125
2 0.371875 0.7453125 0.015625 0.0359375
0 0.3734375 0.7328125 0.00625 0.00625
2 0.3125 0.746875 0.015625 0.0359375
0 0.3125 0.734375 0.00625 0.00625