0 0.071875 0.5734375 0.04375 0.053125
0 0.0984375 0.7546875 0.0859375 0.075
0 0.1453125 0.6546875 0.05625 0.065625
0 0.1578125 0.5875 0.0515625 0.0546875
2 0.265625 0.659375 0.096875 0.234375
0 0.2828125 0.5609375 0.03125 0.0359375
2 0.3765625 0.640625 0.078125 0.1828125
0 0.375 0.565625 0.0234375 0.0234375
2 0.4359375 0.628125 0.0671875 0.178125
0 0.428125 0.553125 0.0234375 0.025
2 0.4140625 0.5890625 0.034375 0.1140625
0 0.415625 0.5390625 0.0125 0.0125
2 0.4625 0.596875 0.0453125 0.1265625
0 0.4640625 0.54375 0.015625 0.0171875
2 0.478125 0.5734375 0.0265625 0.0828125
0 0.475 0.5375 0.0109375 0.0125
2 0.5046875 0.5640625 0.0234375 0.065625
0 0.5015625 0.5375 0.0078125 0.0109375
2 0.5171875 0.5640625 0.0140625 0.0609375
0 0.515625 0.5375 0.0078125 0.0078125
2 0.525 0.5640625 0.0234375 0.0734375
0 0.528125 0.534375 0.0078125 0.0109375
2 0.540625 0.5671875 0.0234375 0.0671875
0 0.5421875 0.5375 0.009375 0.0109375
2 0.4875 0.559375 0.0171875 0.0625
0 0.4875 0.5328125 0.00625 0.00625
2 0.55625 0.5953125 0.0359375 0.1
0 0.5546875 0.5515625 0.0125 0.015625
2 0.5703125 0.596875 0.03125 0.1140625
0 0.5703125 0.55 0.0125 0.0171875
2 0.5359375 0.6296875 0.059375 0.16875
0 0.540625 0.559375 0.0171875 0.025
2 0.578125 0.63125 0.0609375 0.1421875
0 0.5875 0.575 0.0171875 0.025
2 0.6078125 0.6296875 0.0359375 0.1296875
0 0.60625 0.578125 0.0171875 0.0203125
2 0.6 0.56875 0.0265625 0.0765625
0 0.6 0.5359375 0.0125 0.0109375
2 0.6234375 0.5984375 0.0296875 0.1078125
0 0.621875 0.553125 0.0125 0.015625
2 0.634375 0.6109375 0.053125 0.153125
0 0.640625 0.546875 0.01875 0.021875
2 0.8265625 0.65625 0.0703125 0.2125
0 0.8203125 0.5671875 0.0296875 0.0296875
0 0.5859375 0.69375 0.084375 0.0921875
2 0.0640625 0.65625 0.084375 0.234375
0 0.0671875 0.5671875 0.021875 0.021875