2 0.071875 0.634375 0.109375 0.2734375
0 0.0734375 0.5265625 0.04375 0.046875
2 0.1328125 0.559375 0.1046875 0.3265625
0 0.1359375 0.421875 0.034375 0.04375
2 0.2078125 0.565625 0.121875 0.3078125
0 0.20625 0.4375 0.040625 0.04375
2 0.29375 0.5546875 0.090625 0.3140625
0 0.290625 0.425 0.0359375 0.0484375
2 0.359375 0.5734375 0.0859375 0.2953125
0 0.359375 0.4546875 0.034375 0.0421875
2 0.159375 0.6390625 0.0984375 0.2625
0 0.1578125 0.5359375 0.040625 0.05
2 0.2390625 0.634375 0.1140625 0.2765625
0 0.2484375 0.5265625 0.0421875 0.0546875
2 0.3359375 0.628125 0.096875 0.2671875
0 0.3359375 0.5234375 0.034375 0.0484375
2 0.4421875 0.5625 0.090625 0.3078125
0 0.4421875 0.4328125 0.0296875 0.040625
2 0.43125 0.621875 0.1171875 0.3078125
0 0.4296875 0.4953125 0.04375 0.05
2 0.525 0.5625 0.1046875 0.3109375
0 0.521875 0.434375 0.040625 0.046875
2 0.5375 0.6296875 0.1125 0.29375
0 0.53125 0.509375 0.040625 0.0515625
2 0.5953125 0.559375 0.0796875 0.315625
0 0.5953125 0.4234375 0.03125 0.0421875
2 0.634375 0.6171875 0.1140625 0.2921875
0 0.6203125 0.5 0.040625 0.05
2 0.68125 0.5546875 0.0953125 0.3046875
0 0.68125 0.4265625 0.034375 0.04375
2 0.73125 0.6234375 0.134375 0.2640625
0 0.7078125 0.5171875 0.0328125 0.046875
2 0.7765625 0.5453125 0.109375 0.321875
0 0.778125 0.4109375 0.0328125 0.04375
2 0.8046875 0.6171875 0.134375 0.2671875
0 0.78125 0.5171875 0.04375 0.0515625
2 0.909375 0.625 0.178125 0.278125
0 0.8640625 0.5171875 0.034375 0.05