2 0.1109375 0.6015625 0.1109375 0.06875
0 0.0875 0.584375 0.0203125 0.01875
2 0.403125 0.6546875 0.0859375 0.265625
0 0.396875 0.5421875 0.0265625 0.0375
2 0.4046875 0.621875 0.0484375 0.2
0 0.409375 0.5375 0.0203125 0.0296875
2 0.4359375 0.5765625 0.0265625 0.125
0 0.4453125 0.525 0.0140625 0.0203125
2 0.484375 0.603125 0.0546875 0.1734375
0 0.484375 0.53125 0.021875 0.0296875
2 0.503125 0.6546875 0.0546875 0.1625
0 0.5046875 0.590625 0.0234375 0.034375
2 0.5421875 0.596875 0.059375 0.1515625
0 0.54375 0.540625 0.0203125 0.0265625
2 0.6046875 0.5640625 0.04375 0.075
0 0.603125 0.5359375 0.0125 0.015625
2 0.6265625 0.5625 0.0546875 0.0828125
0 0.6234375 0.53125 0.0125 0.015625
2 0.6765625 0.6484375 0.1 0.2703125
0 0.6890625 0.5328125 0.040625 0.0375
2 0.7796875 0.596875 0.09375 0.096875
0 0.771875 0.565625 0.0234375 0.025
2 0.790625 0.6546875 0.1421875 0.1875
0 0.8234375 0.5796875 0.0453125 0.0359375
2 0.940625 0.5109375 0.0609375 0.090625
0 0.9328125 0.475 0.0171875 0.0140625