2 0.096875 0.29375 0.1046875 0.209375
0 0.103125 0.2171875 0.0375 0.0453125
2 0.359375 0.2984375 0.090625 0.196875
0 0.3578125 0.225 0.03125 0.0359375
2 0.46875 0.296875 0.0859375 0.190625
0 0.46875 0.2234375 0.03125 0.040625
2 0.61875 0.3421875 0.109375 0.19375
0 0.621875 0.26875 0.0296875 0.0328125
2 0.715625 0.346875 0.0921875 0.1875
0 0.7140625 0.28125 0.0390625 0.05
2 0.740625 0.284375 0.09375 0.1859375
0 0.7359375 0.21875 0.0296875 0.0375
2 0.83125 0.2859375 0.0953125 0.1765625
0 0.8171875 0.225 0.0359375 0.0390625
2 0.9328125 0.284375 0.109375 0.178125
0 0.93125 0.2265625 0.0390625 0.046875
2 0.90625 0.3390625 0.11875 0.2046875
0 0.89375 0.265625 0.0453125 0.053125
2 0.815625 0.3390625 0.1109375 0.203125
0 0.8125 0.2765625 0.040625 0.046875
2 0.1671875 0.5328125 0.0953125 0.1953125
0 0.165625 0.4625 0.0375 0.04375
2 0.25 0.521875 0.1125 0.1859375
0 0.2609375 0.4703125 0.040625 0.05625
2 0.271875 0.696875 0.13125 0.209375
0 0.284375 0.621875 0.0390625 0.05
2 0.871875 0.2109375 0.1171875 0.171875
0 0.8703125 0.1484375 0.0390625 0.0421875
2 0.7671875 0.4359375 0.1140625 0.19375
0 0.76875 0.3703125 0.0390625 0.0515625
2 0.8390625 0.5140625 0.140625 0.2234375
0 0.8359375 0.4328125 0.0359375 0.046875
0 0.9765625 0.615625 0.0421875 0.05625
2 0.9171875 0.628125 0.0921875 0.1828125
0 0.915625 0.5671875 0.034375 0.0484375
2 0.8234375 0.621875 0.096875 0.203125
0 0.81875 0.553125 0.0375 0.0515625
2 0.7203125 0.625 0.0953125 0.203125
0 0.725 0.5546875 0.040625 0.05
2 0.7703125 0.6921875 0.1359375 0.2328125
0 0.7765625 0.609375 0.05625 0.0578125
2 0.8828125 0.7078125 0.1109375 0.196875
0 0.8796875 0.634375 0.0375 0.0453125
2 0.5109375 0.765625 0.109375 0.2109375
0 0.503125 0.7015625 0.0421875 0.0625
0 0.7734375 0.690625 0.040625 0.0515625
0 0.8484375 0.725 0.0375 0.046875
2 0.5453125 0.5390625 0.109375 0.2015625
0 0.5390625 0.46875 0.0328125 0.04375
2 0.5171875 0.6171875 0.0953125 0.2015625
0 0.5234375 0.5453125 0.0359375 0.046875
0 0.3890625 0.4296875 0.1078125 0.1125
0 0.653125 0.465625 0.1109375 0.1046875
2 0.0546875 0.34375 0.1 0.159375
0 0.059375 0.2953125 0.0375 0.0484375
2 0.15 0.34375 0.0921875 0.1578125
0 0.146875 0.2890625 0.03125 0.04375
2 0.128125 0.215625 0.11875 0.1828125
0 0.125 0.1453125 0.040625 0.040625
2 0.5171875 0.353125 0.1171875 0.2015625
0 0.51875 0.28125 0.034375 0.0390625
2 0.0953125 0.559375 0.1890625 0.3296875
0 0.0765625 0.43125 0.0453125 0.053125