2 0.0359375 0.5265625 0.040625 0.1328125
0 0.0328125 0.471875 0.0203125 0.0203125
2 0.05 0.5125 0.0359375 0.096875
0 0.04375 0.4734375 0.0140625 0.015625
2 0.0640625 0.5078125 0.03125 0.0609375
0 0.0640625 0.484375 0.0109375 0.0109375
2 0.0984375 0.5375 0.053125 0.159375
0 0.103125 0.4734375 0.0234375 0.0265625
2 0.121875 0.5234375 0.059375 0.11875
0 0.1203125 0.4765625 0.0140625 0.01875
2 0.14375 0.5015625 0.028125 0.065625
0 0.14375 0.4765625 0.009375 0.009375
2 0.1609375 0.5078125 0.0328125 0.084375
0 0.159375 0.475 0.0140625 0.0171875
2 0.178125 0.55 0.05625 0.1296875
0 0.184375 0.496875 0.0109375 0.0171875
2 0.1953125 0.5390625 0.0640625 0.15625
0 0.196875 0.475 0.0234375 0.025
2 0.26875 0.5390625 0.0984375 0.1140625
0 0.23125 0.496875 0.01875 0.0234375
2 0.2765625 0.4875 0.0203125 0.0578125
0 0.278125 0.465625 0.009375 0.0109375
2 0.290625 0.509375 0.0328125 0.0890625
0 0.290625 0.475 0.0109375 0.015625
2 0.3390625 0.509375 0.034375 0.0765625
0 0.334375 0.478125 0.009375 0.0109375
2 0.3328125 0.5015625 0.034375 0.0734375
0 0.33125 0.4734375 0.0109375 0.0140625
2 0.40625 0.5 0.028125 0.075
0 0.40625 0.471875 0.009375 0.0109375
2 0.4296875 0.5140625 0.04375 0.065625
0 0.4359375 0.490625 0.0109375 0.0109375
2 0.5015625 0.50625 0.0328125 0.0765625
0 0.503125 0.4734375 0.0109375 0.0109375
2 0.503125 0.50625 0.0265625 0.0765625
0 0.503125 0.475 0.0109375 0.0140625
2 0.5265625 0.503125 0.0296875 0.075
0 0.528125 0.475 0.009375 0.0109375
2 0.6 0.496875 0.0234375 0.0671875
0 0.603125 0.471875 0.009375 0.009375
2 0.6203125 0.509375 0.0390625 0.1078125
0 0.6234375 0.465625 0.015625 0.0171875
2 0.621875 0.5015625 0.0265625 0.0734375
0 0.621875 0.4734375 0.0109375 0.0109375
2 0.65 0.5265625 0.05625 0.1578125
0 0.6546875 0.4625 0.0234375 0.028125
2 0.6765625 0.4953125 0.0265625 0.065625
0 0.6765625 0.4703125 0.009375 0.009375
2 0.7046875 0.5078125 0.0328125 0.0828125
0 0.7015625 0.475 0.0109375 0.0140625
2 0.7328125 0.5078125 0.0390625 0.09375
0 0.7421875 0.471875 0.0140625 0.015625
2 0.784375 0.5015625 0.025 0.0734375
0 0.7890625 0.4734375 0.009375 0.0109375
2 0.803125 0.50625 0.03125 0.1078125
0 0.8015625 0.4625 0.0140625 0.015625
2 0.8296875 0.5203125 0.05625 0.140625
0 0.81875 0.4625 0.015625 0.01875
2 0.8765625 0.5078125 0.05 0.10625
0 0.878125 0.4640625 0.0140625 0.015625
0 0.965625 0.4640625 0.0296875 0.0328125
2 0.7703125 0.5578125 0.0953125 0.2109375
0 0.76875 0.4734375 0.0296875 0.034375
2 0.25 0.50625 0.0328125 0.0671875
0 0.2515625 0.478125 0.0109375 0.0140625