0 0.8796875 0.4921875 0.0921875 0.1203125
2 0.715625 0.55 0.2234375 0.284375
0 0.7421875 0.4640625 0.065625 0.084375
2 0.6171875 0.5109375 0.1640625 0.28125
0 0.625 0.409375 0.0484375 0.071875
2 0.5015625 0.4671875 0.1234375 0.2125
0 0.50625 0.396875 0.0421875 0.046875
2 0.2296875 0.465625 0.159375 0.2359375
0 0.2078125 0.3875 0.0484375 0.0625
2 0.1765625 0.5015625 0.2015625 0.2546875
0 0.134375 0.4140625 0.065625 0.0703125
2 0.3203125 0.6015625 0.2875 0.4109375
0 0.3 0.4484375 0.0796875 0.096875
0 0.278125 0.5359375 0.1 0.14375