2 0.04375 0.5203125 0.0875 0.1859375
0 0.053125 0.453125 0.0390625 0.0484375
2 0.13125 0.5734375 0.2 0.3421875
0 0.1140625 0.4390625 0.0671875 0.065625
2 0.303125 0.534375 0.0828125 0.2234375
0 0.296875 0.44375 0.0328125 0.0390625
2 0.378125 0.5359375 0.090625 0.225
0 0.3703125 0.45 0.0296875 0.0375
2 0.4390625 0.5375 0.06875 0.20625
0 0.4375 0.45 0.0265625 0.03125
2 0.55625 0.5453125 0.1078125 0.190625
0 0.553125 0.4734375 0.028125 0.0375
2 0.6171875 0.534375 0.0796875 0.1828125
0 0.615625 0.4625 0.025 0.0328125
2 0.6125 0.55625 0.184375 0.203125
0 0.6484375 0.4765625 0.0265625 0.03125
2 0.64375 0.553125 0.1921875 0.24375
0 0.7109375 0.45625 0.0375 0.0421875
2 0.703125 0.5515625 0.165625 0.2578125
0 0.74375 0.45 0.040625 0.0484375
2 0.7453125 0.5578125 0.1625 0.2609375
0 0.79375 0.453125 0.0484375 0.0453125
2 0.790625 0.559375 0.2140625 0.309375
0 0.859375 0.4375 0.0453125 0.0484375
2 0.8609375 0.565625 0.21875 0.3421875
0 0.9 0.4296875 0.05625 0.0625
2 0.3390625 0.4875 0.0703125 0.203125
0 0.3421875 0.403125 0.025 0.0265625
2 0.4 0.4734375 0.0671875 0.2015625
0 0.4015625 0.39375 0.025 0.0328125
2 0.453125 0.4859375 0.0640625 0.1734375
0 0.453125 0.4171875 0.021875 0.028125
2 0.5875 0.4828125 0.071875 0.18125
0 0.5859375 0.4140625 0.03125 0.0375
2 0.6328125 0.478125 0.075 0.171875
0 0.63125 0.415625 0.025 0.0328125
2 0.6875 0.475 0.071875 0.15
0 0.6875 0.41875 0.025 0.028125
2 0.828125 0.4671875 0.0765625 0.15625
0 0.828125 0.409375 0.0234375 0.034375
2 0.4734375 0.496875 0.1734375 0.4125
0 0.5171875 0.3234375 0.0453125 0.05625
2 0.2296875 0.49375 0.21875 0.6421875
0 0.240625 0.234375 0.06875 0.0765625
2 0.73125 0.46875 0.065625 0.15
0 0.7375 0.4140625 0.0234375 0.0265625
2 0.7765625 0.471875 0.0625 0.140625
0 0.775 0.4171875 0.021875 0.0265625