2 0.0921875 0.63828125 0.184375 0.4703125
0 0.0515625 0.45 0.0609375 0.0765625
2 0.10625 0.6234375 0.109375 0.3671875
0 0.1 0.471875 0.046875 0.059375
2 0.096875 0.55 0.0859375 0.2640625
0 0.09375 0.440625 0.0359375 0.0421875
2 0.2484375 0.5859375 0.1515625 0.4625
0 0.259375 0.384375 0.05 0.0546875
2 0.1953125 0.534375 0.0984375 0.2703125
0 0.1921875 0.4171875 0.0296875 0.03125
2 0.34375 0.534375 0.0796875 0.265625
0 0.3359375 0.4234375 0.028125 0.0390625
2 0.3953125 0.534375 0.0703125 0.25
0 0.390625 0.4296875 0.0265625 0.0359375
2 0.4296875 0.490625 0.040625 0.2078125
0 0.4390625 0.4 0.01875 0.021875
2 0.5125 0.60625 0.15 0.4203125
0 0.525 0.4296875 0.053125 0.0625
2 0.471875 0.5265625 0.0765625 0.2578125
0 0.471875 0.4203125 0.0296875 0.0390625
0 0.65625 0.4375 0.05625 0.065625
2 0.5734375 0.5875 0.1046875 0.3359375
0 0.5703125 0.4484375 0.0390625 0.0484375
0 0.8046875 0.4640625 0.084375 0.078125
2 0.875 0.5671875 0.1078125 0.328125
0 0.8921875 0.43125 0.0359375 0.05
2 0.8984375 0.5703125 0.1015625 0.2859375
0 0.9046875 0.459375 0.040625 0.0421875
2 0.940625 0.5109375 0.0828125 0.2640625
0 0.934375 0.4015625 0.0390625 0.0359375
2 0.7734375 0.5375 0.1125 0.33125
0 0.7828125 0.396875 0.040625 0.046875
2 0.84375 0.53125 0.0859375 0.2859375
0 0.8453125 0.409375 0.0296875 0.0328125
2 0.5578125 0.5078125 0.0953125 0.2703125
0 0.5640625 0.3921875 0.028125 0.0375
2 0.6609375 0.41875 0.0515625 0.121875
0 0.6640625 0.3734375 0.021875 0.0203125
2 0.6359375 0.4875 0.06875 0.215625
0 0.640625 0.3984375 0.025 0.0328125
2 0.6890625 0.434375 0.05 0.11875
0 0.6953125 0.3875 0.01875 0.0203125
2 0.7109375 0.4921875 0.0796875 0.2171875
0 0.721875 0.3984375 0.028125 0.025
2 0.753125 0.48125 0.065625 0.2375
0 0.7546875 0.3796875 0.0265625 0.0296875
2 0.840625 0.475 0.065625 0.21875
0 0.85 0.3875 0.025 0.028125
2 0.8265625 0.4734375 0.0703125 0.2203125
0 0.8265625 0.378125 0.0265625 0.028125
0 0.984375 0.4109375 0.025 0.028125