2 0.0234375 0.596875 0.046875 0.1203125
0 0.0359375 0.546875 0.0171875 0.01875
2 0.10625 0.5953125 0.05 0.071875
0 0.121875 0.565625 0.0109375 0.0109375
2 0.15625 0.60625 0.0453125 0.0734375
0 0.1625 0.5734375 0.009375 0.0109375
2 0.1625 0.5921875 0.0359375 0.0703125
0 0.1671875 0.5640625 0.009375 0.0109375
2 0.21875 0.6 0.096875 0.209375
0 0.2453125 0.509375 0.028125 0.0265625
2 0.2796875 0.6015625 0.021875 0.059375
0 0.284375 0.578125 0.00625 0.00625
2 0.290625 0.603125 0.028125 0.0640625
0 0.2921875 0.5765625 0.0078125 0.009375
2 0.3328125 0.59375 0.04375 0.10625
0 0.3390625 0.546875 0.009375 0.0109375
2 0.3640625 0.596875 0.009375 0.0234375
0 0.3640625 0.5890625 0.003125 0.003125
2 0.371875 0.596875 0.0109375 0.0234375
0 0.371875 0.5890625 0.003125 0.0046875
2 0.384375 0.5984375 0.0140625 0.046875
0 0.384375 0.5796875 0.00625 0.00625
2 0.41875 0.5921875 0.0546875 0.10625
0 0.428125 0.5484375 0.0140625 0.0140625
2 0.453125 0.5953125 0.009375 0.01875
0 0.4546875 0.5890625 0.003125 0.003125
2 0.46875 0.59375 0.0109375 0.025
0 0.4703125 0.584375 0.003125 0.0046875
2 0.478125 0.5921875 0.0109375 0.028125
0 0.4796875 0.5828125 0.003125 0.0046875
2 0.4890625 0.5921875 0.0109375 0.028125
0 0.4875 0.58125 0.0046875 0.0046875
2 0.5140625 0.59375 0.0078125 0.015625
0 0.5140625 0.5875 0.0015625 0.0015625
2 0.5484375 0.5890625 0.0234375 0.0703125
0 0.546875 0.559375 0.0078125 0.009375
2 0.5625 0.5953125 0.015625 0.0375
0 0.5609375 0.5796875 0.0046875 0.0046875
2 0.5703125 0.5953125 0.015625 0.0375
0 0.565625 0.5796875 0.00625 0.00625
2 0.5890625 0.5953125 0.025 0.06875
0 0.5859375 0.5625 0.009375 0.009375
2 0.6140625 0.5796875 0.065625 0.1859375
0 0.609375 0.5 0.0171875 0.021875
2 0.6390625 0.59375 0.0265625 0.06875
0 0.6375 0.565625 0.0109375 0.009375
2 0.6515625 0.59375 0.021875 0.0671875
0 0.6484375 0.5671875 0.0078125 0.0078125
2 0.665625 0.59375 0.028125 0.0640625
0 0.659375 0.5671875 0.009375 0.009375
2 0.696875 0.590625 0.0296875 0.078125
0 0.6921875 0.5578125 0.0109375 0.0109375
2 0.71875 0.59375 0.0265625 0.0734375
0 0.7171875 0.5625 0.009375 0.009375
2 0.759375 0.5953125 0.053125 0.1234375
0 0.7453125 0.5453125 0.0171875 0.0171875
2 0.7765625 0.5890625 0.0140625 0.0453125
0 0.7765625 0.56875 0.0046875 0.00625
2 0.7875 0.5875 0.01875 0.0453125
0 0.78125 0.5671875 0.0046875 0.00625
2 0.7953125 0.5875 0.0234375 0.05
0 0.79375 0.5671875 0.0078125 0.0078125
2 0.834375 0.5890625 0.0328125 0.06875
0 0.8328125 0.5609375 0.0109375 0.0109375
2 0.8765625 0.584375 0.0390625 0.08125
0 0.8671875 0.5546875 0.009375 0.0109375
2 0.9421875 0.58125 0.0296875 0.078125
0 0.9421875 0.5484375 0.0171875 0.0109375