2 0.79375 0.5171875 0.26875 0.546875
0 0.80625 0.2890625 0.0734375 0.078125
2 0.7953125 0.528125 0.1375 0.46875
0 0.771875 0.3328125 0.0421875 0.05625
2 0.68125 0.5265625 0.1484375 0.4453125
0 0.6625 0.3421875 0.05 0.0671875
2 0.5796875 0.54375 0.1609375 0.421875
0 0.5671875 0.365625 0.053125 0.0578125
2 0.40625 0.51875 0.1421875 0.465625
0 0.4078125 0.328125 0.05 0.065625
2 0.31875 0.5078125 0.171875 0.496875
0 0.30625 0.309375 0.0484375 0.0703125
2 0.1953125 0.53125 0.271875 0.5140625
0 0.1859375 0.3265625 0.0625 0.0875