2 0.7765625 0.5171875 0.1375 0.278125
0 0.7421875 0.40625 0.040625 0.0515625
2 0.6953125 0.5140625 0.121875 0.2765625
0 0.675 0.403125 0.034375 0.0375
2 0.5953125 0.51875 0.0984375 0.28125
0 0.59375 0.4046875 0.0375 0.0484375
2 0.5125 0.509375 0.1203125 0.278125
0 0.5046875 0.3953125 0.0375 0.0453125
2 0.446875 0.5671875 0.1 0.2046875
0 0.4375 0.4953125 0.0390625 0.053125
2 0.375 0.5625 0.121875 0.2375
0 0.3703125 0.4703125 0.0375 0.053125
2 0.4203125 0.51875 0.09375 0.2515625
0 0.4203125 0.41875 0.0375 0.0453125
2 0.34375 0.51875 0.0890625 0.2765625
0 0.34375 0.409375 0.034375 0.0484375
2 0.2671875 0.534375 0.0890625 0.25625
0 0.2734375 0.4328125 0.034375 0.04375