0 0.2625 0.475 0.0453125 0.053125
2 0.396875 0.6375 0.11875 0.315625
0 0.3984375 0.5046875 0.040625 0.046875
2 0.4671875 0.65625 0.0953125 0.190625
0 0.4828125 0.5765625 0.021875 0.025
2 0.5109375 0.6390625 0.084375 0.240625
0 0.509375 0.5390625 0.025 0.0296875
2 0.5734375 0.6484375 0.0265625 0.0921875
0 0.5703125 0.6109375 0.0109375 0.0125
2 0.54375 0.6453125 0.028125 0.078125
0 0.540625 0.6140625 0.009375 0.009375
2 0.678125 0.6390625 0.04375 0.13125
0 0.678125 0.584375 0.0171875 0.01875
2 0.9421875 0.646875 0.0515625 0.153125
0 0.940625 0.5875 0.021875 0.0171875