0 0.1828125 0.5140625 0.0515625 0.0640625
2 0.2375 0.6671875 0.1140625 0.3421875
0 0.2421875 0.521875 0.0390625 0.05
0 0.240625 0.5234375 0.0375 0.0453125
0 0.3578125 0.528125 0.0484375 0.0546875
2 0.378125 0.640625 0.115625 0.2953125
0 0.3953125 0.51875 0.0328125 0.0453125
2 0.4609375 0.6046875 0.103125 0.3046875
0 0.459375 0.5109375 0.0328125 0.0421875
2 0.4234375 0.6875 0.1 0.35625
0 0.4359375 0.54375 0.0421875 0.0578125
2 0.4921875 0.696875 0.0921875 0.3546875
0 0.4953125 0.553125 0.04375 0.05625
2 0.5140625 0.6453125 0.0921875 0.3046875
0 0.525 0.5171875 0.0375 0.0484375
0 0.5609375 0.553125 0.040625 0.0484375
2 0.6484375 0.65 0.1171875 0.3015625
0 0.6375 0.528125 0.0375 0.0453125
0 0.6625 0.546875 0.0421875 0.0546875
2 0.696875 0.6625 0.10625 0.3375
0 0.7 0.528125 0.0390625 0.040625
2 0.75 0.6890625 0.0984375 0.353125
0 0.75625 0.540625 0.0421875 0.0515625
0 0.8125 0.5375 0.0453125 0.0578125
2 0.865625 0.6453125 0.1578125 0.3859375
0 0.8359375 0.4828125 0.0484375 0.0578125
0 0.8765625 0.5234375 0.040625 0.053125
2 0.5671875 0.6015625 0.1015625 0.3046875
0 0.5609375 0.5046875 0.0359375 0.0375
2 0.6578125 0.6015625 0.0921875 0.3015625
0 0.6546875 0.4796875 0.0390625 0.0484375
2 0.753125 0.615625 0.08125 0.2671875
0 0.753125 0.5078125 0.040625 0.05