2 0.8640625 0.6171875 0.0125 0.0296875
0 0.8671875 0.6078125 0.0046875 0.0046875
2 0.8765625 0.61875 0.015625 0.028125
0 0.8734375 0.609375 0.0046875 0.0046875
2 0.971875 0.6046875 0.0140625 0.028125
0 0.96875 0.59375 0.0046875 0.0046875
2 0.0578125 0.6546875 0.021875 0.0640625
0 0.0609375 0.628125 0.0078125 0.0078125
2 0.0765625 0.6953125 0.03125 0.0796875
0 0.0734375 0.6625 0.0125 0.0109375
2 0.1296875 0.69375 0.03125 0.06875
0 0.128125 0.6671875 0.009375 0.0109375
2 0.1421875 0.69375 0.0234375 0.0765625
0 0.140625 0.6609375 0.0078125 0.009375
2 0.1625 0.671875 0.034375 0.05
0 0.1578125 0.6546875 0.009375 0.0109375
2 0.1859375 0.675 0.0296875 0.0625
0 0.1859375 0.6484375 0.0078125 0.00625
2 0.1859375 0.65 0.0234375 0.0578125
0 0.1859375 0.63125 0.0078125 0.009375
2 0.16875 0.640625 0.015625 0.04375
0 0.1703125 0.625 0.00625 0.00625
2 0.21875 0.653125 0.03125 0.0578125
0 0.2234375 0.6296875 0.0078125 0.0078125
2 0.2265625 0.665625 0.0234375 0.065625
0 0.2296875 0.6390625 0.0078125 0.00625
2 0.2578125 0.6625 0.0203125 0.0640625
0 0.2546875 0.6359375 0.0078125 0.0078125
2 0.240625 0.6578125 0.0171875 0.059375
0 0.2421875 0.6359375 0.00625 0.00625
2 0.290625 0.64375 0.021875 0.0546875
0 0.2890625 0.621875 0.00625 0.009375
2 0.3078125 0.68125 0.0328125 0.05
0 0.30625 0.6625 0.009375 0.0078125
2 0.33125 0.628125 0.0140625 0.040625
0 0.3328125 0.6125 0.00625 0.0046875
2 0.3578125 0.6265625 0.0140625 0.034375
0 0.359375 0.6125 0.0046875 0.0046875
2 0.384375 0.6375 0.0171875 0.0484375
0 0.384375 0.61875 0.00625 0.0078125
2 0.365625 0.6390625 0.015625 0.0453125
0 0.365625 0.6234375 0.0078125 0.009375
2 0.340625 0.6453125 0.0171875 0.05
0 0.3390625 0.6265625 0.00625 0.0078125
2 0.3484375 0.6484375 0.0140625 0.040625
0 0.3484375 0.634375 0.00625 0.00625
2 0.3375 0.721875 0.0421875 0.096875
0 0.340625 0.68125 0.0140625 0.0140625
2 0.3484375 0.69375 0.0328125 0.0578125
0 0.3546875 0.6734375 0.0109375 0.0125
2 0.375 0.7265625 0.0328125 0.084375
0 0.3765625 0.6953125 0.0109375 0.0140625
2 0.3890625 0.73125 0.0359375 0.0921875
0 0.384375 0.69375 0.0125 0.0140625
2 0.4515625 0.68125 0.03125 0.0671875
0 0.4609375 0.65625 0.009375 0.009375
2 0.55625 0.6296875 0.0140625 0.0375
0 0.55625 0.615625 0.00625 0.00625