2 0.5859375 0.5828125 0.1921875 0.465625
0 0.58125 0.3875 0.05 0.065625
2 0.4703125 0.5265625 0.1328125 0.3140625
0 0.4640625 0.3984375 0.04375 0.05625
2 0.15625 0.5828125 0.13125 0.34375
0 0.1296875 0.440625 0.053125 0.0578125
2 0.1984375 0.5203125 0.0734375 0.275
0 0.1984375 0.4109375 0.0390625 0.05
2 0.065625 0.571875 0.13125 0.4375
0 0.0375 0.3875 0.059375 0.05625
2 0.1265625 0.525 0.09375 0.34375
0 0.1125 0.390625 0.0421875 0.0484375
2 0.140625 0.5109375 0.08125 0.3046875
0 0.1390625 0.3890625 0.0328125 0.046875
2 0.21875 0.5015625 0.1140625 0.2796875
0 0.196875 0.384375 0.040625 0.0390625
2 0.2453125 0.4671875 0.0828125 0.2421875
0 0.2296875 0.3703125 0.028125 0.040625
2 0.2203125 0.478125 0.109375 0.2734375
0 0.196875 0.365625 0.0359375 0.0421875
2 0.259375 0.4546875 0.059375 0.2140625
0 0.2484375 0.36875 0.025 0.0359375
2 0.265625 0.4375 0.065625 0.2171875
0 0.2578125 0.346875 0.0296875 0.0296875
2 0.2734375 0.41875 0.053125 0.2
0 0.2734375 0.3390625 0.0265625 0.0328125
2 0.303125 0.415625 0.0578125 0.190625
0 0.2953125 0.3390625 0.021875 0.028125
2 0.340625 0.409375 0.0546875 0.1890625
0 0.3328125 0.33125 0.021875 0.028125
2 0.371875 0.40625 0.0625 0.1734375
0 0.3625 0.334375 0.025 0.028125
2 0.4015625 0.3859375 0.0421875 0.1703125
0 0.4 0.321875 0.0203125 0.025
2 0.43125 0.40625 0.053125 0.196875
0 0.434375 0.325 0.025 0.0296875
2 0.471875 0.4109375 0.0671875 0.190625
0 0.475 0.3328125 0.025 0.0296875
2 0.521875 0.4109375 0.059375 0.2171875
0 0.5234375 0.321875 0.0265625 0.034375
2 0.56875 0.4171875 0.0703125 0.234375
0 0.571875 0.31875 0.0296875 0.034375
2 0.6265625 0.4234375 0.0671875 0.265625
0 0.63125 0.3140625 0.028125 0.0375
2 0.665625 0.4703125 0.065625 0.2453125
0 0.671875 0.3703125 0.0296875 0.040625
2 0.71875 0.465625 0.09375 0.30625
0 0.7390625 0.3375 0.040625 0.04375
2 0.7640625 0.503125 0.1484375 0.3375
0 0.7765625 0.3609375 0.059375 0.05
2 0.76875 0.5453125 0.1328125 0.328125
0 0.8015625 0.4125 0.053125 0.053125
2 0.7578125 0.4984375 0.1078125 0.2671875
0 0.765625 0.384375 0.0328125 0.034375
2 0.8296875 0.56875 0.128125 0.3578125
0 0.853125 0.4234375 0.0671875 0.065625
0 0.9421875 0.5140625 0.1 0.0859375
0 0.9109375 0.4328125 0.0640625 0.0671875
0 0.909375 0.475 0.075 0.0671875
2 0.8671875 0.4671875 0.1140625 0.3609375
0 0.86875 0.315625 0.040625 0.05
2 0.7984375 0.446875 0.128125 0.3703125
0 0.8234375 0.334375 0.040625 0.0484375
2 0.09375 0.475 0.0703125 0.3078125
0 0.0859375 0.346875 0.0390625 0.04375
2 0.1546875 0.3953125 0.0703125 0.225
0 0.15 0.3046875 0.0296875 0.0296875
2 0.0515625 0.4125 0.0734375 0.24375
0 0.04375 0.3078125 0.0265625 0.0296875
2 0.2515625 0.378125 0.0609375 0.203125
0 0.2484375 0.2921875 0.0234375 0.028125
2 0.21875 0.3859375 0.05625 0.1890625
0 0.2140625 0.309375 0.01875 0.0265625
2 0.1828125 0.3828125 0.0609375 0.23125
0 0.178125 0.284375 0.021875 0.028125
2 0.3 0.3890625 0.05 0.1734375
0 0.2921875 0.31875 0.021875 0.021875
2 0.3546875 0.38125 0.0625 0.1859375
0 0.3578125 0.3171875 0.0203125 0.025
2 0.4109375 0.3640625 0.059375 0.19375
0 0.4140625 0.28125 0.01875 0.025
2 0.4546875 0.3765625 0.05625 0.190625
0 0.4578125 0.321875 0.0203125 0.028125
2 0.4890625 0.3828125 0.0421875 0.16875
0 0.490625 0.3109375 0.01875 0.021875
2 0.484375 0.3546875 0.05 0.190625
0 0.48125 0.3078125 0.015625 0.0234375
2 0.565625 0.3578125 0.05625 0.1765625
0 0.565625 0.284375 0.01875 0.025
2 0.621875 0.3875 0.0671875 0.23125
0 0.6234375 0.2921875 0.028125 0.0359375
2 0.6703125 0.4 0.0703125 0.2453125
0 0.675 0.2984375 0.0328125 0.0359375
2 0.715625 0.45625 0.08125 0.3234375
0 0.7296875 0.31875 0.0390625 0.0453125
2 0.690625 0.4 0.0671875 0.2328125
0 0.7015625 0.303125 0.021875 0.034375
2 0.1015625 0.4203125 0.0953125 0.23125
0 0.090625 0.3265625 0.0328125 0.0375
2 0.3375 0.3859375 0.053125 0.1828125
0 0.33125 0.33125 0.021875 0.028125
2 0.4234375 0.3890625 0.0390625 0.16875
0 0.4234375 0.3171875 0.015625 0.021875
2 0.453125 0.3875 0.0421875 0.171875
0 0.45625 0.3203125 0.021875 0.0296875
0 0.0140625 0.490625 0.028125 0.08125
2 0.221875 0.4203125 0.0671875 0.1921875
0 0.221875 0.340625 0.0265625 0.0296875