2 0.88125 0.671875 0.1171875 0.16875
0 0.871875 0.60625 0.0265625 0.0265625
2 0.796875 0.690625 0.0765625 0.1859375
0 0.796875 0.6125 0.01875 0.01875
2 0.740625 0.6875 0.078125 0.1859375
0 0.74375 0.6203125 0.0203125 0.01875
2 0.9125 0.5765625 0.0296875 0.0578125
0 0.91875 0.5546875 0.0078125 0.0078125
2 0.834375 0.5765625 0.0296875 0.0609375
0 0.834375 0.553125 0.0078125 0.0078125
2 0.815625 0.575 0.028125 0.059375
0 0.815625 0.553125 0.0078125 0.00625
2 0.746875 0.575 0.0265625 0.05625
0 0.75 0.553125 0.009375 0.0109375
2 0.71875 0.5953125 0.0359375 0.078125
0 0.7125 0.5703125 0.009375 0.0109375
2 0.6890625 0.56875 0.0234375 0.0546875
0 0.6890625 0.5484375 0.00625 0.00625
2 0.7640625 0.565625 0.0203125 0.046875
0 0.7671875 0.5484375 0.009375 0.0078125
2 0.6375 0.671875 0.0765625 0.196875
0 0.64375 0.603125 0.028125 0.0265625
2 0.5375 0.6390625 0.05625 0.140625
0 0.534375 0.5828125 0.015625 0.0171875
2 0.575 0.5765625 0.0234375 0.05625
0 0.5796875 0.5515625 0.009375 0.0109375
2 0.3375 0.5546875 0.015625 0.0359375
0 0.3375 0.5421875 0.0046875 0.0046875
2 0.2828125 0.5609375 0.01875 0.040625
0 0.284375 0.546875 0.00625 0.0078125
2 0.0453125 0.69375 0.0875 0.253125
0 0.0546875 0.5921875 0.04375 0.04375
2 0.065625 0.6875 0.09375 0.19375
0 0.065625 0.628125 0.0375 0.034375