2 0.015625 0.3125 0.03125 0.09375
0 0.00625 0.2734375 0.0125 0.0109375
2 0.0375 0.3125 0.0375 0.10625
0 0.034375 0.265625 0.0125 0.0140625
2 0.06875 0.325 0.059375 0.1265625
0 0.0609375 0.275 0.0203125 0.0203125
2 0.1078125 0.3234375 0.040625 0.1140625
0 0.1046875 0.278125 0.015625 0.01875
2 0.140625 0.303125 0.021875 0.05625
0 0.140625 0.28125 0.00625 0.0078125
2 0.4390625 0.4578125 0.2109375 0.4671875
0 0.4125 0.275 0.0515625 0.0609375
2 0.45 0.2859375 0.0203125 0.0796875
0 0.4515625 0.2546875 0.009375 0.0109375
2 0.471875 0.2796875 0.021875 0.0765625
0 0.471875 0.246875 0.009375 0.009375
2 0.478125 0.2796875 0.0234375 0.075
0 0.478125 0.2484375 0.00625 0.0078125
2 0.484375 0.2703125 0.028125 0.0796875
0 0.484375 0.2421875 0.009375 0.0125
2 0.5046875 0.275 0.021875 0.05625
0 0.5046875 0.253125 0.009375 0.009375
2 0.5296875 0.2703125 0.025 0.071875
0 0.5296875 0.2421875 0.0109375 0.0109375
2 0.5390625 0.25625 0.0140625 0.0484375
0 0.5359375 0.2375 0.00625 0.00625
2 0.55625 0.253125 0.0203125 0.0515625
0 0.5546875 0.234375 0.00625 0.0078125
2 0.5953125 0.2609375 0.025 0.0734375
0 0.6 0.23125 0.009375 0.0109375
2 0.6484375 0.265625 0.0359375 0.06875
0 0.65 0.2390625 0.0109375 0.0109375