2 0.2734375 0.575 0.14375 0.2953125
0 0.26875 0.453125 0.04375 0.05
0 0.0578125 0.5953125 0.0671875 0.071875
0 0.29375 0.6328125 0.0921875 0.109375
0 0.3578125 0.5953125 0.0640625 0.0796875
0 0.4828125 0.5953125 0.0625 0.0703125
0 0.6171875 0.6328125 0.09375 0.103125
2 0.609375 0.659375 0.2078125 0.25
0 0.63125 0.5640625 0.053125 0.0546875
2 0.4625 0.621875 0.1296875 0.1953125
0 0.4625 0.5546875 0.046875 0.05625
2 0.703125 0.61875 0.1578125 0.1921875
0 0.734375 0.55 0.0421875 0.0484375
0 0.8953125 0.5828125 0.0671875 0.059375
2 0.8078125 0.66875 0.2078125 0.2453125
0 0.8640625 0.5734375 0.0578125 0.0546875
2 0.353125 0.6671875 0.1640625 0.2328125
0 0.35625 0.59375 0.0703125 0.0796875