2 0.028125 0.640625 0.05625 0.328125
0 0.0078125 0.50234375 0.015625 0.0453125
2 0.046875 0.5359375 0.059375 0.1546875
0 0.0453125 0.471875 0.01875 0.0203125
2 0.125 0.54375 0.0515625 0.13125
0 0.121875 0.4921875 0.01875 0.0203125
2 0.190625 0.5390625 0.0515625 0.13125
0 0.1859375 0.4859375 0.0171875 0.0203125
2 0.2265625 0.5875 0.15 0.2515625
0 0.2390625 0.48125 0.0328125 0.034375
2 0.38125 0.590625 0.10625 0.2671875
0 0.365625 0.4796875 0.0375 0.0375
2 0.275 0.53125 0.0375 0.121875
0 0.275 0.4796875 0.0140625 0.015625
2 0.3140625 0.5328125 0.046875 0.125
0 0.309375 0.48125 0.0171875 0.0203125
2 0.3953125 0.534375 0.0546875 0.1171875
0 0.3890625 0.4875 0.015625 0.01875
2 0.4375 0.525 0.034375 0.115625
0 0.434375 0.478125 0.015625 0.01875
2 0.4625 0.525 0.028125 0.103125
0 0.4609375 0.4828125 0.0125 0.0171875
2 0.478125 0.5265625 0.0453125 0.1015625
0 0.4796875 0.4859375 0.0125 0.0171875
2 0.509375 0.5140625 0.0375 0.1046875
0 0.509375 0.4703125 0.0140625 0.0140625
2 0.515625 0.5265625 0.04375 0.115625
0 0.509375 0.4796875 0.0140625 0.01875
2 0.54375 0.5328125 0.046875 0.1265625
0 0.5375 0.4859375 0.0140625 0.01875
2 0.59375 0.525 0.0359375 0.1
0 0.5953125 0.484375 0.0140625 0.015625
2 0.6234375 0.653125 0.090625 0.10625
0 0.6546875 0.615625 0.025 0.028125
2 0.6234375 0.5484375 0.09375 0.24375
0 0.621875 0.4421875 0.025 0.03125
2 0.6625 0.5171875 0.04375 0.1140625
0 0.659375 0.4703125 0.015625 0.01875
2 0.6921875 0.5875 0.0953125 0.2390625
0 0.696875 0.4875 0.0296875 0.034375
2 0.759375 0.5140625 0.0484375 0.1078125
0 0.7546875 0.4703125 0.0125 0.015625
2 0.8046875 0.515625 0.053125 0.1125
0 0.8 0.4703125 0.015625 0.0171875
2 0.8125 0.5140625 0.05625 0.1140625
0 0.8078125 0.465625 0.015625 0.015625
2 0.8671875 0.5734375 0.0875 0.215625
0 0.865625 0.4828125 0.0265625 0.03125
2 0.9375 0.5265625 0.05 0.1203125
0 0.9359375 0.4765625 0.0125 0.0140625