2 0.6453125 0.7078125 0.0890625 0.1890625
0 0.63125 0.63125 0.025 0.0265625
2 0.5546875 0.69375 0.090625 0.2015625
0 0.546875 0.609375 0.025 0.028125
2 0.4625 0.696875 0.0796875 0.190625
0 0.4671875 0.6171875 0.0265625 0.025
2 0.315625 0.7140625 0.10625 0.2078125
0 0.321875 0.6296875 0.025 0.0328125
2 0.309375 0.7046875 0.071875 0.196875
0 0.309375 0.6234375 0.021875 0.0265625
2 0.153125 0.6796875 0.0921875 0.19375
0 0.1453125 0.5984375 0.0203125 0.0265625
2 0.2140625 0.6796875 0.090625 0.1890625
0 0.2140625 0.603125 0.021875 0.0296875
2 0.1328125 0.71875 0.1234375 0.215625
0 0.1390625 0.6296875 0.0203125 0.0265625
0 0.1484375 0.628125 0.0265625 0.028125
0 0.20625 0.6484375 0.025 0.0296875