2 0.1921875 0.4921875 0.0828125 0.096875
0 0.1921875 0.4609375 0.0203125 0.025
2 0.2 0.4484375 0.059375 0.115625
0 0.1984375 0.4015625 0.0171875 0.01875
2 0.2546875 0.4625 0.071875 0.1140625
0 0.2671875 0.421875 0.01875 0.025
2 0.25625 0.421875 0.0453125 0.1296875
0 0.2546875 0.3703125 0.015625 0.0203125
2 0.259375 0.4078125 0.0390625 0.0734375
0 0.2640625 0.38125 0.0125 0.0125
2 0.4 0.50625 0.06875 0.10625
0 0.3921875 0.4671875 0.0171875 0.0265625
2 0.4265625 0.46875 0.0515625 0.140625
0 0.4265625 0.415625 0.015625 0.0234375
2 0.4609375 0.4625 0.0453125 0.1578125
0 0.465625 0.4 0.01875 0.025
2 0.515625 0.45625 0.0640625 0.1765625
0 0.5140625 0.3859375 0.01875 0.0234375
2 0.571875 0.45625 0.0515625 0.1703125
0 0.56875 0.384375 0.0171875 0.0234375
2 0.5734375 0.5 0.078125 0.0890625
0 0.5734375 0.4734375 0.0171875 0.0203125
2 0.675 0.5625 0.1265625 0.28125
0 0.6671875 0.4421875 0.034375 0.0359375
0 0.8515625 0.5953125 0.0265625 0.03125
2 0.3875 0.6640625 0.24375 0.4375
0 0.3671875 0.534375 0.04375 0.0453125
0 0.8453125 0.475 0.01875 0.0234375
2 0.390625 0.4796875 0.0578125 0.1359375
0 0.3921875 0.41875 0.0171875 0.0234375
2 0.728125 0.4640625 0.0375 0.1375
0 0.73125 0.4078125 0.0109375 0.0140625