2 0.8859375 0.4875 0.125 0.3671875
0 0.8765625 0.3375 0.0453125 0.059375
2 0.7359375 0.4796875 0.125 0.3734375
0 0.746875 0.33125 0.053125 0.0640625
2 0.728125 0.403125 0.1140625 0.340625
0 0.721875 0.259375 0.0421875 0.053125
2 0.5859375 0.4421875 0.1125 0.3375
0 0.5828125 0.3140625 0.040625 0.05625
2 0.584375 0.4234375 0.1265625 0.3578125
0 0.5875 0.275 0.0484375 0.0546875
2 0.5140625 0.4921875 0.19375 0.5234375
0 0.4796875 0.278125 0.059375 0.0734375
0 0.2953125 0.5671875 0.05625 0.0671875
0 0.6140625 0.621875 0.0640625 0.0625
0 0.671875 0.546875 0.0921875 0.0875
2 0.2953125 0.46875 0.184375 0.4109375
0 0.303125 0.303125 0.05 0.065625
2 0.3984375 0.396875 0.1234375 0.353125
0 0.4046875 0.253125 0.040625 0.053125
2 0.14375 0.5734375 0.11875 0.303125
0 0.1421875 0.4640625 0.0453125 0.059375
2 0.0421875 0.571875 0.0828125 0.278125
0 0.025 0.4703125 0.05 0.0609375
2 0.1484375 0.309375 0.1390625 0.26875
0 0.1609375 0.2078125 0.046875 0.0609375
2 0.0375 0.309375 0.075 0.259375
0 0.01875 0.2125 0.0375 0.059375
2 0.1875 0.253125 0.11875 0.1796875
0 0.184375 0.1734375 0.0375 0.01875