2 0.0421875 0.58828125 0.084375 0.3546875
0 0.0109375 0.4390625 0.021875 0.0484375
2 0.0234375 0.4953125 0.046875 0.215625
0 0.015625 0.4046875 0.0234375 0.0296875
2 0.0390625 0.45625 0.0359375 0.1484375
0 0.0375 0.3953125 0.0140625 0.015625
2 0.071875 0.5109375 0.0859375 0.215625
0 0.071875 0.4234375 0.021875 0.0234375
2 0.1234375 0.496875 0.075 0.1921875
0 0.11875 0.4203125 0.021875 0.0234375
2 0.14375 0.4359375 0.0328125 0.1171875
0 0.1484375 0.390625 0.0171875 0.0203125
2 0.1671875 0.46875 0.065625 0.18125
0 0.1703125 0.3953125 0.025 0.0265625
2 0.190625 0.440625 0.0375 0.115625
0 0.1890625 0.396875 0.015625 0.015625
2 0.2359375 0.471875 0.05625 0.1578125
0 0.2375 0.4078125 0.021875 0.021875
2 0.2828125 0.4109375 0.0265625 0.078125
0 0.28125 0.3796875 0.0078125 0.009375
2 0.278125 0.56875 0.1640625 0.3546875
0 0.28125 0.4234375 0.0421875 0.0515625
2 0.3078125 0.434375 0.0234375 0.0859375
0 0.3125 0.4 0.0125 0.015625
2 0.325 0.434375 0.028125 0.0875
0 0.328125 0.3984375 0.0125 0.0140625
2 0.35625 0.4484375 0.046875 0.115625
0 0.359375 0.403125 0.0140625 0.0140625
2 0.3828125 0.471875 0.0578125 0.15625
0 0.3828125 0.4078125 0.0203125 0.021875
2 0.4203125 0.403125 0.0125 0.034375
0 0.421875 0.39375 0.00625 0.00625
2 0.4671875 0.4609375 0.059375 0.159375
0 0.471875 0.3984375 0.0171875 0.0203125
2 0.4875 0.4328125 0.021875 0.08125
0 0.4875 0.4015625 0.0125 0.0125
2 0.5078125 0.4328125 0.0328125 0.0859375
0 0.509375 0.396875 0.0125 0.0125
2 0.521875 0.4375 0.0359375 0.090625
0 0.515625 0.4015625 0.0109375 0.0125
2 0.528125 0.44375 0.04375 0.115625
0 0.53125 0.396875 0.0203125 0.021875
2 0.5546875 0.44375 0.0265625 0.10625
0 0.55625 0.4015625 0.0125 0.015625
2 0.6578125 0.403125 0.025 0.06875
0 0.6625 0.3765625 0.0078125 0.009375
2 0.6796875 0.4015625 0.03125 0.0625
0 0.684375 0.3765625 0.009375 0.0078125
2 0.675 0.440625 0.021875 0.0765625
0 0.6734375 0.409375 0.0125 0.009375
2 0.6828125 0.4421875 0.021875 0.0734375
0 0.68125 0.4109375 0.0078125 0.009375
2 0.5296875 0.5765625 0.1515625 0.321875
0 0.5421875 0.4484375 0.0375 0.0453125
2 0.615625 0.553125 0.11875 0.29375
0 0.6265625 0.43125 0.040625 0.0453125
2 0.7390625 0.56875 0.121875 0.315625
0 0.7390625 0.4390625 0.034375 0.0421875
2 0.9078125 0.5625 0.1328125 0.309375
0 0.9171875 0.434375 0.04375 0.046875
2 0.3984375 0.45 0.0234375 0.1078125
0 0.3984375 0.4078125 0.0140625 0.015625