0 0.0734375 0.534375 0.0546875 0.05625
2 0.175 0.609375 0.11875 0.2625
0 0.18125 0.5078125 0.0453125 0.0546875
2 0.2703125 0.609375 0.1265625 0.25
0 0.259375 0.5125 0.0421875 0.0546875
2 0.3390625 0.603125 0.11875 0.2625
0 0.3296875 0.5015625 0.040625 0.0515625
0 0.4234375 0.51875 0.0453125 0.05625
2 0.578125 0.6203125 0.1765625 0.2546875
0 0.5390625 0.525 0.04375 0.059375
2 0.65625 0.6 0.125 0.240625
0 0.63125 0.5140625 0.04375 0.053125
2 0.759375 0.5859375 0.1375 0.23125
0 0.734375 0.4921875 0.040625 0.04375
2 0.66875 0.584375 0.09375 0.21875
0 0.6703125 0.5 0.034375 0.04375
2 0.590625 0.578125 0.109375 0.2375
0 0.584375 0.4890625 0.0375 0.0515625
2 0.5109375 0.5796875 0.10625 0.234375
0 0.4984375 0.49375 0.040625 0.0515625
2 0.5359375 0.5484375 0.0984375 0.209375
0 0.5296875 0.4671875 0.034375 0.04375
2 0.421875 0.5390625 0.1125 0.23125
0 0.41875 0.45 0.03125 0.040625
2 0.328125 0.5546875 0.090625 0.225
0 0.328125 0.465625 0.0375 0.04375
2 0.246875 0.5546875 0.0953125 0.23125
0 0.25625 0.4671875 0.0375 0.0453125
2 0.115625 0.4875 0.0875 0.35625
0 0.1203125 0.3390625 0.04375 0.0484375
2 0.1484375 0.49375 0.0765625 0.3390625
0 0.1515625 0.3515625 0.0375 0.046875
2 0.18125 0.4953125 0.0796875 0.3015625
0 0.18125 0.3703125 0.0375 0.0484375
2 0.209375 0.5015625 0.1078125 0.290625
0 0.2203125 0.3953125 0.0453125 0.05
2 0.2578125 0.471875 0.065625 0.2328125
0 0.2578125 0.378125 0.034375 0.04375
2 0.2921875 0.4671875 0.078125 0.240625
0 0.2875 0.36875 0.0328125 0.040625
2 0.3125 0.475 0.075 0.2265625
0 0.3109375 0.3828125 0.03125 0.0390625
2 0.34375 0.475 0.090625 0.228125
0 0.3421875 0.3859375 0.0328125 0.04375
2 0.3890625 0.4734375 0.075 0.2578125
0 0.3890625 0.36875 0.03125 0.0390625
2 0.44375 0.4765625 0.084375 0.2640625
0 0.440625 0.3671875 0.034375 0.04375
2 0.5015625 0.478125 0.1 0.25
0 0.4984375 0.375 0.03125 0.0375
2 0.475 0.4359375 0.084375 0.2359375
0 0.475 0.340625 0.03125 0.0390625
2 0.5328125 0.475 0.08125 0.2515625
0 0.5359375 0.3703125 0.0296875 0.0375
2 0.5796875 0.4703125 0.078125 0.2453125
0 0.5703125 0.3671875 0.03125 0.034375
2 0.6140625 0.4734375 0.0890625 0.2546875
0 0.609375 0.36875 0.03125 0.040625
2 0.6453125 0.4734375 0.08125 0.2625
0 0.6421875 0.3671875 0.034375 0.040625
2 0.66875 0.453125 0.0765625 0.2171875
0 0.6671875 0.3625 0.028125 0.034375
2 0.6859375 0.471875 0.0734375 0.2375
0 0.684375 0.375 0.03125 0.0375
2 0.728125 0.4734375 0.090625 0.2625
0 0.71875 0.36875 0.034375 0.0453125
2 0.765625 0.515625 0.084375 0.2796875
0 0.7640625 0.4015625 0.0328125 0.0453125
2 0.7953125 0.5328125 0.103125 0.3171875
0 0.790625 0.4015625 0.040625 0.04375
2 0.8328125 0.5078125 0.0796875 0.2828125
0 0.83125 0.3953125 0.03125 0.040625
2 0.8546875 0.534375 0.103125 0.3203125
0 0.8453125 0.403125 0.040625 0.05
2 0.89375 0.509375 0.103125 0.303125
0 0.8890625 0.3796875 0.034375 0.04375
2 0.921875 0.51875 0.10625 0.3234375
0 0.9125 0.38125 0.040625 0.0453125
0 0.97578125 0.37421875 0.0484375 0.0484375