2 0.490625 0.6546875 0.065625 0.1859375
0 0.4953125 0.5765625 0.025 0.028125
2 0.53125 0.6578125 0.04375 0.1734375
0 0.5359375 0.5859375 0.0203125 0.0265625
2 0.546875 0.66875 0.0609375 0.165625
0 0.5484375 0.6015625 0.021875 0.0265625
2 0.6828125 0.646875 0.028125 0.0765625
0 0.684375 0.6171875 0.0109375 0.0125
2 0.709375 0.6515625 0.0296875 0.0890625
0 0.715625 0.615625 0.0125 0.0140625
2 0.728125 0.6453125 0.015625 0.0703125
0 0.728125 0.615625 0.0078125 0.009375
2 0.740625 0.6484375 0.03125 0.0890625
0 0.74375 0.6125 0.009375 0.0125
2 0.7796875 0.646875 0.0359375 0.109375
0 0.7828125 0.603125 0.015625 0.0203125
2 0.79375 0.6578125 0.0484375 0.121875
0 0.7953125 0.60625 0.015625 0.01875
2 0.8390625 0.646875 0.0328125 0.078125
0 0.8328125 0.6171875 0.009375 0.0109375
2 0.8796875 0.6515625 0.05 0.1328125
0 0.8796875 0.5953125 0.015625 0.0171875
0 0.975 0.596875 0.025 0.028125
2 0.9125 0.6359375 0.0140625 0.0390625
0 0.9140625 0.621875 0.0078125 0.0078125
2 0.925 0.6375 0.0109375 0.034375
0 0.925 0.625 0.00625 0.00625
2 0.9375 0.6390625 0.0140625 0.0359375
0 0.9359375 0.628125 0.0046875 0.0078125