2 0.1234375 0.446875 0.0296875 0.0671875
0 0.1234375 0.4234375 0.009375 0.009375
0 0.2046875 0.4171875 0.090625 0.096875
0 0.45625 0.4890625 0.065625 0.090625
2 0.5703125 0.596875 0.1734375 0.4734375
0 0.5609375 0.4046875 0.0546875 0.078125
0 0.7921875 0.4609375 0.084375 0.1078125
2 0.7390625 0.640625 0.165625 0.49375
0 0.7390625 0.434375 0.053125 0.0734375
2 0.921875 0.4234375 0.025 0.0546875
0 0.9203125 0.403125 0.0078125 0.0109375
2 0.89375 0.4265625 0.0203125 0.0515625
0 0.8921875 0.40625 0.0078125 0.009375
2 0.875 0.4296875 0.025 0.046875
0 0.8796875 0.415625 0.00625 0.0078125