2 0.090625 0.528125 0.115625 0.1875
0 0.1140625 0.45 0.028125 0.025
2 0.1203125 0.55 0.08125 0.18125
0 0.1390625 0.4734375 0.028125 0.025
2 0.2125 0.50625 0.0484375 0.109375
0 0.215625 0.4609375 0.0125 0.015625
2 0.3453125 0.540625 0.071875 0.16875
0 0.359375 0.4703125 0.028125 0.025
2 0.590625 0.540625 0.0875 0.1875
0 0.578125 0.4609375 0.0203125 0.021875
2 0.609375 0.5359375 0.0921875 0.1875
0 0.6171875 0.4546875 0.0203125 0.021875
2 0.675 0.534375 0.1375 0.26875
0 0.678125 0.4296875 0.03125 0.034375
2 0.746875 0.590625 0.159375 0.26875
0 0.771875 0.5 0.034375 0.034375
2 0.9859375 0.5 0.0140625 0.04375
0 0.9875 0.4828125 0.00625 0.00625