2 0.1640625 0.590625 0.1671875 0.3375
0 0.1453125 0.475 0.059375 0.0734375
2 0.2421875 0.50625 0.1546875 0.2609375
0 0.25 0.41875 0.0484375 0.0640625
2 0.2171875 0.4546875 0.1296875 0.2109375
0 0.2140625 0.378125 0.040625 0.0453125
2 0.328125 0.465625 0.1703125 0.2359375
0 0.340625 0.3859375 0.053125 0.046875
2 0.3375 0.65 0.1734375 0.3578125
0 0.3265625 0.5109375 0.053125 0.0703125
2 0.3828125 0.58125 0.140625 0.303125
0 0.36875 0.4671875 0.05 0.0609375
2 0.4453125 0.5453125 0.090625 0.221875
0 0.4515625 0.4625 0.04375 0.05625
2 0.5265625 0.6484375 0.1578125 0.35625
0 0.5140625 0.5171875 0.059375 0.0765625
2 0.528125 0.5296875 0.1046875 0.271875
0 0.53125 0.4265625 0.04375 0.0609375
2 0.621875 0.5078125 0.14375 0.334375
0 0.6171875 0.3875 0.0453125 0.0609375
2 0.715625 0.528125 0.13125 0.3140625
0 0.690625 0.4078125 0.046875 0.0625
2 0.8515625 0.525 0.1515625 0.4421875
0 0.8390625 0.340625 0.05 0.065625
2 0.6984375 0.6578125 0.2015625 0.3359375
0 0.6671875 0.5375 0.05625 0.06875
2 0.8109375 0.65 0.1703125 0.2890625
0 0.7875 0.5453125 0.0578125 0.0734375
2 0.4375 0.35625 0.146875 0.3015625
0 0.4609375 0.240625 0.040625 0.053125
2 0.54375 0.3171875 0.128125 0.246875
0 0.5484375 0.2234375 0.0390625 0.053125
2 0.653125 0.315625 0.1484375 0.25
0 0.6421875 0.2234375 0.0390625 0.0546875
2 0.7375 0.309375 0.11875 0.25625
0 0.734375 0.2140625 0.0359375 0.05625