2 0.0234375 0.45 0.046875 0.15625
0 0.0140625 0.3875 0.021875 0.0265625
2 0.0328125 0.4984375 0.0484375 0.1578125
0 0.0296875 0.434375 0.0203125 0.021875
2 0.059375 0.4609375 0.0796875 0.2984375
0 0.071875 0.3625 0.028125 0.0265625
2 0.1296875 0.5875 0.221875 0.484375
0 0.10625 0.3828125 0.059375 0.06875
2 0.184375 0.43125 0.0375 0.10625
0 0.1828125 0.3859375 0.0125 0.0125
2 0.2265625 0.44375 0.0359375 0.103125
0 0.2296875 0.403125 0.0109375 0.015625
2 0.259375 0.44375 0.065625 0.1796875
0 0.2578125 0.38125 0.0171875 0.0234375
2 0.2828125 0.4671875 0.071875 0.19375
0 0.2734375 0.3890625 0.0265625 0.0296875
2 0.3546875 0.571875 0.1421875 0.44375
0 0.3546875 0.3859375 0.05 0.065625
2 0.4125 0.4734375 0.0921875 0.203125
0 0.409375 0.390625 0.025 0.03125
2 0.4515625 0.4265625 0.021875 0.08125
0 0.453125 0.39375 0.009375 0.0109375
2 0.4734375 0.4265625 0.0265625 0.0828125
0 0.471875 0.3921875 0.0125 0.0109375
2 0.515625 0.446875 0.0609375 0.159375
0 0.50625 0.3796875 0.01875 0.0234375
2 0.5515625 0.4375 0.040625 0.1140625
0 0.5453125 0.390625 0.0171875 0.0171875
2 0.5828125 0.4765625 0.0421875 0.096875
0 0.5765625 0.4359375 0.0203125 0.0140625
2 0.596875 0.434375 0.034375 0.109375
0 0.5984375 0.390625 0.0140625 0.0171875
2 0.6546875 0.45625 0.0859375 0.28125
0 0.6484375 0.359375 0.0265625 0.028125
2 0.7328125 0.546875 0.1703125 0.5515625
0 0.709375 0.309375 0.059375 0.071875
2 0.8046875 0.459375 0.071875 0.19375
0 0.7984375 0.378125 0.021875 0.025
2 0.8421875 0.440625 0.0484375 0.134375
0 0.84375 0.384375 0.0140625 0.0171875
2 0.859375 0.4515625 0.0453125 0.13125
0 0.8625 0.3984375 0.015625 0.01875
2 0.9125 0.471875 0.078125 0.1890625
0 0.8984375 0.39375 0.0234375 0.028125
2 0.9671875 0.434375 0.0390625 0.103125
0 0.965625 0.3921875 0.0125 0.0140625
2 0.56875 0.434375 0.03125 0.1109375
0 0.56875 0.3875 0.015625 0.0140625
2 0.1203125 0.484375 0.10625 0.325
0 0.1109375 0.3484375 0.040625 0.0453125
2 0.1984375 0.421875 0.0234375 0.08125
0 0.203125 0.3890625 0.009375 0.0109375
2 0.2109375 0.428125 0.025 0.084375
0 0.215625 0.39375 0.0109375 0.0125
2 0.228125 0.4359375 0.0390625 0.1046875
0 0.21875 0.39375 0.0140625 0.0140625
2 0.4203125 0.440625 0.0671875 0.159375
0 0.403125 0.3734375 0.0203125 0.0203125
2 0.5015625 0.45 0.040625 0.13125
0 0.4953125 0.396875 0.015625 0.01875
2 0.9578125 0.4125 0.034375 0.075
0 0.959375 0.3828125 0.009375 0.0109375
2 0.934375 0.409375 0.0234375 0.059375
0 0.9359375 0.3859375 0.00625 0.0078125
2 0.9875 0.4109375 0.01875 0.078125
0 0.9875 0.3796875 0.009375 0.0109375