2 0.1671875 0.559375 0.1671875 0.4703125
0 0.175 0.3640625 0.0515625 0.06875
2 0.2953125 0.525 0.1453125 0.3421875
0 0.3140625 0.3828125 0.0375 0.0484375
2 0.3578125 0.525 0.1515625 0.31875
0 0.353125 0.4 0.040625 0.0546875
2 0.4046875 0.5484375 0.1484375 0.3265625
0 0.3703125 0.415625 0.0484375 0.05625
0 0.4578125 0.3625 0.0703125 0.096875
2 0.6125 0.546875 0.1046875 0.3515625
0 0.61875 0.4125 0.0453125 0.0546875
2 0.659375 0.44375 0.0578125 0.125
0 0.6578125 0.39375 0.0203125 0.021875
2 0.7015625 0.446875 0.0453125 0.121875
0 0.7015625 0.3984375 0.0171875 0.021875
2 0.7265625 0.453125 0.0625 0.178125
0 0.725 0.384375 0.0265625 0.0296875
2 0.909375 0.5828125 0.1515625 0.43125
0 0.925 0.403125 0.0484375 0.065625
0 0.7703125 0.39375 0.078125 0.096875
2 0.8109375 0.5015625 0.0765625 0.2359375
0 0.821875 0.4109375 0.0390625 0.0484375
2 0.8828125 0.465625 0.053125 0.146875
0 0.8828125 0.409375 0.01875 0.025
2 0.903125 0.425 0.0265625 0.06875
0 0.9015625 0.40625 0.0203125 0.025
2 0.88125 0.43125 0.03125 0.078125
0 0.8828125 0.409375 0.01875 0.0234375
2 0.9421875 0.4234375 0.021875 0.0578125
0 0.94375 0.403125 0.009375 0.0125
2 0.9671875 0.434375 0.0265625 0.071875
0 0.971875 0.4078125 0.0109375 0.009375
2 0.984375 0.4359375 0.03125 0.078125
0 0.9875 0.40625 0.009375 0.0140625