0 0.0171875 0.546875 0.034375 0.06875
2 0.0984375 0.6640625 0.1078125 0.3734375
0 0.1015625 0.5203125 0.0453125 0.0625
2 0.0703125 0.5265625 0.06875 0.1578125
0 0.075 0.4671875 0.0203125 0.0234375
0 0.14375 0.540625 0.0671875 0.0671875
0 0.2 0.503125 0.071875 0.0875
0 0.321875 0.484375 0.059375 0.078125
0 0.26875 0.5390625 0.071875 0.090625
0 0.3921875 0.5796875 0.0671875 0.09375
2 0.4265625 0.646875 0.1359375 0.4015625
0 0.4109375 0.490625 0.0578125 0.084375
0 0.4765625 0.5625 0.05625 0.084375
0 0.559375 0.5734375 0.0515625 0.08125
0 0.6328125 0.56875 0.0578125 0.0796875
2 0.6265625 0.6421875 0.1984375 0.40625
0 0.58125 0.4796875 0.05625 0.075
0 0.678125 0.4921875 0.053125 0.071875
0 0.7578125 0.50625 0.0796875 0.096875
0 0.7578125 0.50625 0.078125 0.0953125
2 0.80625 0.6125 0.140625 0.4390625
0 0.775 0.434375 0.065625 0.078125