2 0.1203125 0.54453125 0.240625 0.5921875
0 0.1109375 0.309375 0.08125 0.1046875
2 0.2828125 0.49375 0.2171875 0.6078125
0 0.334375 0.2375 0.0734375 0.0921875
2 0.35 0.6234375 0.2484375 0.4421875
0 0.2796875 0.4515625 0.0796875 0.0953125
2 0.5140625 0.6109375 0.29375 0.4875
0 0.5609375 0.41875 0.0703125 0.0953125
2 0.5078125 0.490625 0.1953125 0.565625
0 0.4625 0.2578125 0.065625 0.0859375
2 0.6828125 0.4984375 0.2234375 0.5453125
0 0.6796875 0.278125 0.0671875 0.0859375
0 0.721875 0.4140625 0.0734375 0.0921875
0 0.8734375 0.2875 0.1046875 0.121875