2 0.8796875 0.4515625 0.2109375 0.2390625
0 0.884375 0.378125 0.0640625 0.0765625
2 0.6234375 0.39375 0.1578125 0.153125
0 0.59375 0.3421875 0.0453125 0.04375
2 0.278125 0.425 0.265625 0.45
0 0.3390625 0.2546875 0.0796875 0.1046875
2 0.08125 0.3765625 0.1609375 0.2453125
0 0.1046875 0.29375 0.0375 0.0484375
2 0.1703125 0.3671875 0.034375 0.0859375
0 0.175 0.3328125 0.015625 0.0171875
2 0.390625 0.3671875 0.0421875 0.1109375
0 0.4015625 0.3234375 0.015625 0.0171875
2 0.45625 0.371875 0.0234375 0.05625
0 0.459375 0.3515625 0.00625 0.0109375
2 0.5171875 0.3578125 0.0578125 0.08125
0 0.528125 0.33125 0.015625 0.01875
2 0.540625 0.365625 0.0375 0.1078125
0 0.540625 0.321875 0.015625 0.0171875
2 0.615625 0.3703125 0.025 0.078125
0 0.6171875 0.340625 0.0125 0.0171875
2 0.640625 0.3671875 0.04375 0.10625
0 0.6421875 0.325 0.0125 0.01875
2 0.6875 0.371875 0.025 0.078125
0 0.69375 0.34375 0.0109375 0.015625
2 0.6625 0.3734375 0.025 0.0765625
0 0.6625 0.34375 0.0125 0.0140625
2 0.7171875 0.3703125 0.025 0.078125
0 0.7203125 0.3375 0.0109375 0.0125
2 0.728125 0.3734375 0.0359375 0.0953125
0 0.7359375 0.334375 0.0140625 0.0171875
2 0.753125 0.390625 0.0640625 0.075
0 0.7546875 0.365625 0.0171875 0.01875
2 0.7671875 0.403125 0.0359375 0.0578125
0 0.7671875 0.3828125 0.0109375 0.015625
2 0.75625 0.38125 0.034375 0.0921875
0 0.7578125 0.3453125 0.015625 0.015625
2 0.784375 0.3859375 0.03125 0.0796875
0 0.7875 0.3546875 0.0078125 0.009375
2 0.7984375 0.384375 0.034375 0.0921875
0 0.803125 0.35 0.0125 0.0171875
2 0.825 0.396875 0.0296875 0.0671875
0 0.8265625 0.375 0.0125 0.01875
2 0.7078125 0.3953125 0.0359375 0.06875
0 0.7078125 0.36875 0.0109375 0.015625
2 0.675 0.365625 0.0390625 0.1125
0 0.6796875 0.3203125 0.0171875 0.0171875