2 0.25625 0.5234375 0.0703125 0.1890625
0 0.25625 0.4421875 0.021875 0.0234375
2 0.36875 0.5578125 0.034375 0.05625
0 0.36875 0.540625 0.0109375 0.015625
2 0.5015625 0.5296875 0.0390625 0.109375
0 0.5015625 0.4859375 0.0140625 0.015625
2 0.4421875 0.5765625 0.184375 0.2890625
0 0.4625 0.465625 0.040625 0.05625
2 0.5765625 0.578125 0.2578125 0.3046875
0 0.5796875 0.4609375 0.0453125 0.053125
2 0.7484375 0.528125 0.0390625 0.1171875
0 0.75 0.48125 0.0140625 0.01875
2 0.7890625 0.528125 0.04375 0.1359375
0 0.7859375 0.4734375 0.01875 0.021875
2 0.834375 0.5453125 0.046875 0.08125
0 0.8328125 0.515625 0.0140625 0.015625
2 0.878125 0.53125 0.0765625 0.140625
0 0.88125 0.4734375 0.01875 0.01875
0 0.9578125 0.4328125 0.0234375 0.0359375
2 0.18125 0.2109375 0.0484375 0.08125
0 0.1859375 0.18125 0.015625 0.0171875
2 0.321875 0.240625 0.0234375 0.0734375
0 0.321875 0.2171875 0.0125 0.0203125
2 0.3375 0.225 0.0359375 0.0859375
0 0.33125 0.19375 0.0125 0.0171875
2 0.384375 0.2640625 0.0328125 0.0765625
0 0.3875 0.2375 0.0125 0.0125
2 0.4171875 0.2390625 0.034375 0.078125
0 0.41875 0.209375 0.0109375 0.0140625
2 0.8953125 0.51875 0.0640625 0.2078125
0 0.8984375 0.45 0.021875 0.0234375
2 0.44375 0.215625 0.05 0.0953125
0 0.44375 0.1703125 0.0125 0.00625
2 0.5109375 0.215625 0.0375 0.096875
0 0.509375 0.1703125 0.0109375 0.00625
2 0.53125 0.215625 0.04375 0.0984375
0 0.5359375 0.1703125 0.0125 0.00625
2 0.56875 0.2140625 0.0375 0.09375
0 0.5765625 0.1703125 0.0109375 0.00625