0 0.5421875 0.4171875 0.0859375 0.1015625
0 0.8359375 0.371875 0.0609375 0.0734375
0 0.6484375 0.3890625 0.08125 0.1015625
2 0.7125 0.5640625 0.109375 0.3921875
0 0.721875 0.3984375 0.0515625 0.059375
2 0.3125 0.4828125 0.128125 0.2890625
0 0.309375 0.3609375 0.034375 0.0375
2 0.3734375 0.4625 0.090625 0.2828125
0 0.3671875 0.34375 0.0328125 0.0359375
2 0.4390625 0.453125 0.075 0.2546875
0 0.434375 0.34375 0.034375 0.0359375
2 0.478125 0.5796875 0.115625 0.4171875
0 0.484375 0.4140625 0.046875 0.0765625
2 0.58125 0.5 0.09375 0.3640625
0 0.565625 0.346875 0.0421875 0.05625
2 0.125 0.5453125 0.14375 0.3609375
0 0.125 0.39375 0.0484375 0.05625
0 0.0265625 0.40625 0.053125 0.0625
0 0.0265625 0.4046875 0.053125 0.075
2 0.840625 0.5453125 0.1984375 0.4453125
0 0.85 0.359375 0.065625 0.071875