2 0.0265625 0.5703125 0.01875 0.0546875
0 0.028125 0.5484375 0.00625 0.00625
2 0.0796875 0.5734375 0.0234375 0.0546875
0 0.0828125 0.553125 0.0078125 0.009375
2 0.0953125 0.5734375 0.0203125 0.053125
0 0.09375 0.553125 0.0078125 0.0078125
2 0.125 0.59375 0.0265625 0.0828125
0 0.125 0.5609375 0.0140625 0.0125
2 0.1671875 0.5859375 0.046875 0.0953125
0 0.178125 0.546875 0.0125 0.0125
2 0.2125 0.590625 0.0453125 0.08125
0 0.209375 0.5578125 0.0109375 0.0125
2 0.1890625 0.58125 0.0203125 0.0625
0 0.1875 0.5578125 0.0078125 0.009375
2 0.2328125 0.56875 0.01875 0.0453125
0 0.2328125 0.55 0.00625 0.0078125
2 0.2375 0.5671875 0.0125 0.0375
0 0.2375 0.553125 0.0046875 0.00625
2 0.2484375 0.5671875 0.015625 0.040625
0 0.2484375 0.5515625 0.0046875 0.0046875
2 0.2546875 0.565625 0.0140625 0.0296875
0 0.2546875 0.553125 0.0046875 0.0046875
2 0.2640625 0.565625 0.0140625 0.03125
0 0.265625 0.5546875 0.0046875 0.0046875
2 0.2765625 0.5625 0.0109375 0.0296875
0 0.275 0.5515625 0.003125 0.003125
2 0.3234375 0.565625 0.0109375 0.0296875
0 0.3234375 0.5546875 0.003125 0.003125
2 0.334375 0.5625 0.0078125 0.0234375
0 0.334375 0.5546875 0.003125 0.0046875
2 0.3421875 0.5625 0.0078125 0.021875
0 0.34375 0.5546875 0.003125 0.003125
2 0.390625 0.5625 0.0078125 0.015625
0 0.3921875 0.5578125 0.003125 0.003125
2 0.4125 0.575 0.0140625 0.0265625
0 0.4171875 0.5640625 0.003125 0.003125
2 0.425 0.575 0.015625 0.03125
0 0.425 0.5625 0.003125 0.0046875
2 0.4484375 0.5765625 0.015625 0.028125
0 0.45 0.565625 0.0046875 0.0046875
2 0.4671875 0.5734375 0.0125 0.0265625
0 0.4703125 0.5625 0.003125 0.0046875
2 0.4734375 0.56875 0.0140625 0.01875
0 0.4703125 0.5625 0.003125 0.003125
2 0.484375 0.5625 0.00625 0.0171875
0 0.484375 0.55625 0.003125 0.003125
2 0.490625 0.5625 0.00625 0.01875
0 0.490625 0.55625 0.003125 0.003125
2 0.4984375 0.5625 0.0078125 0.01875
0 0.4984375 0.5546875 0.0015625 0.0015625
2 0.5453125 0.5625 0.0078125 0.01875
0 0.5453125 0.55625 0.003125 0.0015625
2 0.5546875 0.56875 0.0125 0.0359375
0 0.553125 0.5546875 0.0046875 0.0046875
2 0.625 0.5625 0.009375 0.025
0 0.625 0.553125 0.003125 0.0046875
2 0.634375 0.5640625 0.0109375 0.03125
0 0.6359375 0.5515625 0.0046875 0.0046875
2 0.653125 0.5921875 0.0453125 0.0953125
0 0.6515625 0.553125 0.0125 0.0140625
2 0.728125 0.5953125 0.05 0.0984375
0 0.7109375 0.55625 0.0140625 0.0171875
2 0.9640625 0.59375 0.03125 0.1046875
0 0.9578125 0.553125 0.0140625 0.0171875
2 0.9390625 0.590625 0.028125 0.1015625
0 0.940625 0.55 0.0109375 0.0140625
2 0.809375 0.571875 0.0171875 0.0484375
0 0.809375 0.553125 0.00625 0.0078125
2 0.8 0.571875 0.0125 0.0421875
0 0.8 0.55625 0.0078125 0.0078125
2 0.7875 0.5765625 0.034375 0.0546875
0 0.7875 0.5546875 0.0078125 0.009375
2 0.7734375 0.571875 0.015625 0.04375
0 0.7734375 0.5546875 0.0046875 0.0046875
2 0.775 0.5703125 0.0125 0.0421875
0 0.7765625 0.5546875 0.0046875 0.0046875
2 0.75625 0.5734375 0.021875 0.0453125
0 0.7546875 0.5546875 0.00625 0.00625
2 0.75 0.571875 0.015625 0.0421875
0 0.7515625 0.5546875 0.0046875 0.0046875
2 0.734375 0.5671875 0.015625 0.0421875
0 0.734375 0.5515625 0.0078125 0.00625
2 0.725 0.5671875 0.0140625 0.040625
0 0.725 0.5515625 0.0046875 0.00625
2 0.459375 0.571875 0.0109375 0.0203125
0 0.4609375 0.565625 0.003125 0.003125