0 0.0328125 0.25546875 0.065625 0.1234375
2 0.2203125 0.4984375 0.1859375 0.6546875
0 0.1921875 0.228125 0.0796875 0.103125
0 0.3765625 0.3515625 0.0953125 0.13125
2 0.3625 0.45625 0.1546875 0.58125
0 0.3828125 0.215625 0.071875 0.0921875
2 0.48125 0.50625 0.16875 0.5859375
0 0.4875 0.2703125 0.075 0.0953125
0 0.5234375 0.390625 0.0921875 0.1203125
0 0.671875 0.39375 0.0875 0.10625
2 0.65625 0.5265625 0.2 0.5984375
0 0.640625 0.2859375 0.0796875 0.10625
2 0.71875 0.4859375 0.1265625 0.55
0 0.728125 0.2703125 0.071875 0.0828125
2 0.7578125 0.4296875 0.1078125 0.4515625
0 0.76875 0.2625 0.04375 0.0734375
2 0.86875 0.434375 0.1671875 0.5171875
0 0.840625 0.2140625 0.0578125 0.0765625
2 0.4359375 0.4328125 0.1390625 0.4890625
0 0.434375 0.225 0.053125 0.0734375
2 0.509375 0.4515625 0.140625 0.5625
0 0.521875 0.21875 0.0578125 0.0765625
2 0.61875 0.4765625 0.134375 0.546875
0 0.6203125 0.2484375 0.0671875 0.0796875
2 0.6484375 0.4546875 0.1546875 0.5484375
0 0.640625 0.2203125 0.05 0.0625
2 0.7078125 0.3671875 0.1296875 0.4015625
0 0.7046875 0.1984375 0.046875 0.0578125
2 0.584375 0.4078125 0.1234375 0.3828125
0 0.578125 0.2640625 0.05 0.0640625