2 0.0375 0.5140625 0.075 0.215625
0 0.034375 0.4265625 0.0265625 0.0328125
2 0.128125 0.5046875 0.08125 0.1578125
0 0.1375 0.446875 0.021875 0.021875
2 0.2359375 0.5125 0.0625 0.165625
0 0.228125 0.4515625 0.0234375 0.0296875
0 0.15625 0.3953125 0.08125 0.0890625
2 0.259375 0.61875 0.121875 0.421875
0 0.265625 0.446875 0.053125 0.065625
2 0.4296875 0.5078125 0.0375 0.0859375
0 0.4328125 0.4765625 0.0078125 0.0109375
2 0.465625 0.521875 0.0421875 0.1359375
0 0.4640625 0.46875 0.0140625 0.01875
0 0.378125 0.41875 0.10625 0.1171875
0 0.578125 0.421875 0.10625 0.1171875
2 0.7171875 0.6375 0.128125 0.4578125
0 0.71875 0.45 0.059375 0.071875
2 0.7453125 0.61875 0.1203125 0.371875
0 0.7375 0.478125 0.04375 0.05
2 0.8859375 0.640625 0.128125 0.3703125
0 0.8890625 0.484375 0.040625 0.046875