0 0.95625 0.703125 0.01875 0.025
2 0.9453125 0.75 0.0390625 0.1546875
0 0.946875 0.6859375 0.01875 0.021875
0 0.8140625 0.70625 0.0234375 0.025
2 0.86875 0.7546875 0.05625 0.140625
0 0.865625 0.6953125 0.01875 0.01875
2 0.784375 0.746875 0.0484375 0.146875
0 0.784375 0.6875 0.01875 0.0203125
2 0.7359375 0.746875 0.0421875 0.1109375
0 0.7375 0.7015625 0.015625 0.015625
2 0.6625 0.75 0.0453125 0.1421875
0 0.6609375 0.690625 0.0140625 0.0171875
0 0.55 0.73125 0.028125 0.028125
0 0.634375 0.7578125 0.028125 0.0296875
0 0.471875 0.76875 0.034375 0.040625
0 0.51875 0.740625 0.0328125 0.034375
0 0.3015625 0.7734375 0.0328125 0.034375
0 0.315625 0.7421875 0.0296875 0.03125
0 0.39375 0.725 0.0296875 0.0328125
0 0.3671875 0.709375 0.01875 0.021875
0 0.4359375 0.721875 0.01875 0.021875
2 0.4734375 0.7546875 0.04375 0.13125
0 0.4796875 0.7015625 0.0140625 0.0171875
2 0.5265625 0.7515625 0.05 0.134375
0 0.525 0.696875 0.0171875 0.01875
0 0.5890625 0.7140625 0.021875 0.0234375
0 0.7921875 0.759375 0.040625 0.0359375
0 0.825 0.7375 0.0296875 0.0296875
2 0.3453125 0.7484375 0.034375 0.1125
0 0.34375 0.7046875 0.0171875 0.021875
0 0.2359375 0.7375 0.0234375 0.0328125
0 0.1765625 0.759375 0.0328125 0.0453125
0 0.09375 0.771875 0.0328125 0.040625
2 0.0375 0.7546875 0.0390625 0.1171875
0 0.0390625 0.709375 0.0140625 0.0203125
2 0.0859375 0.75 0.0359375 0.103125
0 0.0875 0.709375 0.0171875 0.01875
2 0.1625 0.6875 0.0265625 0.059375
0 0.165625 0.6640625 0.009375 0.0109375
2 0.2125 0.6828125 0.0171875 0.05625
0 0.215625 0.6609375 0.0078125 0.009375
0 0.165625 0.71875 0.0234375 0.0265625
2 0.025 0.75625 0.03125 0.121875
0 0.025 0.70625 0.0125 0.0171875
0 0.6171875 0.7171875 0.01875 0.0203125
0 0.1953125 0.8 0.04375 0.059375
0 0.759375 0.728125 0.03125 0.034375
2 0.934375 0.734375 0.028125 0.1265625
0 0.9328125 0.6828125 0.0171875 0.0171875