2 0.0859375 0.2609375 0.053125 0.084375
0 0.0875 0.2234375 0.01875 0.0109375
2 0.0375 0.30625 0.053125 0.1625
0 0.0390625 0.2390625 0.0171875 0.021875
2 0.0875 0.325 0.059375 0.140625
0 0.090625 0.26875 0.0203125 0.025
2 0.134375 0.3296875 0.0546875 0.14375
0 0.1328125 0.2734375 0.0203125 0.021875
2 0.1375 0.2625 0.0484375 0.0875
0 0.1375 0.228125 0.0171875 0.0171875
2 0.1796875 0.265625 0.0546875 0.0921875
0 0.18125 0.221875 0.0171875 0.0078125
2 0.2359375 0.259375 0.046875 0.0796875
0 0.2375 0.2234375 0.01875 0.009375
2 0.2046875 0.421875 0.05625 0.16875
0 0.2 0.353125 0.0203125 0.021875
2 0.265625 0.415625 0.0546875 0.1734375
0 0.2734375 0.34375 0.025 0.025
2 0.2984375 0.4484375 0.05625 0.165625
0 0.303125 0.3921875 0.0171875 0.021875
2 0.396875 0.4234375 0.1125 0.1609375
0 0.3859375 0.35625 0.0203125 0.021875
2 0.4015625 0.41875 0.0578125 0.1546875
0 0.4 0.3546875 0.0171875 0.021875
2 0.475 0.425 0.065625 0.15625
0 0.4734375 0.3625 0.0203125 0.025
2 0.5359375 0.425 0.0609375 0.153125
0 0.5375 0.3671875 0.01875 0.028125
2 0.48125 0.3234375 0.059375 0.1609375
0 0.4828125 0.2640625 0.021875 0.0328125
2 0.534375 0.29375 0.0546875 0.1296875
0 0.5390625 0.24375 0.015625 0.0203125
2 0.54375 0.328125 0.075 0.16875
0 0.54375 0.2625 0.021875 0.028125
2 0.615625 0.3328125 0.0640625 0.165625
0 0.615625 0.2640625 0.0234375 0.028125
2 0.690625 0.2953125 0.065625 0.153125
0 0.69375 0.2296875 0.01875 0.0203125
2 0.709375 0.328125 0.0484375 0.1375
0 0.70625 0.275 0.0234375 0.021875
2 0.7515625 0.2984375 0.053125 0.153125
0 0.7484375 0.2375 0.021875 0.025
2 0.78125 0.3265625 0.071875 0.1609375
0 0.784375 0.2625 0.0203125 0.0234375
2 0.8328125 0.3046875 0.0609375 0.1734375
0 0.8328125 0.234375 0.0203125 0.0203125
2 0.84375 0.328125 0.046875 0.15
0 0.8421875 0.271875 0.021875 0.0265625
2 0.89375 0.31875 0.059375 0.184375
0 0.8984375 0.2421875 0.021875 0.0296875
2 0.95625 0.321875 0.0578125 0.165625
0 0.953125 0.253125 0.0171875 0.01875
2 0.9375 0.278125 0.059375 0.1203125
0 0.9296875 0.2296875 0.01875 0.0203125
2 0.2453125 0.6046875 0.225 0.3109375
0 0.23125 0.4765625 0.0359375 0.04375
2 0.2359375 0.5484375 0.1328125 0.396875
0 0.2625 0.4609375 0.03125 0.0375
2 0.228125 0.6328125 0.1578125 0.25625
0 0.278125 0.546875 0.03125 0.040625
2 0.3921875 0.565625 0.115625 0.36875
0 0.403125 0.465625 0.034375 0.0421875
2 0.3421875 0.6421875 0.0796875 0.2328125
0 0.3359375 0.546875 0.0328125 0.0359375
2 0.4 0.6 0.0953125 0.3140625
0 0.403125 0.465625 0.0296875 0.040625
2 0.40625 0.6328125 0.08125 0.2453125
0 0.40625 0.5359375 0.0328125 0.04375
2 0.4453125 0.634375 0.084375 0.2484375
0 0.4578125 0.559375 0.028125 0.0421875
2 0.4625 0.6046875 0.0953125 0.29375
0 0.4484375 0.48125 0.0328125 0.0359375
2 0.5046875 0.5984375 0.08125 0.309375
0 0.509375 0.465625 0.0328125 0.0375
2 0.5234375 0.6390625 0.090625 0.2359375
0 0.5140625 0.5453125 0.028125 0.040625
2 0.528125 0.6140625 0.103125 0.2796875
0 0.525 0.5015625 0.0296875 0.0390625
2 0.565625 0.6015625 0.0796875 0.3046875
0 0.5625 0.475 0.0375 0.0421875
2 0.6046875 0.6140625 0.0984375 0.2828125
0 0.6078125 0.4953125 0.0296875 0.0359375
2 0.6015625 0.6390625 0.0875 0.23125
0 0.596875 0.546875 0.028125 0.0375
2 0.6546875 0.640625 0.075 0.2328125
0 0.653125 0.54375 0.028125 0.0375
2 0.628125 0.578125 0.128125 0.353125
0 0.64375 0.4765625 0.0265625 0.0375
2 0.6921875 0.6109375 0.11875 0.2953125
0 0.66875 0.484375 0.0328125 0.0421875
2 0.7359375 0.5625 0.078125 0.2421875
0 0.7359375 0.465625 0.0234375 0.0296875
2 0.31875 0.5984375 0.0875 0.2875
0 0.33125 0.4828125 0.03125 0.0375