2 0.690625 0.76875 0.10625 0.321875
0 0.7015625 0.6328125 0.040625 0.0421875
2 0.784375 0.69375 0.08125 0.1859375
0 0.7734375 0.6140625 0.0203125 0.0234375
2 0.584375 0.7078125 0.05625 0.1453125
0 0.584375 0.6484375 0.0171875 0.0203125
2 0.546875 0.7328125 0.0375 0.05
0 0.553125 0.721875 0.015625 0.015625
2 0.43125 0.715625 0.0484375 0.1640625
0 0.428125 0.65 0.01875 0.021875
2 0.3703125 0.7234375 0.0671875 0.1875
0 0.3578125 0.646875 0.0234375 0.0296875
2 0.34375 0.7375 0.059375 0.1828125
0 0.34375 0.6625 0.021875 0.025
2 0.2515625 0.75 0.071875 0.215625
0 0.2578125 0.6578125 0.028125 0.0296875
2 0.18125 0.79375 0.05 0.3328125
0 0.1640625 0.6546875 0.0171875 0.04375
2 0.6203125 0.6578125 0.0296875 0.0796875
0 0.615625 0.625 0.009375 0.0125
2 0.6125 0.6546875 0.0265625 0.075
0 0.6078125 0.625 0.009375 0.0109375
2 0.65 0.6453125 0.01875 0.0515625
0 0.65 0.625 0.0078125 0.0078125
2 0.6609375 0.65 0.0234375 0.0515625
0 0.6609375 0.628125 0.00625 0.0078125
2 0.790625 0.640625 0.034375 0.06875
0 0.7875 0.6140625 0.0109375 0.0125
2 0.7515625 0.65625 0.0296875 0.0671875
0 0.753125 0.6296875 0.009375 0.009375
2 0.7375 0.6515625 0.0203125 0.0671875
0 0.7390625 0.625 0.009375 0.009375
2 0.7578125 0.6484375 0.021875 0.0609375
0 0.75625 0.625 0.009375 0.0125
2 0.678125 0.640625 0.0171875 0.0484375
0 0.678125 0.621875 0.00625 0.0078125
2 0.4578125 0.6421875 0.0109375 0.025
0 0.45625 0.6328125 0.003125 0.003125
2 0.590625 0.65 0.015625 0.0375
0 0.5875 0.6328125 0.0078125 0.0078125