2 0.8078125 0.65 0.0734375 0.146875
0 0.815625 0.5953125 0.025 0.0234375
2 0.7421875 0.6375 0.04375 0.1328125
0 0.75 0.5828125 0.01875 0.021875
2 0.7296875 0.63125 0.04375 0.115625
0 0.7359375 0.584375 0.01875 0.0203125
2 0.76875 0.63125 0.0421875 0.1109375
0 0.76875 0.5875 0.0140625 0.01875
2 0.884375 0.5765625 0.071875 0.0921875
0 0.89375 0.5421875 0.0171875 0.0171875
2 0.95 0.584375 0.0421875 0.0828125
0 0.953125 0.553125 0.0125 0.0125
2 0.971875 0.559375 0.046875 0.0875
0 0.9734375 0.5234375 0.0109375 0.0109375
2 0.88125 0.559375 0.034375 0.0765625
0 0.8875 0.5296875 0.0109375 0.0125
2 0.8453125 0.5578125 0.040625 0.0734375
0 0.8484375 0.528125 0.0125 0.0109375
2 0.8140625 0.5484375 0.0359375 0.0703125
0 0.8203125 0.5203125 0.0109375 0.0109375
2 0.7984375 0.553125 0.028125 0.06875
0 0.8015625 0.525 0.0109375 0.0125
2 0.7421875 0.5203125 0.0265625 0.0421875
0 0.746875 0.5046875 0.00625 0.00625
2 0.7546875 0.5140625 0.0203125 0.0421875
0 0.75625 0.4984375 0.00625 0.0078125
2 0.7703125 0.5140625 0.0203125 0.0421875
0 0.7734375 0.4984375 0.0046875 0.00625
2 0.7921875 0.521875 0.01875 0.040625
0 0.7953125 0.509375 0.00625 0.00625
2 0.765625 0.5921875 0.0265625 0.0921875
0 0.7640625 0.55625 0.015625 0.01875
2 0.69375 0.5125 0.0171875 0.0359375
0 0.69375 0.496875 0.0046875 0.0046875
2 0.7078125 0.5109375 0.0140625 0.0328125
0 0.7078125 0.4984375 0.0046875 0.0046875
2 0.7453125 0.4953125 0.009375 0.025
0 0.7453125 0.4875 0.0046875 0.0046875
2 0.76875 0.496875 0.0140625 0.028125
0 0.7734375 0.4875 0.0046875 0.0046875
2 0.2921875 0.5453125 0.028125 0.0609375
0 0.290625 0.521875 0.009375 0.0125
2 0.240625 0.521875 0.01875 0.0375
0 0.2390625 0.5078125 0.0078125 0.0078125
2 0.2203125 0.515625 0.01875 0.0421875
0 0.21875 0.5 0.00625 0.00625
2 0.2109375 0.5125 0.0203125 0.04375
0 0.2109375 0.496875 0.00625 0.0078125
2 0.1453125 0.5484375 0.04375 0.0625
0 0.13125 0.525 0.0109375 0.0125
2 0.1390625 0.5296875 0.025 0.05625
0 0.1390625 0.5078125 0.009375 0.0078125
2 0.1046875 0.525 0.028125 0.05625
0 0.0984375 0.5046875 0.009375 0.0109375
2 0.075 0.5359375 0.028125 0.05625
0 0.071875 0.5140625 0.0125 0.009375
2 0.0421875 0.5484375 0.034375 0.0671875
0 0.034375 0.521875 0.0109375 0.009375
2 0.021875 0.5546875 0.0359375 0.078125
0 0.0125 0.525 0.009375 0.0109375
2 0.171875 0.5234375 0.0203125 0.0453125
0 0.16875 0.50625 0.009375 0.0078125
2 0.275 0.5109375 0.0140625 0.0375
0 0.2734375 0.496875 0.0046875 0.0046875
2 0.29375 0.509375 0.01875 0.0359375
0 0.29375 0.496875 0.0046875 0.0046875
2 0.3171875 0.5015625 0.009375 0.025
0 0.3171875 0.4921875 0.003125 0.0046875
2 0.3234375 0.5 0.0125 0.0265625
0 0.3234375 0.4921875 0.003125 0.003125
2 0.34375 0.5078125 0.0125 0.0265625
0 0.3421875 0.5 0.0046875 0.0046875
2 0.3390625 0.496875 0.0109375 0.025
0 0.340625 0.4890625 0.003125 0.0046875
2 0.3515625 0.4984375 0.0109375 0.021875
0 0.35 0.490625 0.0046875 0.00625
2 0.3640625 0.4953125 0.009375 0.025
0 0.3640625 0.4859375 0.0046875 0.003125
2 0.38125 0.5015625 0.0109375 0.025
0 0.38125 0.4921875 0.0046875 0.0046875
2 0.3890625 0.4984375 0.0125 0.0265625
0 0.3890625 0.4890625 0.0046875 0.0046875
2 0.7328125 0.4984375 0.009375 0.0265625
0 0.7328125 0.4890625 0.003125 0.003125
2 0.7265625 0.49375 0.009375 0.021875
0 0.728125 0.4859375 0.003125 0.003125
2 0.70625 0.49375 0.0109375 0.021875
0 0.7078125 0.4859375 0.003125 0.003125
2 0.6875 0.4890625 0.0078125 0.01875
0 0.6890625 0.4828125 0.0046875 0.003125
2 0.68125 0.4984375 0.009375 0.021875
0 0.6828125 0.4921875 0.003125 0.003125
2 0.0921875 0.5265625 0.025 0.05625
0 0.0921875 0.5265625 0.025 0.05625
2 0.021875 0.5328125 0.0265625 0.071875
0 0.025 0.50625 0.009375 0.0078125
2 0.05 0.5390625 0.025 0.0640625
0 0.05 0.5171875 0.0078125 0.009375
2 0.0625 0.5328125 0.0234375 0.0578125
0 0.05625 0.5125 0.009375 0.009375
2 0.196875 0.5140625 0.025 0.040625
0 0.2015625 0.503125 0.00625 0.0078125
2 0.8625 0.5234375 0.021875 0.0484375
0 0.8640625 0.5046875 0.009375 0.009375
2 0.190625 0.528125 0.01875 0.028125
0 0.190625 0.51875 0.00625 0.00625
2 0.3828125 0.4953125 0.009375 0.0234375
0 0.3828125 0.4859375 0.003125 0.003125