2 0.109375 0.515625 0.1109375 0.2640625
0 0.1125 0.4125 0.0328125 0.0375
2 0.25625 0.5109375 0.0984375 0.2640625
0 0.2578125 0.4015625 0.028125 0.0375
2 0.3921875 0.509375 0.153125 0.325
0 0.3875 0.3765625 0.04375 0.05
2 0.496875 0.515625 0.1 0.23125
0 0.496875 0.425 0.025 0.034375
2 0.6375 0.521875 0.134375 0.2734375
0 0.6484375 0.4046875 0.0328125 0.0375
2 0.640625 0.475 0.1625 0.4203125
0 0.63125 0.3 0.053125 0.059375
2 0.8296875 0.5078125 0.1125 0.265625
0 0.8140625 0.4 0.034375 0.040625
2 0.8796875 0.5 0.1578125 0.321875
0 0.8765625 0.3796875 0.040625 0.05