2 0.5671875 0.66875 0.234375 0.634375
0 0.625 0.4015625 0.065625 0.090625
2 0.73125 0.428125 0.034375 0.1078125
0 0.7359375 0.3828125 0.015625 0.0140625
2 0.1890625 0.425 0.04375 0.0734375
0 0.175 0.396875 0.0125 0.0140625
2 0.2546875 0.4296875 0.0359375 0.103125
0 0.253125 0.3875 0.0125 0.0125
2 0.365625 0.43125 0.021875 0.071875
0 0.36875 0.4015625 0.0125 0.0109375
2 0.409375 0.421875 0.040625 0.096875
0 0.4171875 0.384375 0.0125 0.015625
2 0.428125 0.4375 0.01875 0.05625
0 0.4296875 0.415625 0.009375 0.0109375
2 0.4125 0.4125 0.040625 0.103125
0 0.415625 0.371875 0.0125 0.015625
2 0.421875 0.4125 0.0234375 0.0953125
0 0.425 0.3734375 0.009375 0.0125
2 0.4359375 0.4125 0.021875 0.0890625
0 0.4375 0.3765625 0.0078125 0.009375
2 0.446875 0.409375 0.025 0.096875
0 0.4453125 0.36875 0.0125 0.0140625
2 0.475 0.425 0.046875 0.0984375
0 0.4671875 0.3875 0.0125 0.015625
2 0.4875 0.4015625 0.03125 0.084375
0 0.48125 0.36875 0.0109375 0.0125
2 0.4953125 0.4203125 0.025 0.090625
0 0.496875 0.3828125 0.0109375 0.0125
2 0.5140625 0.41875 0.03125 0.1
0 0.515625 0.378125 0.0109375 0.0125
2 0.5359375 0.41875 0.0296875 0.09375
0 0.5359375 0.3828125 0.0140625 0.015625
2 0.55 0.4109375 0.021875 0.075
0 0.546875 0.38125 0.009375 0.0109375
2 0.565625 0.4078125 0.03125 0.0859375
0 0.565625 0.3734375 0.0125 0.015625