2 0.11875 0.4578125 0.1234375 0.3484375
0 0.0890625 0.309375 0.04375 0.05
2 0.153125 0.4484375 0.1 0.24375
0 0.1359375 0.3484375 0.0328125 0.034375
2 0.3328125 0.515625 0.1890625 0.5046875
0 0.3203125 0.309375 0.059375 0.0890625
2 0.30625 0.5046875 0.1484375 0.371875
0 0.296875 0.3453125 0.0359375 0.05
2 0.415625 0.4671875 0.1140625 0.359375
0 0.3984375 0.3171875 0.0390625 0.053125
2 0.4734375 0.41875 0.0703125 0.20625
0 0.4640625 0.3375 0.0265625 0.0359375
2 0.540625 0.5375 0.171875 0.4828125
0 0.528125 0.340625 0.05625 0.0765625
2 0.5796875 0.4546875 0.1046875 0.3328125
0 0.5734375 0.31875 0.034375 0.05625
2 0.6125 0.428125 0.071875 0.2046875
0 0.6125 0.3453125 0.0265625 0.0359375
2 0.6875 0.5078125 0.1390625 0.396875
0 0.6828125 0.34375 0.046875 0.059375
2 0.734375 0.4609375 0.1046875 0.2921875
0 0.7375 0.34375 0.0359375 0.046875
2 0.7671875 0.3796875 0.0328125 0.10625
0 0.765625 0.3390625 0.01875 0.01875
2 0.84375 0.521875 0.1953125 0.496875
0 0.84375 0.3171875 0.0625 0.084375
2 0.709375 0.38125 0.0359375 0.1015625
0 0.709375 0.340625 0.0125 0.015625