2 0.6875 0.671875 0.2328125 0.3859375
0 0.634375 0.51875 0.0546875 0.075
0 0.5078125 0.53125 0.06875 0.0890625
2 0.4625 0.590625 0.1984375 0.2765625
0 0.4828125 0.4875 0.046875 0.05625
0 0.3046875 0.5921875 0.0859375 0.10625
2 0.3296875 0.6515625 0.1671875 0.3640625
0 0.3234375 0.5078125 0.0625 0.06875
0 0.0640625 0.59765625 0.128125 0.1359375
2 0.1734375 0.6703125 0.165625 0.3890625
0 0.1765625 0.5453125 0.0796875 0.09375
2 0.1390625 0.6421875 0.1625 0.38125
0 0.1453125 0.509375 0.0578125 0.0765625