2 0.9640625 0.4390625 0.0578125 0.184375
0 0.9703125 0.3625 0.0234375 0.025
2 0.7390625 0.55 0.1703125 0.4859375
0 0.7609375 0.340625 0.059375 0.065625
2 0.66875 0.3953125 0.0453125 0.1140625
0 0.6703125 0.35 0.015625 0.0171875
2 0.7953125 0.40625 0.040625 0.178125
0 0.79375 0.3359375 0.025 0.0265625
2 0.7265625 0.465625 0.06875 0.28125
0 0.7375 0.35 0.0328125 0.04375
2 0.7890625 0.4921875 0.0984375 0.346875
0 0.76875 0.34375 0.028125 0.0296875
2 0.5859375 0.4953125 0.13125 0.3375
0 0.5484375 0.3546875 0.0359375 0.0484375
2 0.5171875 0.5 0.1203125 0.353125
0 0.5 0.3546875 0.0421875 0.053125
2 0.4484375 0.4953125 0.096875 0.3640625
0 0.44375 0.346875 0.04375 0.053125
2 0.3734375 0.496875 0.1125 0.3625
0 0.403125 0.346875 0.04375 0.05625
2 0.0640625 0.5109375 0.128125 0.4203125
0 0.053125 0.3359375 0.046875 0.0453125