2 0.171875 0.6109375 0.0109375 0.0890625
0 0.1703125 0.575 0.00625 0.0125
2 0.184375 0.61875 0.0328125 0.103125
0 0.1859375 0.5765625 0.0125 0.015625
2 0.171875 0.590625 0.009375 0.0609375
0 0.1703125 0.565625 0.0046875 0.0078125
2 0.1953125 0.609375 0.034375 0.0953125
0 0.19375 0.56875 0.0109375 0.0125
2 0.2046875 0.5921875 0.015625 0.046875
0 0.20625 0.571875 0.00625 0.00625
2 0.2140625 0.5875 0.0203125 0.046875
0 0.215625 0.56875 0.00625 0.00625
2 0.2328125 0.6109375 0.0328125 0.0953125
0 0.234375 0.571875 0.0109375 0.0109375
2 0.253125 0.5828125 0.015625 0.040625
0 0.2515625 0.565625 0.0046875 0.00625
2 0.265625 0.6109375 0.0359375 0.0953125
0 0.2703125 0.571875 0.0109375 0.0109375
2 0.3015625 0.6671875 0.0640625 0.196875
0 0.3046875 0.584375 0.0234375 0.0296875
2 0.325 0.6 0.021875 0.065625
0 0.328125 0.5703125 0.0078125 0.0078125
2 0.359375 0.6640625 0.071875 0.2140625
0 0.3578125 0.575 0.0234375 0.028125
2 0.3375 0.5828125 0.0109375 0.0359375
0 0.3390625 0.5703125 0.0046875 0.00625
2 0.371875 0.5875 0.0125 0.040625
0 0.371875 0.571875 0.0046875 0.00625
2 0.3796875 0.578125 0.0109375 0.0296875
0 0.3796875 0.565625 0.0046875 0.0046875
2 0.390625 0.6046875 0.0265625 0.078125
0 0.3890625 0.575 0.009375 0.0125
2 0.3953125 0.5828125 0.0078125 0.028125
0 0.3953125 0.571875 0.0046875 0.0046875
2 0.409375 0.603125 0.0328125 0.08125
0 0.4078125 0.5703125 0.009375 0.0140625
2 0.4234375 0.5859375 0.0109375 0.0328125
0 0.4234375 0.571875 0.0046875 0.0046875
2 0.4390625 0.6625 0.08125 0.215625
0 0.4421875 0.5703125 0.025 0.028125
2 0.5171875 0.68125 0.096875 0.2796875
0 0.5171875 0.5671875 0.0328125 0.046875
2 0.5484375 0.596875 0.0234375 0.0640625
0 0.55 0.571875 0.009375 0.0109375
2 0.575 0.6578125 0.034375 0.0953125
0 0.565625 0.625 0.0140625 0.0140625
2 0.6046875 0.690625 0.0484375 0.0359375
0 0.590625 0.6828125 0.0125 0.0109375
2 0.5640625 0.58125 0.01875 0.0515625
0 0.5625 0.559375 0.0078125 0.0078125
2 0.571875 0.590625 0.021875 0.0546875
0 0.5734375 0.56875 0.0109375 0.0078125
2 0.58125 0.584375 0.015625 0.0515625
0 0.5796875 0.565625 0.0078125 0.009375
2 0.5875 0.61875 0.0375 0.1046875
0 0.5875 0.575 0.0109375 0.0140625
2 0.5984375 0.6015625 0.0171875 0.071875
0 0.596875 0.5703125 0.00625 0.0078125
2 0.6125 0.603125 0.028125 0.0859375
0 0.6125 0.5703125 0.0109375 0.0140625
2 0.621875 0.6234375 0.03125 0.1
0 0.61875 0.58125 0.0125 0.0140625
2 0.621875 0.58125 0.01875 0.0421875
0 0.621875 0.565625 0.00625 0.0078125
2 0.6296875 0.58125 0.0109375 0.0390625
0 0.63125 0.5671875 0.0078125 0.0078125
2 0.6375 0.584375 0.015625 0.04375
0 0.6390625 0.5671875 0.00625 0.0078125
2 0.671875 0.7296875 0.175 0.371875
0 0.6671875 0.5734375 0.046875 0.05625
2 0.6890625 0.621875 0.0390625 0.1171875
0 0.69375 0.575 0.0140625 0.0171875
2 0.7 0.6078125 0.025 0.096875
0 0.7 0.5703125 0.0140625 0.0171875
2 0.7125 0.625 0.03125 0.1015625
0 0.7125 0.58125 0.0140625 0.0140625
2 0.715625 0.5953125 0.028125 0.0859375
0 0.7140625 0.5609375 0.009375 0.0125
2 0.7390625 0.68125 0.0828125 0.26875
0 0.7453125 0.5671875 0.0328125 0.0375
2 0.7859375 0.7 0.09375 0.3234375
0 0.7828125 0.5640625 0.0390625 0.046875