2 0.2984375 0.3609375 0.1140625 0.234375
0 0.296875 0.271875 0.0453125 0.0515625
2 0.1765625 0.54375 0.2828125 0.4640625
0 0.134375 0.3625 0.078125 0.096875
0 0.1484375 0.471875 0.1375 0.153125
0 0.146875 0.4671875 0.14375 0.1640625
2 0.440625 0.5609375 0.2109375 0.3765625
0 0.4390625 0.4265625 0.071875 0.0859375
2 0.5890625 0.5140625 0.1453125 0.28125
0 0.5796875 0.4171875 0.059375 0.0765625
2 0.7328125 0.45 0.146875 0.5078125
0 0.6984375 0.2390625 0.0640625 0.078125
2 0.7375 0.58125 0.31875 0.5
0 0.759375 0.3953125 0.084375 0.109375
2 0.0015625 0.1671875 0.0015625 0.0015625
0 0.7609375 0.3953125 0.0890625 0.109375