0 0.065625 0.7703125 0.0203125 0.0203125
0 0.115625 0.7609375 0.0234375 0.021875
0 0.2421875 0.715625 0.0203125 0.025
0 0.25 0.7296875 0.0203125 0.021875
2 0.3234375 0.7625 0.0453125 0.11875
0 0.325 0.7125 0.015625 0.0171875
2 0.3328125 0.70625 0.0390625 0.0828125
0 0.334375 0.678125 0.0140625 0.01875
2 0.3484375 0.7453125 0.0359375 0.115625
0 0.3515625 0.6984375 0.0171875 0.01875
2 0.36875 0.7140625 0.0296875 0.0828125
0 0.365625 0.684375 0.0125 0.015625
2 0.396875 0.7390625 0.0390625 0.1046875
0 0.403125 0.696875 0.0171875 0.0171875
2 0.421875 0.709375 0.0328125 0.0859375
0 0.425 0.6765625 0.0109375 0.015625
2 0.4421875 0.703125 0.028125 0.0734375
0 0.4453125 0.6765625 0.0125 0.0140625
2 0.4578125 0.6953125 0.0265625 0.06875
0 0.459375 0.6703125 0.0140625 0.0171875
2 0.48125 0.6921875 0.03125 0.075
0 0.478125 0.665625 0.0140625 0.0171875
2 0.4765625 0.7328125 0.046875 0.115625
0 0.475 0.684375 0.0140625 0.0140625
2 0.4578125 0.740625 0.059375 0.0859375
0 0.471875 0.70625 0.0140625 0.0125
2 0.603125 0.7203125 0.0578125 0.103125
0 0.6046875 0.68125 0.0140625 0.021875
2 0.675 0.7078125 0.046875 0.109375
0 0.6765625 0.6640625 0.0140625 0.015625
2 0.7265625 0.690625 0.0390625 0.1078125
0 0.7265625 0.6453125 0.0125 0.0140625
2 0.7953125 0.6515625 0.0640625 0.05
0 0.8078125 0.634375 0.0125 0.015625
2 0.90625 0.6984375 0.05 0.065625
0 0.9 0.675 0.015625 0.0140625
2 0.9453125 0.6515625 0.0390625 0.090625
0 0.946875 0.6171875 0.0125 0.0171875
2 0.953125 0.66875 0.04375 0.0953125
0 0.9609375 0.6328125 0.01875 0.0171875
2 0.9484375 0.6765625 0.0390625 0.103125
0 0.946875 0.6328125 0.0125 0.0140625