2 0.5875 0.3828125 0.0265625 0.075
0 0.5875 0.353125 0.009375 0.0109375
2 0.6265625 0.5671875 0.1484375 0.478125
0 0.6296875 0.3609375 0.053125 0.065625
2 0.5625 0.584375 0.1484375 0.446875
0 0.5828125 0.4015625 0.046875 0.0703125
2 0.5265625 0.5546875 0.103125 0.446875
0 0.53125 0.371875 0.0484375 0.0609375
2 0.48125 0.590625 0.1203125 0.4078125
0 0.5 0.4234375 0.046875 0.059375
2 0.390625 0.575 0.1203125 0.428125
0 0.41875 0.3984375 0.059375 0.071875
2 0.4234375 0.5265625 0.109375 0.4421875
0 0.4171875 0.3421875 0.0484375 0.0546875
2 0.39375 0.5546875 0.14375 0.4359375
0 0.3703125 0.3671875 0.0453125 0.059375
2 0.2953125 0.5828125 0.0796875 0.4046875
0 0.3234375 0.4171875 0.05 0.0671875
2 0.225 0.5890625 0.128125 0.378125
0 0.253125 0.4296875 0.046875 0.0609375
2 0.2921875 0.509375 0.1203125 0.409375
0 0.2953125 0.3359375 0.046875 0.059375