0 0.975 0.4484375 0.046875 0.0484375
0 0.9625 0.440625 0.0375 0.0453125
2 0.8375 0.5796875 0.05625 0.1859375
0 0.834375 0.5046875 0.025 0.03125
0 0.6953125 0.5078125 0.065625 0.090625
0 0.6734375 0.428125 0.059375 0.0796875
2 0.64375 0.6328125 0.1625 0.40625
0 0.6 0.4640625 0.05625 0.0671875
0 0.584375 0.590625 0.05625 0.08125
2 0.484375 0.671875 0.1484375 0.39375
0 0.4828125 0.5203125 0.053125 0.078125
0 0.371875 0.525 0.053125 0.0671875
0 0.275 0.509375 0.059375 0.075
2 0.21875 0.63125 0.203125 0.4734375
0 0.2734375 0.434375 0.0640625 0.075
2 0.3640625 0.6296875 0.16875 0.44375
0 0.3828125 0.446875 0.05625 0.0796875
2 0.5 0.6234375 0.1890625 0.434375
0 0.515625 0.45 0.0546875 0.0734375
2 0.4375 0.5375 0.21875 0.396875
0 0.4859375 0.3859375 0.05625 0.078125
2 0.5546875 0.590625 0.225 0.4390625
0 0.55625 0.4109375 0.0546875 0.071875