2 0.56875 0.6515625 0.1234375 0.178125
0 0.5625 0.5859375 0.0375 0.04375
2 0.453125 0.653125 0.1125 0.165625
0 0.4578125 0.59375 0.0375 0.04375
2 0.3234375 0.590625 0.090625 0.240625
0 0.33125 0.4984375 0.0390625 0.046875
2 0.425 0.5921875 0.0765625 0.2265625
0 0.4234375 0.5046875 0.0328125 0.04375
2 0.5109375 0.578125 0.084375 0.21875
0 0.5234375 0.4921875 0.0328125 0.040625
2 0.59375 0.571875 0.084375 0.246875
0 0.5921875 0.471875 0.0359375 0.04375
2 0.646875 0.53125 0.0796875 0.2765625
0 0.6421875 0.4140625 0.03125 0.0390625
2 0.584375 0.528125 0.08125 0.2703125
0 0.5875 0.4171875 0.0296875 0.0375
2 0.5078125 0.521875 0.078125 0.2765625
0 0.503125 0.4078125 0.03125 0.0453125
2 0.446875 0.53125 0.0796875 0.271875
0 0.4484375 0.41875 0.03125 0.0375
2 0.3984375 0.546875 0.0796875 0.2703125
0 0.3921875 0.4359375 0.034375 0.04375
2 0.3390625 0.5453125 0.084375 0.28125
0 0.35625 0.434375 0.0296875 0.0421875
2 0.1328125 0.471875 0.053125 0.1171875
0 0.13125 0.421875 0.0171875 0.015625
2 0.2890625 0.471875 0.0421875 0.125
0 0.2890625 0.41875 0.0171875 0.0203125
2 0.3078125 0.4703125 0.0375 0.11875
0 0.309375 0.4234375 0.015625 0.0171875
2 0.315625 0.4671875 0.034375 0.1171875
0 0.3171875 0.41875 0.0140625 0.015625
2 0.3765625 0.46875 0.0328125 0.1171875
0 0.3765625 0.421875 0.0125 0.015625
2 0.4265625 0.475 0.0375 0.11875
0 0.4234375 0.4265625 0.0140625 0.0171875
2 0.703125 0.446875 0.03125 0.0890625
0 0.7046875 0.4109375 0.0125 0.0125
2 0.8625 0.4796875 0.078125 0.1703125
0 0.85 0.4078125 0.025 0.0234375
2 0.93125 0.465625 0.0453125 0.1328125
0 0.9375 0.4109375 0.015625 0.0203125
0 0.9875 0.4140625 0.0125 0.0203125
2 0.971875 0.45 0.0421875 0.1046875
0 0.971875 0.4078125 0.015625 0.0171875
2 0.8921875 0.4515625 0.0375 0.09375
0 0.89375 0.415625 0.0125 0.0109375
2 0.8109375 0.4671875 0.0296875 0.0828125
0 0.809375 0.4359375 0.0140625 0.0140625
2 0.8171875 0.4453125 0.0328125 0.084375
0 0.815625 0.4140625 0.0125 0.0140625
2 0.784375 0.44375 0.0359375 0.0921875
0 0.7828125 0.40625 0.0125 0.0140625
2 0.7546875 0.4515625 0.0296875 0.0703125
0 0.759375 0.4234375 0.0109375 0.0109375
2 0.8078125 0.396875 0.01875 0.046875
0 0.8078125 0.3796875 0.00625 0.00625
2 0.828125 0.428125 0.021875 0.0609375
0 0.83125 0.4046875 0.0078125 0.009375
2 0.7953125 0.41875 0.0109375 0.025
0 0.7953125 0.409375 0.003125 0.0046875
2 0.7140625 0.4296875 0.0171875 0.0609375
0 0.715625 0.40625 0.009375 0.0078125
2 0.6765625 0.421875 0.0125 0.040625
0 0.678125 0.4078125 0.00625 0.00625
2 0.6828125 0.425 0.0140625 0.0359375
0 0.68125 0.4125 0.0046875 0.00625
2 0.525 0.4265625 0.0125 0.03125
0 0.5265625 0.4140625 0.0046875 0.0046875
2 0.5671875 0.4203125 0.0109375 0.0234375
0 0.56875 0.4109375 0.003125 0.003125
2 0.2671875 0.43125 0.009375 0.028125
0 0.2671875 0.4234375 0.0046875 0.0046875
2 0.103125 0.43125 0.0125 0.0296875
0 0.103125 0.4203125 0.003125 0.0046875
2 0.0671875 0.434375 0.0140625 0.0328125
0 0.0671875 0.421875 0.00625 0.00625
2 0.071875 0.4328125 0.0140625 0.0328125
0 0.0703125 0.421875 0.0046875 0.00625
2 0.05625 0.4328125 0.0140625 0.034375
0 0.0578125 0.4203125 0.0046875 0.00625
2 0.059375 0.43125 0.0125 0.034375
0 0.0578125 0.41875 0.00625 0.00625
2 0.0484375 0.4359375 0.0125 0.0328125
0 0.046875 0.421875 0.003125 0.0046875
2 0.925 0.4203125 0.0140625 0.0375
0 0.925 0.4078125 0.0046875 0.00625
2 0.9125 0.4203125 0.0125 0.034375
0 0.9140625 0.4078125 0.0046875 0.00625
2 0.909375 0.4203125 0.0109375 0.034375
0 0.909375 0.40625 0.0046875 0.0046875
2 0.7453125 0.4390625 0.015625 0.046875
0 0.7484375 0.421875 0.0078125 0.0109375
2 0.6828125 0.428125 0.0125 0.0359375
0 0.684375 0.4140625 0.0046875 0.0046875