0 0.8671875 0.3109375 0.1 0.10625
0 0.696875 0.3390625 0.1171875 0.125
0 0.78125 0.3109375 0.078125 0.1078125
2 0.6 0.540625 0.1765625 0.534375
0 0.6015625 0.3203125 0.059375 0.0765625
2 0.5359375 0.528125 0.1359375 0.4796875
0 0.5296875 0.325 0.05625 0.071875
2 0.4515625 0.56875 0.1703125 0.4765625
0 0.4390625 0.36875 0.059375 0.075
0 0.3296875 0.3421875 0.0828125 0.115625
2 0.2640625 0.53125 0.165625 0.5046875
0 0.25625 0.31875 0.0609375 0.078125
2 0.3984375 0.5421875 0.19375 0.4546875
0 0.3671875 0.3515625 0.0578125 0.084375
2 0.19375 0.55625 0.228125 0.5140625
0 0.1375 0.3328125 0.0625 0.075