2 0.1828125 0.625 0.0296875 0.1390625
0 0.1765625 0.565625 0.0171875 0.01875
2 0.203125 0.6359375 0.0390625 0.121875
0 0.209375 0.590625 0.0140625 0.0171875
2 0.28125 0.70625 0.0875 0.31875
0 0.2828125 0.571875 0.028125 0.040625
0 0.25625 0.5765625 0.0609375 0.065625
2 0.315625 0.6265625 0.0421875 0.1421875
0 0.321875 0.5703125 0.01875 0.0203125
2 0.34375 0.621875 0.0453125 0.15
0 0.346875 0.5578125 0.015625 0.01875
2 0.3828125 0.60625 0.0515625 0.1375
0 0.3796875 0.553125 0.01875 0.021875
2 0.415625 0.596875 0.0390625 0.109375
0 0.41875 0.553125 0.0125 0.0140625
2 0.3734375 0.6625 0.075 0.2375
0 0.38125 0.56875 0.0234375 0.034375
2 0.475 0.6 0.04375 0.115625
0 0.475 0.5515625 0.0125 0.0140625
2 0.4640625 0.6296875 0.0609375 0.159375
0 0.4640625 0.565625 0.01875 0.0203125
2 0.503125 0.628125 0.0578125 0.1578125
0 0.5078125 0.565625 0.0171875 0.01875
2 0.540625 0.6515625 0.0765625 0.253125
0 0.540625 0.5421875 0.0296875 0.0328125
2 0.61875 0.6640625 0.121875 0.2296875
0 0.6296875 0.59375 0.021875 0.0234375
2 0.690625 0.603125 0.04375 0.0984375
0 0.690625 0.5640625 0.0125 0.0140625
2 0.7109375 0.5984375 0.0296875 0.1
0 0.709375 0.5578125 0.0125 0.0140625
2 0.7359375 0.6078125 0.0328125 0.1015625
0 0.734375 0.565625 0.0125 0.0140625
2 0.75625 0.6015625 0.0375 0.1
0 0.7546875 0.5640625 0.0140625 0.0140625
2 0.771875 0.6109375 0.059375 0.13125
0 0.775 0.5578125 0.01875 0.01875