0 0.8265625 0.6546875 0.0625 0.084375
0 0.94375 0.5375 0.04375 0.059375
2 0.8328125 0.63125 0.175 0.359375
0 0.8265625 0.4890625 0.05 0.059375
2 0.8203125 0.4828125 0.1328125 0.290625
0 0.815625 0.3625 0.0390625 0.04375
2 0.8328125 0.403125 0.0890625 0.2578125
0 0.828125 0.3 0.0375 0.05
2 0.7875 0.4375 0.0703125 0.275
0 0.7984375 0.3265625 0.0375 0.0453125
2 0.7140625 0.4734375 0.1015625 0.3265625
0 0.6875 0.3375 0.0375 0.046875
2 0.70625 0.3953125 0.0984375 0.2703125
0 0.6921875 0.2828125 0.0328125 0.0390625
2 0.640625 0.3625 0.053125 0.190625
0 0.6453125 0.2828125 0.0265625 0.025
2 0.65 0.453125 0.078125 0.315625
0 0.65 0.3140625 0.0375 0.0359375
2 0.615625 0.4734375 0.1 0.31875
0 0.621875 0.3375 0.0328125 0.04375
2 0.5625 0.4046875 0.0671875 0.19375
0 0.565625 0.328125 0.03125 0.0390625
2 0.5671875 0.653125 0.1578125 0.3421875
0 0.571875 0.5140625 0.0453125 0.0578125
2 0.5390625 0.4609375 0.1015625 0.2796875
0 0.525 0.346875 0.0359375 0.04375
2 0.4765625 0.4734375 0.1046875 0.31875
0 0.4640625 0.3328125 0.040625 0.0375
2 0.4359375 0.50625 0.1203125 0.359375
0 0.4359375 0.359375 0.0359375 0.0359375
2 0.4609375 0.578125 0.1390625 0.4
0 0.46875 0.4109375 0.046875 0.0625
2 0.4203125 0.4203125 0.0921875 0.2796875
0 0.4296875 0.3046875 0.0359375 0.0390625
2 0.4015625 0.315625 0.0765625 0.2109375
0 0.4046875 0.23125 0.0265625 0.0296875
2 0.3640625 0.309375 0.05625 0.203125
0 0.36875 0.228125 0.0234375 0.028125
2 0.3109375 0.334375 0.096875 0.2328125
0 0.3046875 0.2453125 0.0234375 0.0265625
2 0.3390625 0.4640625 0.128125 0.3109375
0 0.3484375 0.3296875 0.0375 0.0421875
2 0.3265625 0.4359375 0.1078125 0.3078125
0 0.3390625 0.30625 0.034375 0.0359375
2 0.3890625 0.634375 0.15 0.375
0 0.4109375 0.4765625 0.034375 0.0515625
0 0.1953125 0.5859375 0.0546875 0.0671875
2 0.165625 0.61875 0.1453125 0.31875
0 0.1828125 0.4890625 0.0390625 0.0515625
2 0.1515625 0.5578125 0.1671875 0.315625
0 0.165625 0.43125 0.0453125 0.0546875
2 0.0328125 0.575 0.0640625 0.3171875
0 0.0203125 0.575 0.0390625 0.3171875
2 0.23125 0.4875 0.1140625 0.2828125
0 0.2421875 0.3828125 0.03125 0.05
2 0.171875 0.434375 0.1234375 0.30625
0 0.1828125 0.3109375 0.0375 0.05
2 0.1734375 0.36875 0.071875 0.196875
0 0.1734375 0.2953125 0.0296875 0.040625
2 0.0609375 0.4078125 0.1203125 0.2890625
0 0.0546875 0.2875 0.0390625 0.0421875
2 0.028125 0.3890625 0.05625 0.25
0 0.0234375 0.2859375 0.0296875 0.0359375
2 0.0578125 0.2890625 0.06875 0.1984375
0 0.053125 0.2140625 0.0296875 0.0390625
2 0.0359375 0.328125 0.065625 0.2125
0 0.0328125 0.24375 0.0296875 0.0390625
2 0.015625 0.2859375 0.03125 0.18125
0 0.0078125 0.21171875 0.015625 0.0328125
2 0.1921875 0.321875 0.0703125 0.2296875
0 0.1859375 0.23125 0.025 0.034375
2 0.1875 0.2875 0.0703125 0.1953125
0 0.2015625 0.2078125 0.03125 0.034375
2 0.221875 0.24375 0.046875 0.1546875
0 0.228125 0.184375 0.0234375 0.028125
2 0.2625 0.2671875 0.0484375 0.165625
0 0.2703125 0.203125 0.0296875 0.028125
2 0.275 0.2890625 0.0890625 0.1859375
0 0.2953125 0.2125 0.028125 0.0265625