2 0.2625 0.6484375 0.0546875 0.184375
0 0.25625 0.571875 0.021875 0.0296875
2 0.2234375 0.6515625 0.065625 0.190625
0 0.2234375 0.571875 0.0234375 0.0265625
2 0.2328125 0.6265625 0.0359375 0.153125
0 0.23125 0.5625 0.015625 0.0203125
2 0.1671875 0.646875 0.0640625 0.1859375
0 0.1796875 0.5671875 0.028125 0.028125
2 0.1859375 0.6328125 0.046875 0.1609375
0 0.1921875 0.565625 0.021875 0.0265625
2 0.1390625 0.615625 0.053125 0.146875
0 0.1359375 0.553125 0.01875 0.021875
2 0.0859375 0.6421875 0.090625 0.175
0 0.1140625 0.5671875 0.0234375 0.025
2 0.1 0.6171875 0.04375 0.1625
0 0.1015625 0.5484375 0.021875 0.025
2 0.0796875 0.6109375 0.03125 0.1359375
0 0.0828125 0.553125 0.01875 0.01875
2 0.05625 0.6140625 0.0390625 0.1296875
0 0.059375 0.559375 0.0171875 0.0203125
2 0.03125 0.6140625 0.0375 0.128125
0 0.0390625 0.559375 0.015625 0.0171875