2 0.0359375 0.49375 0.01875 0.059375
0 0.0359375 0.4703125 0.00625 0.0078125
2 0.04375 0.496875 0.0546875 0.153125
0 0.05625 0.4359375 0.01875 0.0203125
2 0.1046875 0.5796875 0.1546875 0.365625
0 0.15 0.428125 0.0453125 0.0515625
2 0.1671875 0.553125 0.13125 0.3625
0 0.1859375 0.4 0.040625 0.05
2 0.2671875 0.553125 0.1015625 0.334375
0 0.2734375 0.4140625 0.040625 0.0453125
2 0.33125 0.5515625 0.084375 0.3
0 0.3375 0.4328125 0.0375 0.0390625
2 0.4015625 0.546875 0.0890625 0.30625
0 0.396875 0.4171875 0.034375 0.04375
2 0.446875 0.546875 0.11875 0.31875
0 0.4484375 0.415625 0.034375 0.0515625
2 0.4796875 0.5296875 0.084375 0.3234375
0 0.4796875 0.39375 0.03125 0.0421875
2 0.5140625 0.5046875 0.2703125 0.34375
0 0.5140625 0.38125 0.03125 0.0375
2 0.5484375 0.546875 0.109375 0.3125
0 0.55 0.4203125 0.0390625 0.053125
2 0.6328125 0.553125 0.1015625 0.2984375
0 0.6265625 0.434375 0.0359375 0.0453125
2 0.5984375 0.5359375 0.09375 0.30625
0 0.6 0.4078125 0.034375 0.04375
2 0.6765625 0.528125 0.090625 0.3078125
0 0.6734375 0.4 0.034375 0.0453125
2 0.6953125 0.553125 0.209375 0.30625
0 0.7109375 0.425 0.0375 0.04375
2 0.7609375 0.56875 0.13125 0.334375
0 0.7578125 0.428125 0.0453125 0.05
2 0.840625 0.578125 0.0921875 0.3375
0 0.8265625 0.4375 0.0390625 0.0484375
2 0.7546875 0.6484375 0.1203125 0.228125
0 0.7578125 0.5671875 0.05 0.05625
2 0.6859375 0.621875 0.103125 0.24375
0 0.69375 0.525 0.040625 0.0453125
2 0.5953125 0.609375 0.1046875 0.2296875
0 0.5953125 0.5265625 0.0421875 0.0546875
2 0.5 0.60625 0.11875 0.2921875
0 0.5125 0.4921875 0.0390625 0.0515625
2 0.4015625 0.6125 0.128125 0.2640625
0 0.4203125 0.509375 0.04375 0.0515625
2 0.30625 0.6359375 0.1078125 0.265625
0 0.3328125 0.534375 0.040625 0.05
2 0.2421875 0.603125 0.20625 0.284375
0 0.2734375 0.4890625 0.0375 0.05
2 0.21875 0.64375 0.128125 0.25625
0 0.23125 0.55 0.0515625 0.0625
2 0.9359375 0.5078125 0.040625 0.1703125
0 0.9359375 0.4359375 0.0203125 0.0234375
2 0.89375 0.5078125 0.053125 0.1046875
0 0.9 0.4671875 0.015625 0.0171875
2 0.959375 0.4875 0.028125 0.09375
0 0.9609375 0.4546875 0.0125 0.015625
2 0.9734375 0.4953125 0.0375 0.0875
0 0.9765625 0.4625 0.015625 0.0171875
2 0.88125 0.4828125 0.0203125 0.05625
0 0.8859375 0.4625 0.0078125 0.009375
2 0.8828125 0.4859375 0.0171875 0.0375
0 0.8828125 0.4703125 0.003125 0.0046875