2 0.2234375 0.6171875 0.0640625 0.215625
0 0.225 0.5296875 0.0234375 0.0328125
2 0.2625 0.603125 0.0515625 0.1640625
0 0.2671875 0.5359375 0.0234375 0.025
2 0.2859375 0.6125 0.0640625 0.209375
0 0.2875 0.5265625 0.025 0.0296875
2 0.346875 0.640625 0.115625 0.309375
0 0.34375 0.5109375 0.040625 0.040625
2 0.3890625 0.5796875 0.0453125 0.128125
0 0.3921875 0.53125 0.0140625 0.01875
2 0.4234375 0.6 0.05625 0.19375
0 0.428125 0.5203125 0.028125 0.0265625
2 0.46875 0.6390625 0.1328125 0.2796875
0 0.46875 0.521875 0.0359375 0.0375
2 0.4953125 0.5984375 0.0421875 0.1703125
0 0.4921875 0.528125 0.0203125 0.0265625
2 0.534375 0.5953125 0.0453125 0.1765625
0 0.5375 0.5265625 0.021875 0.0265625
2 0.54375 0.63125 0.1078125 0.265625
0 0.5609375 0.5234375 0.0296875 0.0390625
2 0.590625 0.5828125 0.03125 0.1203125
0 0.5953125 0.534375 0.015625 0.0171875
2 0.6171875 0.59375 0.0625 0.190625
0 0.6125 0.5140625 0.025 0.0265625
2 0.684375 0.6265625 0.134375 0.2984375
0 0.6734375 0.503125 0.03125 0.046875
2 0.70625 0.571875 0.0359375 0.1140625
0 0.7046875 0.528125 0.015625 0.021875
2 0.7328125 0.5703125 0.034375 0.115625
0 0.7328125 0.5234375 0.0109375 0.0171875