2 0.3421875 0.265625 0.1421875 0.440625
0 0.3453125 0.090625 0.0765625 0.08125
2 0.58125 0.30625 0.2578125 0.5453125
0 0.5484375 0.075 0.06875 0.0765625
2 0.690625 0.2953125 0.1765625 0.5171875
0 0.6953125 0.0859375 0.0859375 0.0890625
2 0.7109375 0.2453125 0.1390625 0.4796875
0 0.728125 0.0546875 0.0671875 0.08125
2 0.6421875 0.2171875 0.0953125 0.3328125
0 0.6359375 0.08125 0.0375 0.05625
2 0.7890625 0.1953125 0.0640625 0.1890625
0 0.8046875 0.1140625 0.021875 0.021875
2 0.1671875 0.0015625 0.0015625 0.0015625
0 0.4203125 0.2703125 0.1359375 0.1640625
2 0.1671875 0.0015625 0.0015625 0.0015625
0 0.5984375 0.2859375 0.13125 0.16875