2 0.1109375 0.540625 0.1703125 0.4515625
0 0.103125 0.3484375 0.0640625 0.0625
2 0.0609375 0.4640625 0.084375 0.2234375
0 0.059375 0.3703125 0.0359375 0.0296875
2 0.021875 0.428125 0.04375 0.1359375
0 0.01875 0.3734375 0.0203125 0.0203125
2 0.1703125 0.4359375 0.075 0.184375
0 0.1828125 0.359375 0.0234375 0.025
2 0.2078125 0.434375 0.0453125 0.146875
0 0.2 0.371875 0.0171875 0.0171875
2 0.2140625 0.4125 0.03125 0.09375
0 0.2109375 0.3765625 0.0125 0.0140625
2 0.2515625 0.4640625 0.0671875 0.2171875
0 0.253125 0.371875 0.025 0.0296875
2 0.275 0.4796875 0.1 0.259375
0 0.2703125 0.3734375 0.03125 0.0390625
2 0.3078125 0.4421875 0.05 0.146875
0 0.303125 0.3828125 0.0203125 0.0234375
2 0.39375 0.515625 0.14375 0.4625
0 0.3953125 0.3359375 0.059375 0.0625
2 0.5046875 0.434375 0.04375 0.1375
0 0.5109375 0.378125 0.01875 0.0234375
2 0.559375 0.4375 0.0484375 0.1296875
0 0.571875 0.3828125 0.0140625 0.01875
2 0.6265625 0.534375 0.209375 0.4578125
0 0.6 0.34375 0.0625 0.0703125
2 0.6984375 0.50625 0.1546875 0.3796875
0 0.6796875 0.3453125 0.0484375 0.0546875
2 0.7328125 0.4765625 0.153125 0.240625
0 0.7375 0.3765625 0.0375 0.040625
2 0.99375 0.4015625 0.0125 0.04375
0 0.99375 0.384375 0.00625 0.00625
2 0.940625 0.4046875 0.0171875 0.0421875
0 0.9390625 0.3890625 0.0078125 0.0078125
2 0.925 0.4046875 0.015625 0.0390625
0 0.9265625 0.3875 0.00625 0.00625
2 0.8421875 0.4 0.015625 0.0375
0 0.8453125 0.384375 0.0046875 0.0046875
2 0.8015625 0.3984375 0.015625 0.0359375
0 0.803125 0.3859375 0.0046875 0.00625