2 0.0390625 0.60859375 0.078125 0.2765625
0 0.0171875 0.496875 0.0328125 0.0421875
2 0.053125 0.603125 0.1046875 0.3109375
0 0.0578125 0.475 0.0375 0.046875
2 0.1078125 0.615625 0.1390625 0.3234375
0 0.115625 0.4796875 0.05 0.0484375
2 0.165625 0.5890625 0.10625 0.31875
0 0.1515625 0.459375 0.0421875 0.05
2 0.2375 0.571875 0.0875 0.221875
0 0.2171875 0.484375 0.028125 0.03125
2 0.1625 0.5828125 0.0796875 0.215625
0 0.159375 0.4828125 0.0296875 0.0265625
2 0.2171875 0.5671875 0.06875 0.196875
0 0.2171875 0.484375 0.025 0.0296875
2 0.275 0.5625 0.0640625 0.196875
0 0.278125 0.48125 0.0234375 0.0296875
2 0.3703125 0.559375 0.0890625 0.2359375
0 0.3703125 0.465625 0.0265625 0.0375
2 0.4140625 0.5875 0.1296875 0.315625
0 0.403125 0.4546875 0.034375 0.040625
2 0.4484375 0.5765625 0.10625 0.20625
0 0.45625 0.496875 0.0265625 0.028125
2 0.475 0.5546875 0.071875 0.221875
0 0.471875 0.46875 0.0234375 0.028125
2 0.559375 0.5625 0.11875 0.2546875
0 0.546875 0.45625 0.021875 0.028125
2 0.56875 0.565625 0.134375 0.290625
0 0.565625 0.44375 0.034375 0.0390625
2 0.6375 0.5640625 0.090625 0.1953125
0 0.6375 0.490625 0.0234375 0.01875
2 0.5734375 0.5578125 0.0609375 0.19375
0 0.575 0.4765625 0.021875 0.021875
2 0.659375 0.575 0.134375 0.271875
0 0.665625 0.4609375 0.03125 0.040625
2 0.70625 0.5578125 0.05 0.1765625
0 0.7109375 0.484375 0.025 0.028125
2 0.746875 0.55625 0.0609375 0.1875
0 0.753125 0.478125 0.0234375 0.025
2 0.778125 0.5625 0.0734375 0.2203125
0 0.78125 0.4734375 0.025 0.028125
2 0.809375 0.55625 0.0453125 0.1234375
0 0.8109375 0.5109375 0.015625 0.01875
2 0.8640625 0.56875 0.06875 0.2125
0 0.878125 0.48125 0.0296875 0.0296875
2 0.9828125 0.55 0.028125 0.1046875
0 0.9796875 0.50625 0.0125 0.0140625
2 0.921875 0.5640625 0.065625 0.153125
0 0.909375 0.5015625 0.01875 0.021875
2 0.9375 0.5609375 0.0375 0.109375
0 0.9359375 0.5171875 0.0140625 0.0140625