2 0.428125 0.4578125 0.1390625 0.4640625
0 0.4265625 0.265625 0.0515625 0.0703125
2 0.0828125 0.446875 0.025 0.1265625
0 0.0734375 0.39375 0.00625 0.0140625
2 0.18125 0.4515625 0.01875 0.05625
0 0.1796875 0.4296875 0.0078125 0.0078125
2 0.2 0.4546875 0.01875 0.0484375
0 0.2 0.4359375 0.00625 0.0078125
2 0.2375 0.453125 0.015625 0.0484375
0 0.2375 0.43125 0.00625 0.00625
2 0.2703125 0.4546875 0.01875 0.0546875
0 0.2734375 0.434375 0.0078125 0.0078125
2 0.2828125 0.4546875 0.0171875 0.0578125
0 0.2859375 0.4328125 0.00625 0.0078125
2 0.2890625 0.453125 0.0140625 0.053125
0 0.2890625 0.43125 0.00625 0.0078125
2 0.309375 0.4515625 0.0265625 0.06875
0 0.3078125 0.4234375 0.0078125 0.009375
2 0.3296875 0.45625 0.0203125 0.05625
0 0.3296875 0.434375 0.0078125 0.009375
2 0.3453125 0.4546875 0.021875 0.0609375
0 0.3515625 0.43125 0.00625 0.00625
2 0.3484375 0.4578125 0.0203125 0.0578125
0 0.3546875 0.4375 0.00625 0.0078125
2 0.371875 0.45625 0.01875 0.0609375
0 0.371875 0.4328125 0.00625 0.0078125
2 0.4875 0.475 0.034375 0.0484375
0 0.490625 0.4578125 0.0109375 0.0109375
2 0.4796875 0.465625 0.01875 0.0671875
0 0.48125 0.4375 0.0078125 0.009375
2 0.509375 0.4625 0.028125 0.075
0 0.5140625 0.43125 0.009375 0.0109375
2 0.5375 0.4640625 0.028125 0.065625
0 0.540625 0.4375 0.009375 0.009375
2 0.6125 0.46875 0.040625 0.0859375
0 0.61875 0.4375 0.0109375 0.0109375
2 0.640625 0.4703125 0.0328125 0.071875
0 0.640625 0.440625 0.009375 0.0109375
2 0.7484375 0.4703125 0.034375 0.08125
0 0.7453125 0.4375 0.009375 0.0109375
2 0.8078125 0.478125 0.0375 0.0890625
0 0.8078125 0.4421875 0.015625 0.015625
2 0.8234375 0.475 0.025 0.075
0 0.821875 0.44375 0.009375 0.009375
2 0.8171875 0.475 0.028125 0.071875
0 0.821875 0.44375 0.009375 0.0078125