2 0.5796875 0.8296875 0.015625 0.0296875
0 0.5796875 0.81875 0.0046875 0.0046875
2 0.6234375 0.8296875 0.015625 0.03125
0 0.621875 0.81875 0.0046875 0.0046875
2 0.2734375 0.8515625 0.03125 0.0796875
0 0.275 0.81875 0.0109375 0.0125
2 0.2375 0.853125 0.046875 0.0703125
0 0.240625 0.8265625 0.0125 0.0125
2 0.2953125 0.8546875 0.0296875 0.0703125
0 0.2953125 0.8265625 0.009375 0.0109375
2 0.053125 0.8484375 0.025 0.0625
0 0.059375 0.825 0.009375 0.0125
2 0.35 0.846875 0.021875 0.0546875
0 0.35 0.825 0.0078125 0.0078125
2 0.3625 0.84375 0.0234375 0.0640625
0 0.359375 0.81875 0.0078125 0.009375
2 0.41875 0.846875 0.0234375 0.0546875
0 0.415625 0.825 0.0078125 0.00625
2 0.4390625 0.846875 0.0203125 0.0640625
0 0.4390625 0.821875 0.0078125 0.0078125
2 0.453125 0.8484375 0.015625 0.0578125
0 0.4546875 0.825 0.00625 0.0078125
2 0.4640625 0.846875 0.0140625 0.05625
0 0.4625 0.825 0.00625 0.00625
2 0.4796875 0.8484375 0.0234375 0.053125
0 0.478125 0.8265625 0.0078125 0.00625
2 0.971875 0.828125 0.0359375 0.05625
0 0.971875 0.8078125 0.0078125 0.0078125
2 0.6359375 0.828125 0.0125 0.0234375
0 0.6390625 0.821875 0.0046875 0.0046875
2 0.1859375 0.8546875 0.0265625 0.059375
0 0.1875 0.83125 0.00625 0.0078125
2 0.1640625 0.8546875 0.0265625 0.0546875
0 0.165625 0.8328125 0.0078125 0.0078125
2 0.1578125 0.8421875 0.0140625 0.0515625
0 0.159375 0.825 0.00625 0.00625
2 0.14375 0.8484375 0.0234375 0.065625
0 0.15 0.8234375 0.0078125 0.0078125