2 0.7578125 0.684375 0.0609375 0.11875
0 0.753125 0.640625 0.015625 0.0203125
2 0.7109375 0.678125 0.05 0.1265625
0 0.7171875 0.63125 0.01875 0.025
2 0.6578125 0.6859375 0.0734375 0.1609375
0 0.6671875 0.621875 0.021875 0.0265625
2 0.640625 0.634375 0.04375 0.1078125
0 0.6390625 0.5921875 0.01875 0.015625
2 0.6203125 0.6921875 0.0671875 0.121875
0 0.6328125 0.6421875 0.0140625 0.01875
2 0.7703125 0.6125 0.034375 0.1109375
0 0.7703125 0.5703125 0.0171875 0.0203125
2 0.8796875 0.6421875 0.046875 0.115625
0 0.8765625 0.6 0.0125 0.0140625
2 0.728125 0.5453125 0.034375 0.0765625
0 0.728125 0.515625 0.0109375 0.0109375
2 0.6171875 0.53125 0.0328125 0.06875
0 0.6203125 0.503125 0.0078125 0.009375
2 0.5890625 0.5328125 0.028125 0.0734375
0 0.590625 0.5046875 0.0078125 0.0078125
2 0.5625 0.5328125 0.028125 0.06875
0 0.5625 0.50625 0.0078125 0.009375
2 0.53125 0.54375 0.03125 0.071875
0 0.53125 0.515625 0.0109375 0.0109375
2 0.5140625 0.540625 0.0265625 0.071875
0 0.5140625 0.5125 0.0078125 0.009375
2 0.5078125 0.5546875 0.025 0.065625
0 0.5078125 0.528125 0.0078125 0.0078125
2 0.5234375 0.6 0.0359375 0.0953125
0 0.521875 0.5625 0.0109375 0.0125
2 0.540625 0.6453125 0.0421875 0.103125
0 0.54375 0.609375 0.0125 0.0140625
2 0.50625 0.646875 0.0453125 0.1078125
0 0.503125 0.6015625 0.0109375 0.0125
2 0.4609375 0.659375 0.04375 0.1109375
0 0.4625 0.6203125 0.0140625 0.0171875
2 0.4109375 0.65 0.0421875 0.103125
0 0.4078125 0.6125 0.0125 0.015625
2 0.396875 0.6828125 0.053125 0.1234375
0 0.3921875 0.634375 0.0171875 0.0203125
2 0.3734375 0.675 0.04375 0.1203125
0 0.3640625 0.625 0.0171875 0.0140625
2 0.5453125 0.425 0.0140625 0.0328125
0 0.5453125 0.415625 0.00625 0.0046875
2 0.5578125 0.425 0.0125 0.03125
0 0.5578125 0.4140625 0.0046875 0.0046875
2 0.71875 0.4765625 0.015625 0.0453125
0 0.7171875 0.459375 0.00625 0.00625