2 0.165625 0.5140625 0.10625 0.290625
0 0.1765625 0.3953125 0.034375 0.0421875
2 0.20625 0.515625 0.1125 0.375
0 0.196875 0.359375 0.04375 0.0578125
2 0.2609375 0.46875 0.0828125 0.253125
0 0.25625 0.3671875 0.0296875 0.0421875
2 0.3203125 0.515625 0.1234375 0.3078125
0 0.3171875 0.3890625 0.0390625 0.05
2 0.4390625 0.53125 0.10625 0.303125
0 0.4609375 0.4109375 0.04375 0.0546875
2 0.4296875 0.5109375 0.103125 0.2859375
0 0.4421875 0.396875 0.0421875 0.05
2 0.5484375 0.5234375 0.109375 0.321875
0 0.5390625 0.390625 0.0375 0.05
2 0.615625 0.55625 0.1828125 0.465625
0 0.665625 0.365625 0.0609375 0.075
2 0.7 0.5 0.115625 0.321875
0 0.6953125 0.365625 0.0375 0.0484375
2 0.8328125 0.521875 0.13125 0.3390625
0 0.815625 0.3890625 0.0453125 0.0609375
2 0.346875 0.50625 0.0859375 0.2546875
0 0.3265625 0.396875 0.0328125 0.04375
2 0.3625 0.46875 0.06875 0.2
0 0.3640625 0.390625 0.028125 0.0375
2 0.41875 0.403125 0.025 0.0796875
0 0.41875 0.371875 0.0140625 0.0140625
2 0.3875 0.4 0.0421875 0.084375
0 0.3921875 0.365625 0.0140625 0.0140625
2 0.371875 0.484375 0.0859375 0.215625
0 0.3875 0.403125 0.0296875 0.034375