2 0.140625 0.553125 0.134375 0.34375
0 0.1390625 0.4109375 0.040625 0.053125
2 0.30625 0.5546875 0.06875 0.0859375
0 0.296875 0.525 0.0203125 0.021875
2 0.340625 0.5421875 0.0953125 0.2890625
0 0.3421875 0.4234375 0.03125 0.040625
2 0.4203125 0.5578125 0.0765625 0.334375
0 0.4296875 0.4171875 0.0390625 0.0515625
2 0.5453125 0.621875 0.10625 0.4
0 0.5375 0.453125 0.059375 0.0546875
2 0.584375 0.590625 0.0953125 0.3921875
0 0.5765625 0.4234375 0.04375 0.0546875
2 0.503125 0.5234375 0.090625 0.2234375
0 0.5171875 0.4296875 0.034375 0.0328125
2 0.6515625 0.5875 0.1359375 0.3328125
0 0.640625 0.4515625 0.0359375 0.0515625
2 0.5859375 0.5390625 0.1125 0.3203125
0 0.5765625 0.4046875 0.0375 0.0390625
2 0.6671875 0.525 0.1296875 0.4140625
0 0.640625 0.3453125 0.040625 0.0453125
2 0.7140625 0.5140625 0.04375 0.1890625
0 0.7140625 0.4421875 0.0265625 0.0296875
2 0.7890625 0.5890625 0.1078125 0.3796875
0 0.7875 0.4375 0.0421875 0.0546875
2 0.815625 0.5203125 0.071875 0.2140625
0 0.8171875 0.434375 0.034375 0.0328125
2 0.8484375 0.528125 0.0671875 0.1796875
0 0.84375 0.4515625 0.0171875 0.0234375
2 0.90625 0.534375 0.0625 0.1578125
0 0.9125 0.4734375 0.0265625 0.0296875
0 0.953125 0.4703125 0.0546875 0.053125
0 0.98125 0.4828125 0.0203125 0.025