2 0.06875 0.603125 0.121875 0.3265625
0 0.0546875 0.4703125 0.040625 0.05625
2 0.1515625 0.5578125 0.0609375 0.15
0 0.1484375 0.5015625 0.0265625 0.0265625
2 0.2 0.5796875 0.0578125 0.2125
0 0.1984375 0.496875 0.0296875 0.034375
2 0.3671875 0.6359375 0.134375 0.390625
0 0.3875 0.478125 0.040625 0.05
2 0.11875 0.5078125 0.0609375 0.125
0 0.1140625 0.4609375 0.015625 0.0171875
2 0.2015625 0.509375 0.05625 0.153125
0 0.2046875 0.4453125 0.01875 0.0203125
2 0.7453125 0.4921875 0.0359375 0.0953125
0 0.7484375 0.4546875 0.0125 0.0125
2 0.8765625 0.4921875 0.025 0.08125
0 0.8734375 0.4625 0.009375 0.0109375
2 0.159375 0.5171875 0.05 0.1515625
0 0.1546875 0.4625 0.01875 0.0203125