2 0.496875 0.703125 0.14375 0.4171875
0 0.503125 0.5359375 0.0453125 0.059375
2 0.459375 0.5375 0.04375 0.06875
0 0.453125 0.515625 0.015625 0.01875
2 0.471875 0.5078125 0.021875 0.06875
0 0.4703125 0.478125 0.009375 0.009375
2 0.5375 0.503125 0.0296875 0.0828125
0 0.5421875 0.46875 0.0109375 0.0125
2 0.5609375 0.503125 0.0265625 0.075
0 0.565625 0.4734375 0.009375 0.0125
2 0.5921875 0.503125 0.0265625 0.071875
0 0.59375 0.4734375 0.009375 0.009375
2 0.60625 0.5046875 0.0234375 0.075
0 0.609375 0.4734375 0.009375 0.009375
2 0.6171875 0.521875 0.0421875 0.084375
0 0.615625 0.4875 0.0125 0.0125
2 0.39375 0.49375 0.0203125 0.0609375
0 0.39375 0.4703125 0.0078125 0.009375