2 0.2640625 0.5296875 0.1109375 0.2046875
0 0.2625 0.4515625 0.0296875 0.0328125
2 0.425 0.5109375 0.11875 0.2125
0 0.434375 0.4234375 0.03125 0.0359375
2 0.534375 0.521875 0.05625 0.1625
0 0.5390625 0.4609375 0.021875 0.0296875
2 0.5546875 0.5109375 0.06875 0.221875
0 0.5546875 0.425 0.028125 0.0359375
2 0.603125 0.5078125 0.0828125 0.221875
0 0.6109375 0.415625 0.021875 0.0296875
2 0.6265625 0.5 0.096875 0.2234375
0 0.6296875 0.409375 0.0328125 0.0375
2 0.703125 0.50625 0.075 0.2
0 0.7078125 0.43125 0.0265625 0.0359375