2 0.621875 0.73125 0.1328125 0.3140625
0 0.6140625 0.6 0.0328125 0.0375
2 0.634375 0.6953125 0.09375 0.2375
0 0.6296875 0.621875 0.034375 0.04375
2 0.5078125 0.69375 0.090625 0.259375
0 0.515625 0.584375 0.03125 0.0375
2 0.546875 0.6609375 0.0609375 0.1796875
0 0.5421875 0.5859375 0.021875 0.025
2 0.440625 0.603125 0.01875 0.053125
0 0.4375 0.5828125 0.00625 0.009375
2 0.4265625 0.6046875 0.01875 0.0625
0 0.428125 0.5796875 0.0046875 0.00625
2 0.48125 0.6078125 0.0234375 0.0875
0 0.4796875 0.5734375 0.009375 0.0125
2 0.5 0.6078125 0.021875 0.0625
0 0.503125 0.5890625 0.0125 0.01875
2 0.5640625 0.615625 0.028125 0.0859375
0 0.5609375 0.58125 0.009375 0.0109375