2 0.428125 0.5203125 0.1984375 0.428125
0 0.4625 0.3953125 0.053125 0.0609375
0 0.665625 0.3953125 0.071875 0.078125
2 0.2765625 0.5390625 0.128125 0.2265625
0 0.25625 0.4515625 0.028125 0.0390625
2 0.378125 0.51875 0.121875 0.234375
0 0.371875 0.4234375 0.025 0.03125
2 0.5625 0.5078125 0.0875 0.2171875
0 0.546875 0.4203125 0.0234375 0.03125
2 0.8703125 0.496875 0.1125 0.246875
0 0.8828125 0.3953125 0.028125 0.0375
0 0.9515625 0.39375 0.034375 0.0375
2 0.7609375 0.5765625 0.134375 0.2484375
0 0.7703125 0.4828125 0.0421875 0.046875
2 0.284375 0.478125 0.08125 0.1890625
0 0.28125 0.403125 0.025 0.0234375
2 0.6125 0.4859375 0.046875 0.1734375
0 0.61875 0.4171875 0.01875 0.0234375
2 0.5671875 0.48125 0.0578125 0.1609375
0 0.5640625 0.4171875 0.021875 0.0265625
2 0.6171875 0.4828125 0.05 0.1640625
0 0.6203125 0.41875 0.0203125 0.0234375
2 0.6828125 0.5609375 0.121875 0.2125
0 0.6828125 0.4703125 0.0296875 0.0296875
0 0.9765625 0.3859375 0.028125 0.03125
2 0.865625 0.4953125 0.075 0.2234375
0 0.8625 0.403125 0.028125 0.0328125
2 0.871875 0.4796875 0.075 0.23125
0 0.878125 0.3828125 0.0265625 0.0265625