0 0.028125 0.4953125 0.0546875 0.075
2 0.0953125 0.625 0.159375 0.409375
0 0.0953125 0.453125 0.0453125 0.05
2 0.184375 0.6390625 0.10625 0.33125
0 0.196875 0.5046875 0.0359375 0.0453125
2 0.18125 0.6109375 0.109375 0.3046875
0 0.1703125 0.4796875 0.0375 0.0421875
2 0.2984375 0.5984375 0.1078125 0.303125
0 0.3015625 0.465625 0.0375 0.0375
2 0.4890625 0.625 0.1078125 0.325
0 0.4875 0.4890625 0.0359375 0.0390625
0 0.6046875 0.5234375 0.04375 0.0515625
0 0.65625 0.4984375 0.0453125 0.05625
0 0.79375 0.53125 0.0640625 0.0734375
0 0.8734375 0.5171875 0.04375 0.0484375
2 0.9765625 0.525 0.040625 0.121875
0 0.971875 0.4796875 0.01875 0.0234375
2 0.934375 0.51875 0.059375 0.1828125
0 0.9390625 0.44375 0.0234375 0.0296875
2 0.8875 0.5859375 0.0859375 0.325
0 0.8890625 0.446875 0.028125 0.034375
0 0.8265625 0.490625 0.0546875 0.059375
0 0.98125 0.415625 0.021875 0.0234375
2 0.84375 0.4953125 0.0546875 0.1546875
0 0.8484375 0.4328125 0.01875 0.0265625
2 0.8265625 0.509375 0.0484375 0.15
0 0.828125 0.446875 0.01875 0.021875
2 0.809375 0.471875 0.0375 0.11875
0 0.8125 0.4234375 0.0171875 0.015625
2 0.7015625 0.509375 0.0484375 0.14375
0 0.70625 0.45 0.01875 0.021875
2 0.725 0.484375 0.034375 0.121875
0 0.725 0.4328125 0.0140625 0.0140625
2 0.6921875 0.4734375 0.0328125 0.10625
0 0.69375 0.428125 0.0140625 0.0140625
2 0.66875 0.4796875 0.034375 0.11875
0 0.671875 0.434375 0.0140625 0.015625
2 0.634375 0.4796875 0.0390625 0.1140625
0 0.634375 0.4328125 0.0125 0.0140625
2 0.4921875 0.53125 0.084375 0.215625
0 0.5078125 0.4375 0.025 0.028125
2 0.3765625 0.503125 0.040625 0.1375
0 0.3734375 0.4453125 0.0171875 0.0171875
2 0.41875 0.49375 0.046875 0.084375
0 0.4140625 0.4609375 0.0140625 0.015625
2 0.440625 0.4875 0.0359375 0.0828125
0 0.4390625 0.4515625 0.0140625 0.0140625
2 0.31875 0.509375 0.0375 0.14375
0 0.3203125 0.4484375 0.0171875 0.01875
2 0.2984375 0.540625 0.1125 0.190625
0 0.2921875 0.459375 0.01875 0.021875
2 0.33125 0.4625 0.0328125 0.0875
0 0.3328125 0.4265625 0.0125 0.0125
2 0.2828125 0.4765625 0.046875 0.109375
0 0.284375 0.4328125 0.0125 0.0140625
2 0.253125 0.4859375 0.034375 0.103125
0 0.25 0.44375 0.0125 0.0140625
2 0.2328125 0.475 0.028125 0.0921875
0 0.2375 0.434375 0.0125 0.0109375
2 0.2015625 0.475 0.0328125 0.090625
0 0.2015625 0.4375 0.0109375 0.0109375
2 0.021875 0.46875 0.0390625 0.0953125
0 0.0203125 0.43125 0.0125 0.0171875
2 0.596875 0.6171875 0.1234375 0.353125
0 0.60625 0.4625 0.0390625 0.0375