2 0.1546875 0.64375 0.1765625 0.3421875
0 0.1703125 0.50625 0.04375 0.0515625
2 0.4234375 0.6390625 0.1421875 0.3546875
0 0.4359375 0.4921875 0.04375 0.0484375
0 0.48125 0.4953125 0.05625 0.0640625
0 0.6671875 0.478125 0.09375 0.115625
0 0.7546875 0.3953125 0.0859375 0.090625
2 0.06875 0.565625 0.034375 0.0953125
0 0.0734375 0.528125 0.0109375 0.015625
2 0.053125 0.5625 0.040625 0.1046875
0 0.0609375 0.51875 0.0109375 0.0140625
2 0.015625 0.5578125 0.028125 0.0875
0 0.0171875 0.521875 0.0078125 0.009375
2 0.096875 0.559375 0.0359375 0.1
0 0.0953125 0.5171875 0.0125 0.0125
2 0.1171875 0.5484375 0.0328125 0.084375
0 0.1171875 0.5171875 0.0125 0.0171875