0 0.6359375 0.496875 0.053125 0.053125
2 0.346875 0.6125 0.11875 0.35625
0 0.3703125 0.4609375 0.0453125 0.05
2 0.3171875 0.6 0.1078125 0.3078125
0 0.346875 0.4703125 0.040625 0.0421875
2 0.3890625 0.5796875 0.0875 0.284375
0 0.4109375 0.459375 0.034375 0.0390625
2 0.359375 0.553125 0.10625 0.271875
0 0.378125 0.4375 0.034375 0.0375
2 0.228125 0.571875 0.09375 0.3046875
0 0.240625 0.440625 0.040625 0.040625
2 0.209375 0.5484375 0.08125 0.296875
0 0.2 0.4265625 0.04375 0.0453125
2 0.1078125 0.546875 0.1109375 0.315625
0 0.128125 0.41875 0.0453125 0.046875
2 0.4609375 0.5640625 0.08125 0.2515625
0 0.4765625 0.4578125 0.03125 0.034375
2 0.509375 0.5734375 0.071875 0.23125
0 0.525 0.475 0.0328125 0.0328125
2 0.5015625 0.559375 0.0765625 0.21875
0 0.5125 0.4671875 0.0296875 0.0328125
2 0.578125 0.5828125 0.075 0.2125
0 0.58125 0.4921875 0.0296875 0.03125
2 0.5578125 0.571875 0.0796875 0.18125
0 0.5671875 0.4953125 0.021875 0.025
2 0.5484375 0.5609375 0.05 0.18125
0 0.5546875 0.4828125 0.0203125 0.0234375
2 0.575 0.5 0.034375 0.096875
0 0.5765625 0.465625 0.015625 0.0203125
2 0.6609375 0.5484375 0.0578125 0.159375
0 0.65625 0.4796875 0.01875 0.021875
0 0.740625 0.465625 0.06875 0.065625
0 0.803125 0.5359375 0.0671875 0.06875
2 0.865625 0.678125 0.09375 0.3453125
0 0.865625 0.5421875 0.053125 0.05625
2 0.9015625 0.6234375 0.08125 0.259375
0 0.9078125 0.515625 0.034375 0.0390625
0 0.978125 0.521875 0.028125 0.0296875
2 0.946875 0.5859375 0.0765625 0.159375
0 0.9640625 0.51875 0.01875 0.0234375
2 0.709375 0.53125 0.040625 0.1046875
0 0.7046875 0.490625 0.015625 0.01875
2 0.6796875 0.5203125 0.0421875 0.10625
0 0.6890625 0.478125 0.015625 0.0171875
2 0.759375 0.5421875 0.0453125 0.1359375
0 0.7609375 0.4890625 0.028125 0.0265625
2 0.8171875 0.6453125 0.1078125 0.33125
0 0.80625 0.5140625 0.053125 0.053125
2 0.04375 0.4328125 0.021875 0.078125
0 0.046875 0.4015625 0.0109375 0.0140625
2 0.0109375 0.4296875 0.021875 0.0703125
0 0.009375 0.4015625 0.009375 0.0109375
2 0.146875 0.4390625 0.025 0.08125
0 0.1484375 0.40625 0.009375 0.0125
2 0.1625 0.4546875 0.03125 0.0875
0 0.1671875 0.4203125 0.0125 0.0140625
2 0.265625 0.4671875 0.0296875 0.0828125
0 0.2671875 0.434375 0.0140625 0.015625
2 0.2953125 0.471875 0.03125 0.0828125
0 0.2984375 0.4375 0.009375 0.0125
2 0.3046875 0.478125 0.0265625 0.078125
0 0.30625 0.4453125 0.0109375 0.0140625
2 0.325 0.478125 0.03125 0.0828125
0 0.328125 0.44375 0.0125 0.0109375
2 0.8546875 0.6140625 0.0796875 0.234375
0 0.8625 0.515625 0.0453125 0.040625