2 0.596875 0.659375 0.0859375 0.1859375
0 0.6046875 0.584375 0.021875 0.0296875
2 0.534375 0.66875 0.0625 0.1515625
0 0.5296875 0.609375 0.0203125 0.0234375
2 0.4078125 0.6734375 0.0859375 0.1625
0 0.4109375 0.609375 0.0171875 0.0203125
2 0.3421875 0.6625 0.0984375 0.2078125
0 0.346875 0.5796875 0.0296875 0.0328125
2 0.303125 0.6734375 0.06875 0.1765625
0 0.3015625 0.60625 0.025 0.028125
2 0.2125 0.66875 0.084375 0.2
0 0.2078125 0.5890625 0.028125 0.0359375
2 0.1578125 0.6640625 0.0765625 0.2015625
0 0.1515625 0.58125 0.028125 0.0328125
2 0.4390625 0.5796875 0.0171875 0.025
0 0.4375 0.5703125 0.0046875 0.0046875
2 0.4234375 0.5703125 0.0234375 0.0453125
0 0.4234375 0.5546875 0.00625 0.00625
2 0.4765625 0.5734375 0.021875 0.0515625
0 0.475 0.5546875 0.00625 0.00625