0 0.7875 0.5125 0.0921875 0.109375
0 0.61875 0.3796875 0.0734375 0.0875
0 0.453125 0.425 0.046875 0.046875
0 0.50625 0.41875 0.053125 0.0640625
2 0.721875 0.5015625 0.04375 0.109375
0 0.721875 0.4578125 0.015625 0.015625
2 0.0875 0.4875 0.021875 0.075
0 0.0875 0.45625 0.009375 0.009375
2 0.13125 0.484375 0.021875 0.065625
0 0.1328125 0.459375 0.009375 0.0109375
2 0.190625 0.50625 0.0328125 0.090625
0 0.1921875 0.4671875 0.0125 0.0125
2 0.2078125 0.5 0.040625 0.096875
0 0.209375 0.459375 0.0125 0.0140625
2 0.221875 0.490625 0.0265625 0.05625
0 0.221875 0.4734375 0.0078125 0.009375
2 0.240625 0.490625 0.028125 0.05625
0 0.2375 0.471875 0.009375 0.0109375
2 0.2515625 0.484375 0.025 0.071875
0 0.2546875 0.453125 0.009375 0.009375
2 0.2734375 0.490625 0.025 0.05625
0 0.2703125 0.46875 0.009375 0.0109375
2 0.3328125 0.484375 0.0265625 0.0640625
0 0.3359375 0.459375 0.009375 0.0078125
2 0.3484375 0.48125 0.021875 0.059375
0 0.346875 0.45625 0.0078125 0.0078125