2 0.134375 0.5828125 0.0390625 0.1015625
0 0.134375 0.5421875 0.0125 0.015625
2 0.165625 0.5828125 0.0421875 0.1125
0 0.1703125 0.5359375 0.0125 0.0171875
2 0.2203125 0.6125 0.08125 0.196875
0 0.2203125 0.5328125 0.0203125 0.028125
2 0.271875 0.6015625 0.0671875 0.1734375
0 0.2765625 0.5296875 0.021875 0.0234375
2 0.353125 0.6046875 0.0546875 0.175
0 0.35625 0.53125 0.0171875 0.0234375
2 0.3328125 0.5921875 0.0375 0.125
0 0.33125 0.5390625 0.0125 0.015625
2 0.3203125 0.5890625 0.0375 0.11875
0 0.3234375 0.54375 0.0125 0.0171875
2 0.3734375 0.596875 0.0359375 0.121875
0 0.3734375 0.55 0.0125 0.01875
2 0.3984375 0.5953125 0.040625 0.1171875
0 0.3921875 0.5484375 0.0125 0.015625
2 0.403125 0.590625 0.0328125 0.115625
0 0.4 0.54375 0.0125 0.015625
2 0.43125 0.590625 0.034375 0.103125
0 0.428125 0.5515625 0.0125 0.015625
2 0.475 0.6 0.0625 0.1734375
0 0.4734375 0.528125 0.01875 0.0234375
2 0.4609375 0.5953125 0.0625 0.153125
0 0.4625 0.5296875 0.015625 0.021875
2 0.5078125 0.5984375 0.040625 0.1171875
0 0.50625 0.5515625 0.0125 0.015625
2 0.51875 0.59375 0.034375 0.1140625
0 0.515625 0.546875 0.0140625 0.015625
2 0.546875 0.60625 0.0578125 0.1625
0 0.5515625 0.540625 0.0171875 0.0234375
2 0.578125 0.5953125 0.05 0.15
0 0.578125 0.534375 0.0171875 0.0203125
2 0.6234375 0.6078125 0.071875 0.165625
0 0.628125 0.540625 0.01875 0.0265625
2 0.6671875 0.603125 0.053125 0.1578125
0 0.6609375 0.5375 0.01875 0.021875
2 0.7125 0.5984375 0.0546875 0.1484375
0 0.721875 0.5375 0.0171875 0.0203125
2 0.7484375 0.61875 0.084375 0.171875
0 0.75 0.5484375 0.021875 0.028125
2 0.8359375 0.61875 0.08125 0.1796875
0 0.8359375 0.546875 0.021875 0.0265625
2 0.9453125 0.575 0.028125 0.0796875
0 0.946875 0.54375 0.0125 0.0125
2 0.965625 0.578125 0.025 0.071875
0 0.9625 0.55 0.0109375 0.0109375