2 0.065625 0.678125 0.1296875 0.346875
0 0.0171875 0.5375 0.034375 0.0609375
2 0.040625 0.5671875 0.08125 0.234375
0 0.0375 0.4703125 0.034375 0.0375
2 0.103125 0.6 0.1 0.1953125
0 0.078125 0.51875 0.03125 0.0328125
2 0.1515625 0.6328125 0.128125 0.328125
0 0.11875 0.496875 0.046875 0.046875
0 0.175 0.525 0.0703125 0.0515625
2 0.2375 0.6 0.115625 0.2703125
0 0.20625 0.490625 0.0359375 0.0453125
2 0.221875 0.540625 0.103125 0.1953125
0 0.196875 0.465625 0.028125 0.034375
2 0.271875 0.534375 0.0734375 0.203125
0 0.259375 0.453125 0.028125 0.0328125
2 0.31875 0.5375 0.06875 0.2015625
0 0.30625 0.45625 0.0328125 0.0296875
2 0.38125 0.528125 0.071875 0.221875
0 0.375 0.440625 0.0296875 0.0328125
2 0.428125 0.53125 0.075 0.234375
0 0.41875 0.4375 0.03125 0.040625
2 0.3703125 0.609375 0.1125 0.3328125
0 0.3625 0.475 0.0421875 0.0515625
2 0.44375 0.625 0.1015625 0.3609375
0 0.425 0.478125 0.0515625 0.0578125
0 0.396875 0.615625 0.0828125 0.1140625
0 0.615625 0.653125 0.0859375 0.0984375
2 0.565625 0.578125 0.090625 0.2640625
0 0.553125 0.471875 0.0484375 0.0421875
2 0.634375 0.6375 0.1546875 0.384375
0 0.61875 0.4796875 0.053125 0.059375
2 0.609375 0.484375 0.0796875 0.1875
0 0.59375 0.409375 0.025 0.0296875
2 0.65625 0.490625 0.059375 0.20625
0 0.646875 0.409375 0.028125 0.0296875
2 0.69375 0.58125 0.0984375 0.3625
0 0.678125 0.43125 0.0546875 0.0546875
0 0.6546875 0.521875 0.090625 0.0890625
2 0.759375 0.5203125 0.06875 0.24375
0 0.75 0.4265625 0.0359375 0.040625
2 0.790625 0.6296875 0.1546875 0.459375
0 0.784375 0.440625 0.0578125 0.071875
0 0.8453125 0.515625 0.10625 0.1046875
2 0.8 0.471875 0.0703125 0.2
0 0.8 0.39375 0.0296875 0.0359375
2 0.840625 0.490625 0.10625 0.2328125
0 0.8375 0.396875 0.0296875 0.034375
2 0.9171875 0.4875 0.090625 0.28125
0 0.915625 0.36875 0.03125 0.0390625
2 0.953125 0.4984375 0.0859375 0.290625
0 0.95 0.3875 0.0515625 0.059375
0 0.95 0.41875 0.05 0.0578125
0 0.95625 0.4546875 0.075 0.084375