0 0.11875 0.4578125 0.13125 0.165625
0 0.36875 0.4421875 0.1 0.1109375
0 0.6609375 0.4421875 0.09375 0.1234375
0 0.9234375 0.4453125 0.1328125 0.134375
2 0.603125 0.4921875 0.1453125 0.4484375
0 0.625 0.3109375 0.0703125 0.071875
2 0.7703125 0.50625 0.16875 0.4484375
0 0.7578125 0.325 0.0625 0.0765625
2 0.8421875 0.496875 0.125 0.4140625
0 0.81875 0.3296875 0.0609375 0.071875
2 0.50625 0.5359375 0.1265625 0.271875
0 0.503125 0.4375 0.0453125 0.059375
2 0.246875 0.5421875 0.1171875 0.2625
0 0.25 0.4484375 0.0484375 0.059375