2 0.021875 0.365625 0.04375 0.1484375
0 0.0171875 0.303125 0.0265625 0.0234375
2 0.0578125 0.3703125 0.0578125 0.146875
0 0.053125 0.309375 0.01875 0.0203125
2 0.1625 0.3703125 0.0421875 0.13125
0 0.1578125 0.315625 0.015625 0.0171875
2 0.2796875 0.3671875 0.065625 0.146875
0 0.290625 0.30625 0.01875 0.021875
2 0.35 0.3671875 0.0421875 0.1171875
0 0.34375 0.3234375 0.021875 0.021875
2 0.5140625 0.3625 0.0390625 0.125
0 0.5171875 0.3140625 0.0203125 0.025
2 0.5328125 0.371875 0.03125 0.0890625
0 0.5296875 0.3375 0.0140625 0.0140625
2 0.6734375 0.365625 0.0390625 0.125
0 0.675 0.315625 0.015625 0.0203125
2 0.696875 0.3671875 0.046875 0.1296875
0 0.6890625 0.315625 0.0203125 0.0203125
2 0.753125 0.3828125 0.040625 0.096875
0 0.7578125 0.3421875 0.0140625 0.0140625
2 0.9015625 0.378125 0.034375 0.0984375
0 0.9046875 0.3375 0.0140625 0.0171875
2 0.953125 0.375 0.0625 0.16875
0 0.9734375 0.3078125 0.0203125 0.0265625
2 0.3625 0.396875 0.140625 0.2375
0 0.3921875 0.3046875 0.0359375 0.0484375
2 0.3734375 0.409375 0.2734375 0.31875
0 0.4640625 0.2890625 0.0515625 0.0734375
2 0.521875 0.409375 0.2921875 0.384375
0 0.6015625 0.2609375 0.065625 0.0859375