2 0.028125 0.53984375 0.05625 0.2484375
0 0.025 0.434375 0.034375 0.034375
2 0.0828125 0.5375 0.09375 0.24375
0 0.09375 0.4359375 0.03125 0.034375
2 0.1375 0.603125 0.028125 0.06875
0 0.1421875 0.5765625 0.009375 0.009375
2 0.1140625 0.6140625 0.021875 0.05
0 0.115625 0.5953125 0.00625 0.00625
2 0.046875 0.5578125 0.06875 0.1859375
0 0.05 0.484375 0.021875 0.025
2 0.159375 0.6 0.021875 0.075
0 0.1609375 0.5671875 0.009375 0.009375
2 0.18125 0.5984375 0.034375 0.08125
0 0.18125 0.565625 0.0109375 0.0125
2 0.234375 0.58125 0.040625 0.1234375
0 0.2375 0.53125 0.015625 0.015625
2 0.2609375 0.58125 0.028125 0.1125
0 0.2578125 0.565625 0.009375 0.0109375
2 0.2890625 0.575 0.053125 0.134375
0 0.2890625 0.51875 0.0140625 0.015625
2 0.2578125 0.5984375 0.025 0.078125
0 0.259375 0.5671875 0.0109375 0.0125
2 0.33125 0.584375 0.04375 0.10625
0 0.328125 0.540625 0.0125 0.0171875
2 0.346875 0.6 0.0359375 0.0765625
0 0.3453125 0.5703125 0.0125 0.0140625
2 0.309375 0.5953125 0.0234375 0.078125
0 0.3109375 0.565625 0.009375 0.0125
2 0.3671875 0.5875 0.0265625 0.1
0 0.3703125 0.546875 0.0125 0.0140625
2 0.3921875 0.578125 0.046875 0.1234375
0 0.390625 0.5296875 0.0140625 0.01875
2 0.4390625 0.571875 0.053125 0.1328125
0 0.4359375 0.5171875 0.0203125 0.01875
2 0.4484375 0.5765625 0.0328125 0.1234375
0 0.4484375 0.53125 0.015625 0.01875
2 0.475 0.56875 0.0484375 0.1390625
0 0.4734375 0.509375 0.01875 0.01875
2 0.49375 0.571875 0.034375 0.128125
0 0.49375 0.5171875 0.0125 0.0140625
2 0.51875 0.6 0.01875 0.0421875
0 0.521875 0.584375 0.00625 0.00625
2 0.534375 0.60625 0.0171875 0.0390625
0 0.534375 0.590625 0.0046875 0.0046875
2 0.5578125 0.5890625 0.028125 0.090625
0 0.5578125 0.5515625 0.009375 0.0125
2 0.55 0.60625 0.009375 0.028125
0 0.55 0.596875 0.0046875 0.003125
2 0.571875 0.59375 0.0234375 0.078125
0 0.575 0.5625 0.0125 0.0125
2 0.596875 0.59375 0.03125 0.078125
0 0.5921875 0.5609375 0.0109375 0.009375
2 0.6203125 0.6015625 0.01875 0.059375
0 0.6203125 0.5765625 0.0078125 0.0078125
2 0.6515625 0.565625 0.0625 0.1625
0 0.65 0.4953125 0.0203125 0.01875
2 0.675 0.496875 0.14375 0.353125
0 0.6703125 0.340625 0.0375 0.040625
2 0.7546875 0.5828125 0.04375 0.1140625
0 0.746875 0.5359375 0.0125 0.015625
2 0.7875 0.534375 0.0921875 0.2421875
0 0.7875 0.4328125 0.025 0.034375
2 0.865625 0.5015625 0.1765625 0.359375
0 0.85 0.3515625 0.0484375 0.053125