2 0.7609375 0.4953125 0.0359375 0.071875
0 0.7515625 0.4671875 0.0109375 0.0125
2 0.6875 0.5375 0.09375 0.26875
0 0.6890625 0.425 0.0328125 0.034375
2 0.5984375 0.5453125 0.1015625 0.2421875
0 0.5921875 0.4453125 0.028125 0.028125
2 0.5390625 0.5453125 0.0703125 0.23125
0 0.5484375 0.446875 0.028125 0.0265625
2 0.575 0.53125 0.0453125 0.20625
0 0.575 0.44375 0.021875 0.025
2 0.51875 0.5296875 0.0640625 0.2140625
0 0.50625 0.440625 0.025 0.025
2 0.4734375 0.5328125 0.0796875 0.2140625
0 0.4703125 0.44375 0.0234375 0.0265625
2 0.4046875 0.546875 0.10625 0.234375
0 0.403125 0.4515625 0.0265625 0.03125
2 0.009375 0.496875 0.0171875 0.1046875
0 0.003125 0.453125 0.0046875 0.0125