2 0.415625 0.61875 0.04375 0.09375
0 0.40625 0.5921875 0.009375 0.0125
0 0.4875 0.609375 0.028125 0.0359375
2 0.6046875 0.5953125 0.06875 0.15
0 0.5984375 0.5328125 0.01875 0.01875
2 0.6171875 0.5859375 0.046875 0.121875
0 0.634375 0.5296875 0.0109375 0.009375
2 0.634375 0.5765625 0.0421875 0.11875
0 0.628125 0.5390625 0.0125 0.0140625
2 0.675 0.5734375 0.0578125 0.11875
0 0.678125 0.5265625 0.015625 0.0171875
2 0.734375 0.5640625 0.0828125 0.165625
0 0.7109375 0.496875 0.01875 0.0234375
2 0.7125 0.55625 0.0453125 0.1421875
0 0.7109375 0.4984375 0.0203125 0.01875