2 0.1109375 0.5390625 0.09375 0.25
0 0.109375 0.4328125 0.0328125 0.034375
2 0.15625 0.5203125 0.0921875 0.2421875
0 0.15625 0.4171875 0.03125 0.0328125
2 0.190625 0.528125 0.0859375 0.259375
0 0.1953125 0.4171875 0.03125 0.0328125
2 0.259375 0.5265625 0.0890625 0.2515625
0 0.2609375 0.4203125 0.028125 0.0359375
2 0.3328125 0.528125 0.084375 0.24375
0 0.33125 0.425 0.0265625 0.034375
2 0.4 0.5265625 0.05625 0.2328125
0 0.4015625 0.428125 0.0234375 0.03125
2 0.4671875 0.5328125 0.071875 0.2203125
0 0.4671875 0.4375 0.025 0.0296875
2 0.5390625 0.5265625 0.084375 0.240625
0 0.5390625 0.425 0.025 0.0328125
2 0.615625 0.528125 0.0890625 0.2375
0 0.6140625 0.4296875 0.028125 0.0359375
2 0.6890625 0.53125 0.0796875 0.2296875
0 0.6875 0.4328125 0.028125 0.03125
2 0.7578125 0.528125 0.0796875 0.240625
0 0.7578125 0.428125 0.0265625 0.034375
2 0.8296875 0.534375 0.08125 0.2375
0 0.8296875 0.434375 0.0296875 0.034375
2 0.8921875 0.528125 0.0953125 0.246875
0 0.890625 0.425 0.03125 0.0359375
2 0.1546875 0.521875 0.0796875 0.24375
0 0.15625 0.4171875 0.0296875 0.034375
2 0.240625 0.525 0.059375 0.228125
0 0.2390625 0.4296875 0.0265625 0.03125
2 0.284375 0.51875 0.053125 0.2296875
0 0.2828125 0.4203125 0.021875 0.03125
2 0.3109375 0.521875 0.0609375 0.225
0 0.3109375 0.4265625 0.021875 0.0296875
2 0.3796875 0.51875 0.053125 0.2203125
0 0.3796875 0.4234375 0.025 0.0265625
2 0.359375 0.515625 0.05 0.221875
0 0.359375 0.4203125 0.021875 0.0296875
2 0.4453125 0.521875 0.06875 0.2125
0 0.440625 0.4328125 0.0234375 0.028125
2 0.484375 0.5125 0.0546875 0.209375
0 0.4875 0.421875 0.0234375 0.0265625
2 0.5125 0.51875 0.0578125 0.21875
0 0.5109375 0.4265625 0.0234375 0.0296875
2 0.578125 0.51875 0.0578125 0.2203125
0 0.578125 0.4265625 0.025 0.0328125
2 0.6421875 0.521875 0.0609375 0.21875
0 0.640625 0.428125 0.0234375 0.0296875
2 0.6578125 0.5078125 0.059375 0.2140625
0 0.659375 0.4171875 0.0234375 0.028125
2 0.7125 0.521875 0.059375 0.221875
0 0.7125 0.428125 0.025 0.0296875
2 0.7296875 0.5140625 0.0515625 0.2109375
0 0.7328125 0.425 0.021875 0.0296875
2 0.78125 0.5203125 0.06875 0.225
0 0.78125 0.425 0.028125 0.0296875
2 0.8078125 0.5140625 0.05 0.2015625
0 0.8109375 0.4296875 0.0203125 0.0265625
2 0.8546875 0.5140625 0.0609375 0.2203125
0 0.8546875 0.421875 0.0265625 0.03125