2 0.1125 0.7390625 0.0140625 0.0296875
0 0.1140625 0.728125 0.0046875 0.003125
2 0.034375 0.75625 0.0375 0.071875
0 0.046875 0.728125 0.0109375 0.0109375
0 0.0734375 0.7203125 0.0296875 0.03125
2 0.2375 0.740625 0.021875 0.04375
0 0.2375 0.725 0.00625 0.00625
2 0.28125 0.725 0.01875 0.034375
0 0.2828125 0.715625 0.00625 0.00625
2 0.2921875 0.7171875 0.009375 0.0296875
0 0.29375 0.709375 0.00625 0.0046875
2 0.3 0.7203125 0.0125 0.028125
0 0.3 0.7109375 0.0046875 0.0046875
2 0.309375 0.71875 0.0140625 0.028125
0 0.309375 0.7078125 0.00625 0.0046875
2 0.328125 0.7171875 0.0140625 0.028125
0 0.3296875 0.7109375 0.003125 0.003125
2 0.3234375 0.7453125 0.025 0.0421875
0 0.328125 0.73125 0.00625 0.00625
2 0.3 0.74375 0.021875 0.05
0 0.3 0.725 0.00625 0.00625
2 0.371875 0.7515625 0.03125 0.065625
0 0.3703125 0.725 0.009375 0.0109375
2 0.428125 0.7421875 0.021875 0.0515625
0 0.425 0.721875 0.00625 0.0078125
2 0.45625 0.746875 0.0296875 0.0578125
0 0.453125 0.7234375 0.0078125 0.009375
2 0.46875 0.740625 0.01875 0.0484375
0 0.46875 0.7203125 0.00625 0.0078125
2 0.503125 0.74375 0.0203125 0.0375
0 0.503125 0.73125 0.003125 0.003125
2 0.5546875 0.7609375 0.034375 0.0921875
0 0.553125 0.7234375 0.0125 0.0140625
2 0.5765625 0.75625 0.0375 0.0921875
0 0.5765625 0.7203125 0.0125 0.0140625
2 0.5890625 0.7484375 0.028125 0.065625
0 0.5859375 0.7234375 0.00625 0.0078125
0 0.70625 0.6953125 0.025 0.0265625
2 0.7265625 0.7515625 0.0328125 0.084375
0 0.721875 0.7171875 0.0125 0.0125
2 0.89375 0.7578125 0.0640625 0.1515625
0 0.8875 0.6953125 0.01875 0.0203125