2 0.1015625 0.49375 0.0453125 0.0921875
0 0.10625 0.45625 0.0140625 0.0140625
2 0.115625 0.5 0.028125 0.06875
0 0.1171875 0.4765625 0.009375 0.0109375
2 0.1484375 0.509375 0.028125 0.0546875
0 0.1484375 0.490625 0.00625 0.0078125
2 0.159375 0.4875 0.0296875 0.090625
0 0.153125 0.4546875 0.0125 0.0140625
2 0.35 0.4890625 0.034375 0.0875
0 0.3515625 0.4578125 0.0109375 0.0125
2 0.378125 0.478125 0.0171875 0.05
0 0.38125 0.4578125 0.0046875 0.0046875
2 0.4 0.49375 0.04375 0.1203125
0 0.4015625 0.4421875 0.0140625 0.0140625
2 0.43125 0.49375 0.03125 0.096875
0 0.425 0.453125 0.0140625 0.0140625
2 0.465625 0.478125 0.0265625 0.0609375
0 0.465625 0.453125 0.0078125 0.0078125
2 0.496875 0.4765625 0.025 0.065625
0 0.4953125 0.45 0.009375 0.009375
2 0.5109375 0.478125 0.0171875 0.05
0 0.5109375 0.45625 0.00625 0.00625
2 0.53125 0.4984375 0.0390625 0.0921875
0 0.528125 0.4578125 0.0109375 0.00625
2 0.540625 0.4828125 0.021875 0.065625
0 0.5421875 0.45625 0.009375 0.0109375
2 0.559375 0.4828125 0.0140625 0.034375
0 0.5578125 0.46875 0.003125 0.003125
2 0.5734375 0.4859375 0.0125 0.028125
0 0.575 0.475 0.003125 0.003125
2 0.603125 0.4921875 0.028125 0.10625
0 0.603125 0.4484375 0.0125 0.0140625
2 0.6140625 0.49375 0.0359375 0.109375
0 0.6140625 0.446875 0.0125 0.0125
2 0.6625 0.496875 0.040625 0.1078125
0 0.6640625 0.453125 0.0140625 0.0140625
2 0.896875 0.5421875 0.096875 0.2
0 0.8984375 0.459375 0.0265625 0.028125