2 0.38125 0.5828125 0.078125 0.1859375
0 0.3734375 0.5046875 0.0234375 0.0265625
2 0.3875 0.540625 0.040625 0.0890625
0 0.3859375 0.5046875 0.009375 0.0140625
2 0.4046875 0.5375 0.0265625 0.05
0 0.4015625 0.5171875 0.00625 0.0078125
2 0.40625 0.5265625 0.0109375 0.0328125
0 0.40625 0.5125 0.003125 0.0046875
2 0.41875 0.528125 0.009375 0.028125
0 0.41875 0.515625 0.003125 0.003125
2 0.428125 0.528125 0.015625 0.0359375
0 0.428125 0.5125 0.003125 0.0046875
2 0.434375 0.54375 0.0265625 0.071875
0 0.4359375 0.5125 0.0078125 0.009375
2 0.4515625 0.5484375 0.025 0.0875
0 0.4484375 0.5125 0.009375 0.0125
2 0.4953125 0.553125 0.034375 0.0921875
0 0.4921875 0.515625 0.0109375 0.0140625
2 0.5203125 0.55 0.0328125 0.084375
0 0.5203125 0.5171875 0.009375 0.0125
2 0.6265625 0.615625 0.0796875 0.253125
0 0.6359375 0.5125 0.0296875 0.0390625
2 0.659375 0.6296875 0.10625 0.2609375
0 0.659375 0.5203125 0.034375 0.0390625
2 0.6796875 0.603125 0.0625 0.221875
0 0.6640625 0.50625 0.021875 0.0234375