0 0.928125 0.415625 0.0453125 0.05
2 0.8625 0.54375 0.090625 0.3109375
0 0.8640625 0.4140625 0.0328125 0.04375
2 0.8109375 0.5375 0.096875 0.303125
0 0.8046875 0.4109375 0.0359375 0.0421875
2 0.7359375 0.528125 0.1 0.29375
0 0.7421875 0.4078125 0.034375 0.0453125
2 0.7234375 0.5140625 0.0921875 0.2609375
0 0.715625 0.403125 0.0296875 0.0375
2 0.675 0.5015625 0.0859375 0.25625
0 0.6765625 0.3953125 0.0296875 0.0390625
2 0.628125 0.490625 0.0703125 0.2359375
0 0.63125 0.396875 0.025 0.034375
2 0.565625 0.4890625 0.0875 0.2390625
0 0.5703125 0.3890625 0.028125 0.034375
2 0.4875 0.4796875 0.0953125 0.240625
0 0.4921875 0.38125 0.028125 0.0359375
2 0.4125 0.4703125 0.090625 0.26875
0 0.415625 0.3578125 0.028125 0.0375
2 0.3421875 0.478125 0.0796875 0.2671875
0 0.3453125 0.3671875 0.03125 0.034375
2 0.259375 0.5015625 0.090625 0.3125
0 0.2609375 0.3671875 0.0328125 0.0390625
2 0.0640625 0.5 0.08125 0.271875
0 0.0671875 0.3875 0.0328125 0.040625
2 0.11875 0.490625 0.071875 0.2375
0 0.11875 0.3921875 0.028125 0.034375
2 0.153125 0.4953125 0.075 0.259375
0 0.15625 0.3875 0.03125 0.0375
2 0.203125 0.4921875 0.0796875 0.2671875
0 0.2109375 0.3796875 0.0296875 0.034375
2 0.10625 0.4703125 0.071875 0.2203125
0 0.103125 0.378125 0.025 0.0296875
2 0.2890625 0.49375 0.06875 0.246875
0 0.290625 0.3921875 0.028125 0.0390625
2 0.228125 0.4640625 0.06875 0.2328125
0 0.2296875 0.3640625 0.0265625 0.0328125
2 0.378125 0.4640625 0.0609375 0.228125
0 0.378125 0.36875 0.025 0.0296875
2 0.4515625 0.46875 0.0703125 0.225
0 0.453125 0.375 0.025 0.0296875
2 0.4890625 0.4640625 0.0734375 0.23125
0 0.49375 0.365625 0.0234375 0.0296875
2 0.5328125 0.475 0.065625 0.2203125
0 0.5390625 0.38125 0.0265625 0.0328125
2 0.5921875 0.475 0.065625 0.228125
0 0.596875 0.38125 0.0265625 0.0375
2 0.54375 0.45 0.065625 0.221875
0 0.546875 0.3578125 0.0265625 0.028125
2 0.45625 0.4453125 0.065625 0.2046875
0 0.45625 0.359375 0.0234375 0.0265625
2 0.240625 0.4390625 0.065625 0.2171875
0 0.2421875 0.3484375 0.0234375 0.0296875
2 0.621875 0.45 0.0703125 0.1828125
0 0.621875 0.375 0.0265625 0.0296875
2 0.7 0.4578125 0.065625 0.2046875
0 0.7 0.3734375 0.021875 0.0296875
2 0.3484375 0.440625 0.065625 0.2046875
0 0.3515625 0.35625 0.021875 0.028125
2 0.378125 0.4515625 0.065625 0.2015625
0 0.378125 0.3703125 0.021875 0.028125