0 0.1078125 0.540625 0.0703125 0.0953125
0 0.3109375 0.5171875 0.059375 0.08125
0 0.48125 0.5453125 0.0578125 0.06875
0 0.6328125 0.54375 0.059375 0.0734375
0 0.853125 0.3078125 0.0546875 0.078125
2 0.715625 0.5796875 0.1265625 0.434375
0 0.725 0.3984375 0.05625 0.0671875
2 0.5953125 0.5546875 0.1375 0.4546875
0 0.6109375 0.3640625 0.05 0.06875
2 0.4453125 0.5453125 0.1296875 0.4515625
0 0.446875 0.3546875 0.05 0.065625
2 0.340625 0.546875 0.140625 0.4546875
0 0.340625 0.3546875 0.05625 0.0671875
2 0.2328125 0.525 0.1671875 0.5140625
0 0.23125 0.3109375 0.05625 0.0734375