2 0.0328125 0.5703125 0.065625 0.2265625
0 0.015625 0.4765625 0.03125 0.0359375
2 0.053125 0.5671875 0.1046875 0.2
0 0.0609375 0.4875 0.028125 0.0359375
2 0.096875 0.578125 0.0921875 0.2265625
0 0.0984375 0.4890625 0.0328125 0.0328125
2 0.1375 0.5703125 0.059375 0.13125
0 0.1375 0.5234375 0.021875 0.028125
2 0.190625 0.5734375 0.0546875 0.128125
0 0.1875 0.525 0.01875 0.0265625
2 0.2515625 0.5734375 0.0609375 0.11875
0 0.2421875 0.53125 0.021875 0.021875
2 0.3625 0.5734375 0.0890625 0.2515625
0 0.3734375 0.471875 0.028125 0.0390625
2 0.428125 0.6015625 0.1109375 0.35625
0 0.4234375 0.4484375 0.0390625 0.04375
2 0.4953125 0.534375 0.0953125 0.1875
0 0.4796875 0.4578125 0.01875 0.025
2 0.5453125 0.5734375 0.1296875 0.1875
0 0.565625 0.49375 0.025 0.0296875
2 0.5796875 0.5484375 0.0921875 0.2171875
0 0.578125 0.45625 0.0234375 0.028125
2 0.7984375 0.56875 0.0875 0.1375
0 0.7875 0.51875 0.021875 0.0265625
2 0.8453125 0.5765625 0.1 0.2875
0 0.8421875 0.4578125 0.0328125 0.04375
2 0.871875 0.565625 0.103125 0.2109375
0 0.8578125 0.475 0.021875 0.025
2 0.940625 0.5359375 0.1 0.21875
0 0.94375 0.4421875 0.028125 0.0265625