0 0.103125 0.6125 0.0671875 0.071875
0 0.20625 0.58125 0.0734375 0.0921875
0 0.328125 0.5953125 0.0421875 0.05
2 0.3625 0.70625 0.04375 0.2
0 0.3640625 0.621875 0.025 0.025
2 0.3859375 0.696875 0.0484375 0.19375
0 0.38125 0.6171875 0.0203125 0.025
0 0.4109375 0.61875 0.0328125 0.0375
2 0.41875 0.696875 0.053125 0.203125
0 0.4171875 0.6109375 0.025 0.028125
0 0.4796875 0.60625 0.0328125 0.034375
0 0.5234375 0.6328125 0.04375 0.0453125
0 0.546875 0.615625 0.0390625 0.040625
0 0.63125 0.6265625 0.046875 0.05625
2 0.5859375 0.65625 0.0265625 0.078125
0 0.5828125 0.6234375 0.0140625 0.0125
2 0.675 0.634375 0.01875 0.0640625
0 0.675 0.6078125 0.00625 0.009375
2 0.684375 0.6390625 0.021875 0.0640625
0 0.6796875 0.6140625 0.009375 0.0125
0 0.709375 0.625 0.03125 0.0375
2 0.7578125 0.675 0.0546875 0.146875
0 0.759375 0.615625 0.01875 0.021875
0 0.8046875 0.6015625 0.04375 0.05