2 0.1578125 0.7328125 0.06875 0.34375
0 0.14375 0.5921875 0.0375 0.059375
2 0.2140625 0.7625 0.1109375 0.4390625
0 0.21875 0.58125 0.0453125 0.053125
2 0.31875 0.7234375 0.1359375 0.3140625
0 0.3296875 0.6 0.04375 0.05
0 0.440625 0.5765625 0.05 0.0609375
2 0.446875 0.765625 0.15 0.4140625
0 0.4546875 0.59375 0.0390625 0.046875
2 0.55 0.7 0.1015625 0.2828125
0 0.5609375 0.5828125 0.03125 0.0390625
2 0.584375 0.6296875 0.0484375 0.146875
0 0.5859375 0.5734375 0.0234375 0.0265625
2 0.6296875 0.6359375 0.053125 0.1734375
0 0.63125 0.565625 0.0265625 0.028125
2 0.6625 0.634375 0.0515625 0.153125
0 0.659375 0.5734375 0.021875 0.0265625
0 0.7265625 0.6125 0.0828125 0.0921875