0 0.215625 0.4984375 0.0640625 0.09375
0 0.2171875 0.4984375 0.065625 0.09375
0 0.284375 0.5 0.053125 0.071875
2 0.0828125 0.5078125 0.165625 0.465625
0 0.09375 0.3140625 0.0484375 0.0671875
2 0.1921875 0.528125 0.1375 0.4234375
0 0.184375 0.3546875 0.0453125 0.0578125
2 0.28125 0.5015625 0.0984375 0.3484375
0 0.290625 0.3546875 0.034375 0.0453125
0 0.3671875 0.5140625 0.04375 0.0609375
2 0.3703125 0.4859375 0.1046875 0.309375
0 0.38125 0.359375 0.0390625 0.05
2 0.44375 0.496875 0.1015625 0.303125
0 0.4484375 0.375 0.03125 0.046875
0 0.496875 0.515625 0.0421875 0.0609375
2 0.5265625 0.5125 0.10625 0.29375
0 0.5265625 0.39375 0.0375 0.05
0 0.5890625 0.5140625 0.0453125 0.05625
2 0.603125 0.503125 0.103125 0.3
0 0.6 0.38125 0.0359375 0.0421875
2 0.684375 0.5296875 0.1 0.3125
0 0.6828125 0.4 0.040625 0.046875
2 0.778125 0.5203125 0.1359375 0.3453125
0 0.7484375 0.3828125 0.040625 0.0515625
0 0.69375 0.5125 0.0390625 0.05
0 0.809375 0.525 0.0578125 0.0703125
0 0.89375 0.5171875 0.053125 0.0640625