2 0.25625 0.8109375 0.1 0.234375
0 0.2609375 0.7171875 0.0328125 0.0390625
2 0.3109375 0.8015625 0.0921875 0.20625
0 0.3203125 0.71875 0.028125 0.0296875
2 0.596875 0.728125 0.028125 0.08125
0 0.5984375 0.696875 0.009375 0.0109375
2 0.565625 0.7296875 0.028125 0.078125
0 0.5671875 0.7 0.009375 0.0125
2 0.65625 0.721875 0.028125 0.0609375
0 0.6546875 0.6984375 0.0078125 0.009375
2 0.69375 0.7171875 0.0328125 0.0625
0 0.6921875 0.69375 0.009375 0.009375
2 0.75 0.7203125 0.03125 0.0703125
0 0.746875 0.6921875 0.009375 0.009375
2 0.834375 0.7296875 0.0328125 0.084375
0 0.8296875 0.696875 0.0109375 0.0125
2 0.796875 0.709375 0.028125 0.0609375
0 0.79375 0.684375 0.0078125 0.0078125
2 0.80625 0.7078125 0.021875 0.05625
0 0.80625 0.6890625 0.00625 0.0078125
2 0.728125 0.7140625 0.0234375 0.0515625
0 0.7265625 0.69375 0.00625 0.00625
2 0.5484375 0.7171875 0.01875 0.046875
0 0.55 0.7046875 0.0046875 0.0046875
2 0.515625 0.721875 0.0234375 0.0546875
0 0.5171875 0.7 0.00625 0.00625
2 0.484375 0.7109375 0.015625 0.0421875
0 0.484375 0.69375 0.00625 0.00625
2 0.496875 0.7171875 0.0171875 0.0453125
0 0.4984375 0.7 0.0046875 0.00625
2 0.4234375 0.70625 0.015625 0.040625
0 0.4234375 0.6921875 0.00625 0.00625
2 0.4046875 0.7109375 0.0140625 0.034375
0 0.4046875 0.6984375 0.0046875 0.0046875
2 0.371875 0.7140625 0.01875 0.046875
0 0.3734375 0.696875 0.00625 0.00625
2 0.35 0.7109375 0.015625 0.0375
0 0.3515625 0.696875 0.00625 0.00625
2 0.346875 0.709375 0.0140625 0.0359375
0 0.346875 0.6953125 0.0046875 0.0046875
2 0.19375 0.7296875 0.0296875 0.071875
0 0.1953125 0.7 0.009375 0.0109375
2 0.296875 0.7234375 0.025 0.05625
0 0.3015625 0.7015625 0.009375 0.0078125
2 0.2140625 0.728125 0.0265625 0.071875
0 0.2125 0.6984375 0.0078125 0.0078125
2 0.2390625 0.725 0.0296875 0.0734375
0 0.2390625 0.69375 0.0078125 0.0078125
2 0.7640625 0.71875 0.0484375 0.071875
0 0.753125 0.690625 0.009375 0.009375