0 0.7859375 0.5640625 0.04375 0.0453125
2 0.6046875 0.6609375 0.11875 0.275
0 0.6125 0.546875 0.0328125 0.040625
2 0.58125 0.621875 0.053125 0.209375
0 0.584375 0.534375 0.0234375 0.0296875
2 0.546875 0.5828125 0.0296875 0.0859375
0 0.5484375 0.546875 0.009375 0.0109375
2 0.521875 0.6640625 0.0828125 0.2609375
0 0.521875 0.55625 0.03125 0.0390625
2 0.4640625 0.6703125 0.103125 0.3078125
0 0.484375 0.5421875 0.0359375 0.0453125
2 0.44375 0.5921875 0.040625 0.134375
0 0.446875 0.5375 0.0171875 0.0203125
2 0.4203125 0.5953125 0.0453125 0.121875
0 0.428125 0.5453125 0.0171875 0.0203125
2 0.3984375 0.5890625 0.028125 0.103125
0 0.4015625 0.5484375 0.0125 0.015625
2 0.3828125 0.5890625 0.0453125 0.115625
0 0.384375 0.540625 0.0140625 0.01875
2 0.35625 0.5875 0.0234375 0.0921875
0 0.359375 0.553125 0.0109375 0.0140625
2 0.365625 0.5796875 0.0234375 0.0921875
0 0.3671875 0.5421875 0.0125 0.0140625
2 0.325 0.6390625 0.0984375 0.25625
0 0.3109375 0.528125 0.028125 0.03125
2 0.2703125 0.6203125 0.0640625 0.1609375
0 0.2765625 0.553125 0.01875 0.021875
2 0.25625 0.6 0.0421875 0.1203125
0 0.2609375 0.553125 0.0125 0.0109375
2 0.2328125 0.590625 0.028125 0.1
0 0.2296875 0.55 0.0125 0.015625
2 0.1984375 0.646875 0.1015625 0.25625
0 0.2 0.540625 0.034375 0.0390625
2 0.1390625 0.640625 0.0921875 0.246875
0 0.159375 0.534375 0.03125 0.0328125
2 0.1390625 0.584375 0.0453125 0.1375
0 0.1453125 0.528125 0.015625 0.01875
2 0.109375 0.6171875 0.0421875 0.15
0 0.1140625 0.553125 0.01875 0.01875
2 0.078125 0.6234375 0.0890625 0.190625
0 0.0953125 0.5421875 0.0234375 0.0234375
2 0.05 0.6015625 0.05625 0.1671875
0 0.0484375 0.5328125 0.021875 0.0234375
2 0.0203125 0.6109375 0.040625 0.18125
0 0.01875 0.534375 0.0265625 0.0265625