0 0.1078125 0.55625 0.046875 0.0484375
0 0.25625 0.5828125 0.046875 0.05
0 0.3546875 0.584375 0.0453125 0.046875
0 0.4609375 0.559375 0.04375 0.053125
0 0.565625 0.5703125 0.046875 0.0484375
0 0.6703125 0.56875 0.053125 0.053125
2 0.6796875 0.6875 0.1015625 0.3046875
0 0.6625 0.5625 0.0390625 0.0515625
2 0.7546875 0.6890625 0.115625 0.3203125
0 0.74375 0.5515625 0.0453125 0.04375
0 0.8671875 0.5953125 0.0546875 0.053125
0 0.9078125 0.5859375 0.046875 0.046875
0 0.909375 0.584375 0.0453125 0.04375
0 0.978125 0.5375 0.025 0.028125