2 0.0671875 0.5890625 0.134375 0.590625
0 0.0578125 0.3515625 0.0828125 0.1
2 0.1859375 0.596875 0.184375 0.5640625
0 0.2078125 0.3734375 0.0640625 0.0890625
2 0.3328125 0.6296875 0.190625 0.5109375
0 0.346875 0.421875 0.0734375 0.0859375
2 0.3390625 0.575 0.18125 0.5578125
0 0.35625 0.3421875 0.05625 0.071875
2 0.4109375 0.5953125 0.1890625 0.5171875
0 0.421875 0.3890625 0.0671875 0.08125
2 0.5671875 0.596875 0.20625 0.5328125
0 0.58125 0.38125 0.065625 0.078125
2 0.6671875 0.5953125 0.1828125 0.5015625
0 0.6734375 0.39375 0.05625 0.078125
2 0.759375 0.5828125 0.1875 0.5
0 0.7671875 0.378125 0.0578125 0.0765625
2 0.840625 0.5796875 0.1765625 0.4578125
0 0.8546875 0.3921875 0.0546875 0.0703125
0 0.9203125 0.4078125 0.0546875 0.06875