2 0.2375 0.490625 0.0296875 0.0640625
0 0.2375 0.465625 0.009375 0.009375
2 0.178125 0.5078125 0.0453125 0.096875
0 0.1734375 0.4671875 0.0140625 0.0140625
2 0.125 0.4984375 0.0296875 0.071875
0 0.13125 0.4703125 0.0109375 0.0109375
2 0.140625 0.490625 0.0234375 0.0828125
0 0.1359375 0.4578125 0.009375 0.0109375
2 0.1125 0.4921875 0.0265625 0.0765625
0 0.1140625 0.4609375 0.0109375 0.0109375
2 0.084375 0.4859375 0.025 0.0609375
0 0.0828125 0.4625 0.009375 0.009375
2 0.040625 0.503125 0.0234375 0.0765625
0 0.0375 0.471875 0.009375 0.009375
2 0.009375 0.5171875 0.01875 0.109375
0 0.003125 0.471875 0.00625 0.015625
2 0.434375 0.4859375 0.0375 0.1109375
0 0.4328125 0.440625 0.0109375 0.015625
2 0.515625 0.4828125 0.0328125 0.0859375
0 0.5171875 0.446875 0.009375 0.0109375
2 0.55625 0.4796875 0.025 0.0796875
0 0.5546875 0.4484375 0.0109375 0.0125
2 0.5734375 0.465625 0.015625 0.0515625
0 0.5734375 0.446875 0.00625 0.0078125
2 0.5890625 0.4671875 0.015625 0.0484375
0 0.5890625 0.446875 0.00625 0.00625