2 0.2109375 0.5609375 0.0265625 0.0734375
0 0.2078125 0.53125 0.0078125 0.0109375
2 0.315625 0.709375 0.1375 0.3203125
0 0.3265625 0.575 0.0484375 0.0484375
2 0.5796875 0.7 0.1453125 0.31875
0 0.584375 0.56875 0.046875 0.0515625
2 0.7203125 0.69375 0.1171875 0.2921875
0 0.725 0.5765625 0.04375 0.046875
2 0.4046875 0.5734375 0.03125 0.05625
0 0.4078125 0.553125 0.0125 0.0109375
2 0.4203125 0.5703125 0.028125 0.0546875
0 0.4234375 0.553125 0.009375 0.0109375
2 0.4375 0.5453125 0.0203125 0.0421875
0 0.4421875 0.53125 0.0078125 0.009375
2 0.4515625 0.546875 0.01875 0.04375
0 0.45 0.5328125 0.0078125 0.009375
2 0.6625 0.54375 0.025 0.04375
0 0.6609375 0.528125 0.009375 0.0109375
2 0.68125 0.5453125 0.0203125 0.040625
0 0.68125 0.5328125 0.0078125 0.0109375
2 0.6546875 0.5875 0.03125 0.0625
0 0.65625 0.5640625 0.0140625 0.015625
2 0.6890625 0.5859375 0.03125 0.0625
0 0.6890625 0.5640625 0.0125 0.0140625
0 0.971875 0.5484375 0.0296875 0.0328125
2 0.890625 0.5703125 0.0328125 0.0671875
0 0.890625 0.546875 0.0125 0.0125