2 0.0109375 0.696875 0.021875 0.153125
0 0.0046875 0.6359375 0.009375 0.021875
2 0.034375 0.690625 0.0390625 0.140625
0 0.0453125 0.634375 0.01875 0.0234375
0 0.075 0.7359375 0.03125 0.034375
0 0.134375 0.73125 0.0296875 0.0359375
0 0.190625 0.634375 0.0828125 0.075
0 0.228125 0.7 0.021875 0.0265625
2 0.3171875 0.7078125 0.065625 0.0890625
0 0.3203125 0.6734375 0.0140625 0.015625
2 0.340625 0.709375 0.0625 0.0875
0 0.328125 0.6765625 0.0171875 0.0171875
2 0.3765625 0.703125 0.05 0.078125
0 0.371875 0.6765625 0.015625 0.01875
2 0.421875 0.703125 0.0484375 0.140625
0 0.4265625 0.6453125 0.0140625 0.0203125
0 0.4125 0.7359375 0.034375 0.040625
2 0.4875 0.7046875 0.0421875 0.171875
0 0.484375 0.6328125 0.01875 0.0234375
2 0.5171875 0.703125 0.06875 0.1984375
0 0.515625 0.61875 0.01875 0.025
2 0.5359375 0.7234375 0.103125 0.20625
0 0.5390625 0.634375 0.01875 0.0265625
2 0.6046875 0.6953125 0.059375 0.1984375
0 0.60625 0.6125 0.01875 0.0265625
2 0.6328125 0.528125 0.1609375 0.3671875
0 0.6578125 0.375 0.046875 0.059375
0 0.740625 0.628125 0.03125 0.034375
0 0.8046875 0.63125 0.025 0.0328125
0 0.815625 0.6109375 0.0328125 0.0296875
0 0.8953125 0.590625 0.0421875 0.0515625
2 0.946875 0.69375 0.04375 0.184375
0 0.94375 0.6171875 0.025 0.0265625
2 0.9625 0.725 0.05 0.10625
0 0.9578125 0.6828125 0.0140625 0.01875
2 0.05 0.7453125 0.0796875 0.0984375
0 0.0265625 0.709375 0.025 0.025