2 0.046875 0.7328125 0.009375 0.0203125
0 0.046875 0.725 0.003125 0.003125
2 0.096875 0.75625 0.0109375 0.021875
0 0.096875 0.75 0.0046875 0.0046875
2 0.1453125 0.753125 0.009375 0.0203125
0 0.1453125 0.7484375 0.003125 0.0046875
2 0.046875 0.790625 0.0140625 0.0234375
0 0.046875 0.78125 0.0046875 0.0046875
2 0.0328125 0.7875 0.0078125 0.0265625
0 0.0328125 0.7796875 0.003125 0.0046875
2 0.034375 0.784375 0.009375 0.0265625
0 0.0328125 0.7765625 0.003125 0.0046875
2 0.028125 0.7859375 0.009375 0.021875
0 0.028125 0.78125 0.003125 0.0046875
2 0.0046875 0.7875 0.009375 0.0234375
0 0.0046875 0.78125 0.0046875 0.0046875
2 0.0171875 0.8078125 0.0125 0.0296875
0 0.01875 0.8 0.0046875 0.00625
2 0.0265625 0.809375 0.009375 0.025
0 0.028125 0.803125 0.0046875 0.00625
2 0.0390625 0.809375 0.0109375 0.028125
0 0.0390625 0.8 0.0046875 0.0046875
2 0.3828125 0.80625 0.0109375 0.03125
0 0.3875 0.7953125 0.0046875 0.0046875
2 0.4 0.803125 0.0140625 0.03125
0 0.3984375 0.790625 0.0046875 0.0046875
2 0.4140625 0.8 0.015625 0.0265625
0 0.4140625 0.790625 0.003125 0.0046875
0 0.4203125 0.8109375 0.0046875 0.0046875
2 0.425 0.796875 0.0109375 0.0234375
0 0.425 0.790625 0.0046875 0.0046875
2 0.4390625 0.7984375 0.0109375 0.028125
0 0.4390625 0.7875 0.003125 0.003125
2 0.4703125 0.765625 0.0140625 0.0203125
0 0.4703125 0.759375 0.0046875 0.0046875
2 0.8765625 0.79375 0.009375 0.01875
0 0.878125 0.7890625 0.003125 0.003125