0 0.7328125 0.3453125 0.0578125 0.059375
2 0.715625 0.490625 0.1765625 0.503125
0 0.6765625 0.28125 0.0625 0.0765625
2 0.5921875 0.496875 0.1203125 0.4140625
0 0.590625 0.3203125 0.0515625 0.0609375
2 0.4625 0.575 0.1125 0.3328125
0 0.4546875 0.4359375 0.0484375 0.0515625
2 0.446875 0.484375 0.1046875 0.4140625
0 0.4515625 0.3125 0.0515625 0.0609375
2 0.3921875 0.540625 0.1421875 0.41875
0 0.39375 0.365625 0.059375 0.0609375
2 0.2484375 0.5375 0.121875 0.4421875
0 0.2375 0.353125 0.0640625 0.065625