2 0.9015625 0.5015625 0.19375 0.7625
0 0.875 0.1765625 0.090625 0.1
2 0.7578125 0.5109375 0.2 0.6890625
0 0.75625 0.234375 0.0765625 0.096875
2 0.628125 0.4984375 0.190625 0.6609375
0 0.61875 0.2203125 0.0765625 0.09375
2 0.53125 0.471875 0.1578125 0.6640625
0 0.5328125 0.1984375 0.071875 0.0984375
2 0.4765625 0.5484375 0.2578125 0.6390625
0 0.45 0.2796875 0.0703125 0.09375
2 0.4234375 0.5046875 0.209375 0.6859375
0 0.4140625 0.2203125 0.0734375 0.0984375
2 0.265625 0.5765625 0.2234375 0.6671875
0 0.2890625 0.30625 0.0703125 0.090625
2 0.3140625 0.484375 0.1859375 0.6859375
0 0.30625 0.2015625 0.06875 0.096875
2 0.1234375 0.5375 0.221875 0.7265625
0 0.14375 0.23125 0.0859375 0.1109375
2 0.1890625 0.5109375 0.190625 0.64375
0 0.1921875 0.24375 0.0703125 0.1015625
2 0.240625 0.4796875 0.1671875 0.65625
0 0.2421875 0.203125 0.06875 0.090625