0 0.06875 0.71875 0.040625 0.04375
0 0.153125 0.7359375 0.0375 0.0375
0 0.103125 0.7171875 0.0390625 0.040625
2 0.1828125 0.7765625 0.053125 0.146875
0 0.1828125 0.7125 0.01875 0.01875
0 0.365625 0.7265625 0.0390625 0.0359375
2 0.3125 0.7765625 0.0640625 0.1515625
0 0.321875 0.7140625 0.0171875 0.01875
2 0.2890625 0.7484375 0.0328125 0.096875
0 0.2953125 0.7078125 0.009375 0.0125
2 0.403125 0.753125 0.03125 0.0734375
0 0.4 0.7234375 0.009375 0.0109375
2 0.4140625 0.746875 0.034375 0.0828125
0 0.4046875 0.7125 0.0109375 0.0109375
2 0.428125 0.7390625 0.0203125 0.0453125
0 0.425 0.7203125 0.00625 0.00625
2 0.4453125 0.7390625 0.0203125 0.0484375
0 0.4453125 0.7171875 0.0046875 0.00625
2 0.440625 0.734375 0.0203125 0.040625
0 0.4453125 0.7171875 0.0046875 0.00625
2 0.4859375 0.7265625 0.0109375 0.03125
0 0.4875 0.7140625 0.003125 0.0046875
2 0.490625 0.728125 0.0078125 0.0265625
0 0.490625 0.7171875 0.003125 0.0046875
2 0.5 0.728125 0.0125 0.0296875
0 0.503125 0.715625 0.003125 0.0046875
2 0.521875 0.728125 0.009375 0.0265625
0 0.5234375 0.7171875 0.0046875 0.0046875
2 0.5265625 0.740625 0.01875 0.04375
0 0.5296875 0.721875 0.0046875 0.00625
2 0.5328125 0.7390625 0.0140625 0.040625
0 0.5359375 0.721875 0.00625 0.00625
2 0.540625 0.7390625 0.015625 0.046875
0 0.5453125 0.71875 0.0046875 0.00625
2 0.55 0.7296875 0.0171875 0.028125
0 0.553125 0.71875 0.003125 0.0046875
2 0.5578125 0.728125 0.009375 0.0265625
0 0.5578125 0.7171875 0.003125 0.003125
2 0.578125 0.7421875 0.021875 0.0390625
0 0.5828125 0.7234375 0.0046875 0.0046875
2 0.6078125 0.740625 0.03125 0.05
0 0.609375 0.7203125 0.00625 0.00625
2 0.6171875 0.7375 0.0109375 0.04375
0 0.61875 0.71875 0.0046875 0.00625
2 0.6421875 0.7375 0.0171875 0.05
0 0.64375 0.7171875 0.00625 0.00625
2 0.6578125 0.7296875 0.0109375 0.0265625
0 0.6546875 0.7171875 0.003125 0.0046875
2 0.6609375 0.7296875 0.009375 0.03125
0 0.6609375 0.7171875 0.0046875 0.0046875
2 0.675 0.7328125 0.0078125 0.0234375
0 0.675 0.7234375 0.003125 0.0046875
2 0.678125 0.73125 0.009375 0.0265625
0 0.6796875 0.7203125 0.0046875 0.003125
2 0.6890625 0.7328125 0.009375 0.0265625
0 0.6890625 0.721875 0.003125 0.0046875
2 0.696875 0.7328125 0.0171875 0.028125
0 0.6953125 0.7203125 0.003125 0.0046875
2 0.68125 0.7359375 0.021875 0.0421875
0 0.684375 0.71875 0.0046875 0.00625
2 0.709375 0.734375 0.015625 0.0265625
0 0.7078125 0.725 0.0046875 0.0046875
2 0.7125 0.7328125 0.0109375 0.028125
0 0.7109375 0.721875 0.0046875 0.0046875
2 0.725 0.734375 0.0109375 0.025
0 0.7234375 0.725 0.003125 0.0046875
2 0.728125 0.734375 0.0109375 0.025
0 0.7265625 0.725 0.003125 0.003125
2 0.7359375 0.73125 0.00625 0.0203125
0 0.7359375 0.7234375 0.0015625 0.003125
2 0.7453125 0.7375 0.015625 0.028125
0 0.74375 0.725 0.003125 0.003125
2 0.7625 0.7328125 0.0078125 0.021875
0 0.7609375 0.7234375 0.003125 0.003125
2 0.7796875 0.7375 0.0125 0.025
0 0.7765625 0.728125 0.003125 0.003125
2 0.7890625 0.7359375 0.0109375 0.025
0 0.7875 0.725 0.003125 0.0046875
2 0.7984375 0.7375 0.0109375 0.0296875
0 0.7984375 0.7265625 0.003125 0.0046875
2 0.528125 0.728125 0.0078125 0.028125
0 0.5296875 0.7171875 0.003125 0.0046875
2 0.5609375 0.721875 0.00625 0.0140625
0 0.5609375 0.715625 0.003125 0.0015625
2 0.56875 0.728125 0.0109375 0.025
0 0.5703125 0.7171875 0.003125 0.0046875
2 0.575 0.7265625 0.0109375 0.03125
0 0.578125 0.7140625 0.0046875 0.0046875
2 0.70625 0.73125 0.00625 0.0234375
0 0.7078125 0.721875 0.0015625 0.0015625
2 0.740625 0.734375 0.0078125 0.025
0 0.740625 0.725 0.003125 0.003125
2 0.7828125 0.73125 0.00625 0.021875
0 0.7828125 0.7234375 0.003125 0.003125
2 0.7890625 0.734375 0.0078125 0.025
0 0.7875 0.725 0.003125 0.0046875
2 0.340625 0.71875 0.009375 0.021875
0 0.340625 0.709375 0.003125 0.0046875
2 0.3375 0.734375 0.0140625 0.0390625
0 0.3375 0.71875 0.00625 0.0078125
2 0.371875 0.7671875 0.05625 0.13125
0 0.3703125 0.7109375 0.015625 0.0171875
2 0.4203125 0.7328125 0.0109375 0.034375
0 0.4203125 0.7203125 0.0046875 0.0078125
2 0.4140625 0.721875 0.009375 0.0234375
0 0.4140625 0.7140625 0.0046875 0.0046875
2 0.4203125 0.7203125 0.009375 0.021875
0 0.4203125 0.7109375 0.003125 0.003125
2 0.6109375 0.7375 0.009375 0.0375
0 0.609375 0.721875 0.00625 0.0046875
2 0.6015625 0.7375 0.009375 0.0375
0 0.603125 0.721875 0.00625 0.00625
2 0.6 0.7265625 0.0109375 0.0265625
0 0.603125 0.7171875 0.003125 0.003125
2 0.73125 0.7328125 0.009375 0.025
0 0.73125 0.7234375 0.003125 0.003125
2 0.7515625 0.7359375 0.0140625 0.0234375
0 0.746875 0.7265625 0.0046875 0.0046875
2 0.7765625 0.7359375 0.009375 0.0265625
0 0.7765625 0.7265625 0.003125 0.0046875
2 0.7015625 0.725 0.0046875 0.0140625
0 0.7015625 0.7203125 0.0015625 0.003125
2 0.78125 0.734375 0.0046875 0.01875
0 0.78125 0.7265625 0.003125 0.003125