2 0.1046875 0.625 0.146875 0.446875
0 0.1109375 0.4359375 0.0515625 0.0609375
2 0.225 0.61875 0.11875 0.4015625
0 0.23125 0.446875 0.046875 0.0546875
2 0.2859375 0.6453125 0.1125 0.428125
0 0.290625 0.4640625 0.0421875 0.0578125
2 0.378125 0.6546875 0.1046875 0.390625
0 0.378125 0.4921875 0.040625 0.053125
2 0.3640625 0.621875 0.109375 0.4015625
0 0.359375 0.4484375 0.0375 0.05
2 0.3265625 0.6 0.10625 0.3734375
0 0.3234375 0.4453125 0.0390625 0.053125
2 0.4171875 0.596875 0.1 0.340625
0 0.4234375 0.453125 0.0390625 0.0484375
2 0.490625 0.6421875 0.1640625 0.459375
0 0.4859375 0.4484375 0.0515625 0.0671875
2 0.5109375 0.5921875 0.109375 0.403125
0 0.5140625 0.4203125 0.0375 0.053125
0 0.6234375 0.471875 0.04375 0.0609375
2 0.6 0.6140625 0.14375 0.4453125
0 0.5921875 0.425 0.0515625 0.0609375
2 0.6078125 0.5671875 0.115625 0.375
0 0.621875 0.409375 0.0390625 0.0484375
0 0.7546875 0.446875 0.0546875 0.0734375
2 0.70625 0.60625 0.13125 0.4140625
0 0.7015625 0.43125 0.0453125 0.059375
2 0.69375 0.58125 0.1109375 0.3421875
0 0.684375 0.4375 0.0359375 0.0484375
2 0.878125 0.6234375 0.15625 0.4546875
0 0.88125 0.4375 0.05625 0.0640625
2 0.81875 0.6 0.115625 0.4296875
0 0.80625 0.4140625 0.046875 0.0546875