2 0.796875 0.4546875 0.028125 0.05625
0 0.803125 0.43125 0.009375 0.009375
0 0.8328125 0.4375 0.0078125 0.0078125
2 0.4515625 0.39375 0.0140625 0.0390625
0 0.4546875 0.378125 0.0046875 0.0046875
2 0.4609375 0.396875 0.0140625 0.0328125
0 0.4640625 0.3796875 0.0046875 0.00625
2 0.3625 0.446875 0.0625 0.1546875
0 0.3640625 0.384375 0.021875 0.0296875
2 0.3875 0.4 0.0390625 0.090625
0 0.3921875 0.3625 0.0109375 0.0125
2 0.346875 0.371875 0.0265625 0.05625
0 0.3546875 0.35 0.009375 0.009375
2 0.3484375 0.375 0.03125 0.0375
0 0.359375 0.3640625 0.0078125 0.0078125
2 0.284375 0.40625 0.0578125 0.109375
0 0.3015625 0.3609375 0.0125 0.015625
2 0.2328125 0.3734375 0.028125 0.0703125
0 0.2375 0.3453125 0.0078125 0.0109375
2 0.2140625 0.3671875 0.01875 0.0546875
0 0.21875 0.34375 0.0078125 0.0078125
2 0.1703125 0.35625 0.015625 0.059375
0 0.16875 0.33125 0.00625 0.0078125