2 0.6625 0.653125 0.09375 0.3421875
0 0.659375 0.509375 0.04375 0.046875
2 0.6328125 0.64375 0.075 0.296875
0 0.6359375 0.51875 0.0421875 0.0390625
2 0.634375 0.634375 0.0640625 0.271875
0 0.61875 0.5203125 0.0265625 0.0359375
2 0.596875 0.640625 0.0609375 0.2265625
0 0.596875 0.546875 0.0265625 0.0296875
2 0.5453125 0.6375 0.0671875 0.2390625
0 0.5390625 0.5375 0.03125 0.03125
2 0.484375 0.6265625 0.0734375 0.2328125
0 0.484375 0.534375 0.0265625 0.025
2 0.38125 0.6296875 0.09375 0.2375
0 0.396875 0.53125 0.0265625 0.0359375
2 0.2921875 0.640625 0.0625 0.221875
0 0.2859375 0.5484375 0.0328125 0.03125
2 0.2140625 0.6390625 0.1015625 0.3
0 0.2390625 0.5125 0.0375 0.0390625
2 0.2328125 0.6390625 0.071875 0.25625
0 0.253125 0.5375 0.0328125 0.034375
2 0.1046875 0.6421875 0.125 0.375
0 0.1265625 0.4921875 0.046875 0.046875
2 0.065625 0.6390625 0.10625 0.340625
0 0.090625 0.496875 0.046875 0.0484375
2 0.0265625 0.5828125 0.053125 0.4046875
0 0.01875 0.41484375 0.0375 0.0609375