0 0.1125 0.50625 0.0890625 0.1078125
0 0.5328125 0.509375 0.0765625 0.0921875
0 0.6859375 0.46875 0.0765625 0.1140625
0 0.39375 0.4953125 0.05625 0.08125
2 0.5234375 0.61875 0.1578125 0.384375
0 0.5140625 0.4625 0.05625 0.06875
2 0.40625 0.63125 0.1765625 0.3734375
0 0.39375 0.49375 0.0578125 0.078125
2 0.25625 0.590625 0.121875 0.303125
0 0.259375 0.465625 0.04375 0.046875
2 0.2171875 0.546875 0.1125 0.1921875
0 0.1953125 0.471875 0.034375 0.040625
2 0.1640625 0.496875 0.109375 0.1703125
0 0.1578125 0.4296875 0.0296875 0.0359375
2 0.2328125 0.49375 0.0828125 0.153125
0 0.2171875 0.4359375 0.025 0.0328125
0 0.0765625 0.46875 0.0640625 0.075
2 0.321875 0.6171875 0.1296875 0.3515625
0 0.3078125 0.484375 0.05 0.0546875