2 0.3109375 0.290625 0.1109375 0.284375
0 0.2859375 0.18125 0.0453125 0.0609375
2 0.2515625 0.3296875 0.0859375 0.3109375
0 0.234375 0.2125 0.0453125 0.065625
2 0.8953125 0.35 0.1015625 0.26875
0 0.903125 0.25 0.05 0.0640625
2 0.8375 0.3828125 0.153125 0.271875
0 0.8390625 0.2796875 0.0515625 0.0609375
2 0.7546875 0.3765625 0.109375 0.296875
0 0.740625 0.259375 0.0578125 0.059375
0 0.715625 0.534375 0.1640625 0.1671875
0 0.8296875 0.4359375 0.13125 0.11875
2 0.7 0.4796875 0.18125 0.3859375
0 0.7265625 0.3421875 0.0953125 0.1015625
2 0.5234375 0.4140625 0.2421875 0.2703125
0 0.5078125 0.321875 0.0625 0.0796875
2 0.33125 0.5015625 0.2 0.3578125
0 0.321875 0.371875 0.0796875 0.09375
2 0.2171875 0.6109375 0.29375 0.4671875
0 0.18125 0.4375 0.09375 0.1125
0 0.2546875 0.4890625 0.1640625 0.1703125