2 0.765625 0.4625 0.15625 0.15625
0 0.8 0.4171875 0.0421875 0.05
2 0.509375 0.440625 0.140625 0.140625
0 0.5453125 0.3921875 0.0390625 0.040625
2 0.3109375 0.4625 0.221875 0.334375
0 0.3796875 0.334375 0.0578125 0.075
2 0.190625 0.434375 0.1265625 0.2390625
0 0.190625 0.3515625 0.040625 0.0515625
2 0.2625 0.41875 0.08125 0.2140625
0 0.259375 0.3296875 0.0234375 0.0296875
2 0.4625 0.4078125 0.05625 0.0953125
0 0.4640625 0.375 0.0171875 0.0234375
2 0.48125 0.4203125 0.0390625 0.1359375
0 0.4796875 0.3640625 0.0171875 0.0203125
2 0.5703125 0.41875 0.0296875 0.0859375
0 0.5703125 0.3875 0.0140625 0.01875
2 0.5953125 0.4171875 0.0546875 0.1296875
0 0.5984375 0.365625 0.015625 0.0203125
2 0.6390625 0.415625 0.0421875 0.1390625
0 0.64375 0.359375 0.021875 0.0203125
2 0.6671875 0.4296875 0.03125 0.09375
0 0.6734375 0.3921875 0.0140625 0.0171875
2 0.690625 0.4265625 0.0484375 0.1265625
0 0.6921875 0.375 0.015625 0.0203125
2 0.7203125 0.4390625 0.0453125 0.10625
0 0.71875 0.3984375 0.0171875 0.0203125
2 0.7359375 0.4296875 0.034375 0.1046875
0 0.7375 0.3890625 0.0140625 0.0171875
2 0.746875 0.459375 0.03125 0.0796875
0 0.7484375 0.43125 0.0140625 0.0171875
2 0.7796875 0.4375 0.0375 0.1171875
0 0.784375 0.390625 0.0171875 0.01875
2 0.859375 0.428125 0.059375 0.13125
0 0.8578125 0.378125 0.0140625 0.015625
2 0.890625 0.465625 0.0421875 0.0984375
0 0.8953125 0.425 0.0125 0.0125
2 0.8953125 0.421875 0.0328125 0.096875
0 0.8984375 0.3859375 0.0125 0.015625
2 0.0078125 0.4078125 0.015625 0.1
0 0.003125 0.36875 0.0046875 0.0140625
2 0.0828125 0.434375 0.0546875 0.1015625
0 0.08125 0.396875 0.021875 0.0234375
2 0.0953125 0.434375 0.0359375 0.08125
0 0.0890625 0.403125 0.0125 0.0140625
2 0.0921875 0.4203125 0.025 0.0875
0 0.0984375 0.384375 0.0140625 0.0171875
2 0.109375 0.425 0.028125 0.075
0 0.1109375 0.396875 0.0109375 0.0125
2 0.128125 0.43125 0.0265625 0.071875
0 0.13125 0.40625 0.015625 0.0171875
2 0.1234375 0.425 0.021875 0.078125
0 0.121875 0.3953125 0.0125 0.0125