2 0.515625 0.48125 0.1671875 0.3453125
0 0.5125 0.340625 0.0453125 0.053125
2 0.5921875 0.4609375 0.0703125 0.1890625
0 0.5953125 0.3875 0.0234375 0.0296875
2 0.4234375 0.428125 0.05625 0.1609375
0 0.421875 0.3609375 0.01875 0.0203125
2 0.315625 0.5984375 0.2203125 0.246875
0 0.3625 0.5265625 0.0453125 0.0453125
2 0.303125 0.64375 0.2109375 0.2734375
0 0.3203125 0.5546875 0.04375 0.0421875
2 0.26875 0.5828125 0.296875 0.14375
0 0.3703125 0.553125 0.0328125 0.034375
2 0.028125 0.425 0.0546875 0.2046875
0 0.0140625 0.34375 0.028125 0.0328125
2 0.0953125 0.45625 0.0703125 0.259375
0 0.1 0.3515625 0.0296875 0.0390625
2 0.1546875 0.4578125 0.0734375 0.2546875
0 0.1609375 0.353125 0.0359375 0.0390625
2 0.2234375 0.4671875 0.1390625 0.2890625
0 0.24375 0.35 0.0359375 0.040625
2 0.2734375 0.45 0.0921875 0.2359375
0 0.278125 0.3578125 0.0296875 0.0375
2 0.3171875 0.453125 0.0640625 0.240625
0 0.3046875 0.353125 0.028125 0.0359375
2 0.353125 0.45 0.0453125 0.1265625
0 0.3625 0.4 0.0171875 0.0203125
2 0.3515625 0.434375 0.0453125 0.134375
0 0.3609375 0.3796875 0.0203125 0.021875
2 0.378125 0.434375 0.0421875 0.1484375
0 0.378125 0.3734375 0.0171875 0.0171875
2 0.1796875 0.453125 0.059375 0.234375
0 0.1859375 0.3625 0.03125 0.0390625
2 0.028125 0.43984375 0.05625 0.2390625
0 0.0125 0.3421875 0.025 0.0359375
2 0.4421875 0.471875 0.0890625 0.315625
0 0.4515625 0.340625 0.034375 0.05
0 0.984375 0.375 0.03125 0.0328125
2 0.4 0.41875 0.025 0.1125
0 0.4 0.3734375 0.0109375 0.0140625
2 0.3515625 0.425 0.0359375 0.1390625
0 0.353125 0.3703125 0.0171875 0.0203125
2 0.2109375 0.428125 0.04375 0.1765625
0 0.2109375 0.359375 0.0234375 0.0328125