2 0.053125 0.5828125 0.10625 0.3578125
0 0.059375 0.43125 0.0328125 0.0484375
2 0.1046875 0.596875 0.1375 0.365625
0 0.109375 0.44375 0.04375 0.046875
2 0.0890625 0.559375 0.1703125 0.3359375
0 0.1234375 0.4203125 0.0375 0.04375
2 0.1703125 0.596875 0.0984375 0.34375
0 0.178125 0.453125 0.0328125 0.0484375
2 0.1796875 0.5546875 0.0734375 0.3140625
0 0.1875 0.4203125 0.034375 0.040625
2 0.24375 0.5828125 0.0828125 0.3265625
0 0.2359375 0.4453125 0.0375 0.046875
2 0.2125 0.546875 0.0609375 0.3171875
0 0.2140625 0.4125 0.0359375 0.0390625
2 0.2484375 0.55625 0.096875 0.3375
0 0.2546875 0.41875 0.040625 0.0484375
2 0.2859375 0.5453125 0.0703125 0.321875
0 0.284375 0.40625 0.0296875 0.0390625
2 0.309375 0.5640625 0.0859375 0.3375
0 0.3046875 0.421875 0.03125 0.04375
2 0.3484375 0.5671875 0.13125 0.3625
0 0.3546875 0.4109375 0.0375 0.04375
2 0.3703125 0.5484375 0.0734375 0.2984375
0 0.3765625 0.421875 0.028125 0.0359375
2 0.3984375 0.5578125 0.0625 0.3109375
0 0.4 0.4234375 0.03125 0.0390625
2 0.4234375 0.5375 0.0609375 0.3140625
0 0.425 0.4015625 0.0296875 0.0375
2 0.4453125 0.565625 0.0984375 0.3375
0 0.4453125 0.4234375 0.0390625 0.0484375
2 0.46875 0.5578125 0.0734375 0.30625
0 0.46875 0.4296875 0.03125 0.046875
2 0.503125 0.5375 0.0640625 0.296875
0 0.50625 0.4140625 0.0296875 0.0390625
2 0.5359375 0.5578125 0.103125 0.353125
0 0.534375 0.403125 0.0390625 0.0453125
2 0.571875 0.5515625 0.0671875 0.309375
0 0.571875 0.421875 0.034375 0.0453125
2 0.59375 0.53125 0.0609375 0.3125
0 0.59375 0.4015625 0.028125 0.0375
2 0.621875 0.5671875 0.1 0.3359375
0 0.6171875 0.425 0.0359375 0.046875
2 0.65625 0.546875 0.0734375 0.315625
0 0.653125 0.4125 0.0328125 0.04375
2 0.6859375 0.5453125 0.0640625 0.3171875
0 0.6765625 0.4125 0.0265625 0.040625
2 0.7 0.5703125 0.115625 0.334375
0 0.6984375 0.4296875 0.0375 0.0484375
2 0.7328125 0.553125 0.0765625 0.3046875
0 0.7296875 0.4234375 0.0328125 0.0453125
2 0.7515625 0.5453125 0.0578125 0.31875
0 0.75 0.4078125 0.03125 0.0359375
2 0.775 0.5671875 0.09375 0.33125
0 0.7734375 0.428125 0.0328125 0.0453125
2 0.809375 0.559375 0.078125 0.30625
0 0.8078125 0.4296875 0.03125 0.0359375
2 0.846875 0.553125 0.065625 0.2984375
0 0.8390625 0.4265625 0.0359375 0.04375
2 0.8796875 0.565625 0.1296875 0.3484375
0 0.8671875 0.425 0.040625 0.0515625
2 0.9015625 0.559375 0.1046875 0.325
0 0.9015625 0.4234375 0.040625 0.046875
0 0.9546875 0.4265625 0.040625 0.0453125