2 0.2171875 0.571875 0.16875 0.5015625
0 0.21875 0.359375 0.05625 0.075
2 0.3265625 0.5765625 0.1359375 0.4515625
0 0.321875 0.3875 0.0546875 0.065625
2 0.4484375 0.54375 0.175 0.5
0 0.4375 0.3328125 0.059375 0.0734375
2 0.6046875 0.54375 0.18125 0.496875
0 0.5875 0.334375 0.0515625 0.0703125
2 0.7296875 0.48125 0.153125 0.45
0 0.70625 0.2890625 0.0515625 0.0625
2 0.8390625 0.553125 0.1546875 0.465625
0 0.8125 0.3546875 0.0609375 0.065625
2 0.603125 0.4328125 0.1359375 0.415625
0 0.6015625 0.2609375 0.0484375 0.0640625
2 0.496875 0.4390625 0.125 0.440625
0 0.5046875 0.25625 0.0484375 0.0671875
2 0.3578125 0.478125 0.1671875 0.478125
0 0.35625 0.28125 0.05 0.0734375
2 0.25 0.4453125 0.15 0.45625
0 0.2703125 0.2546875 0.0546875 0.065625