2 0.240625 0.5140625 0.021875 0.053125
0 0.2421875 0.49375 0.00625 0.009375
2 0.3671875 0.5953125 0.1421875 0.29375
0 0.3375 0.471875 0.0359375 0.0375
2 0.45 0.59375 0.11875 0.265625
0 0.43125 0.484375 0.028125 0.0359375
0 0.5203125 0.484375 0.0375 0.0453125
2 0.59375 0.5578125 0.1234375 0.2390625
0 0.575 0.459375 0.025 0.0328125
2 0.6765625 0.5796875 0.121875 0.3140625
0 0.6671875 0.4484375 0.0359375 0.046875
2 0.7203125 0.5265625 0.0375 0.1109375
0 0.7140625 0.484375 0.0140625 0.015625
2 0.7390625 0.5234375 0.04375 0.1109375
0 0.7296875 0.4796875 0.015625 0.0203125
2 0.8265625 0.5 0.0265625 0.0515625
0 0.8234375 0.48125 0.00625 0.00625
2 0.89375 0.4921875 0.021875 0.059375
0 0.8890625 0.46875 0.0078125 0.009375
2 0.859375 0.49375 0.021875 0.0515625
0 0.85625 0.475 0.0078125 0.009375
2 0.8734375 0.4953125 0.028125 0.05
0 0.8734375 0.4765625 0.009375 0.009375
2 0.4625 0.503125 0.015625 0.053125
0 0.465625 0.4828125 0.0078125 0.0078125
2 0.4828125 0.4984375 0.0125 0.040625
0 0.484375 0.4859375 0.009375 0.0078125