2 0.1671875 0.5390625 0.1828125 0.64375
0 0.15625 0.265625 0.06875 0.0828125
2 0.315625 0.4625 0.19375 0.578125
0 0.2984375 0.21875 0.059375 0.0828125
2 0.4890625 0.5125 0.2515625 0.640625
0 0.4859375 0.2453125 0.0671875 0.075
2 0.584375 0.4796875 0.1984375 0.54375
0 0.5734375 0.2546875 0.0609375 0.08125
2 0.7109375 0.284375 0.0296875 0.0609375
0 0.7125 0.2578125 0.0078125 0.0078125
2 0.78125 0.5203125 0.2234375 0.628125
0 0.809375 0.2625 0.059375 0.08125
2 0.890625 0.4625 0.2140625 0.565625
0 0.8796875 0.2234375 0.065625 0.078125