2 0.05625 0.546875 0.1125 0.3453125
0 0.0359375 0.4046875 0.034375 0.040625
2 0.0953125 0.5109375 0.0953125 0.228125
0 0.1046875 0.4171875 0.034375 0.0296875
2 0.14375 0.490625 0.075 0.2171875
0 0.14375 0.4015625 0.0265625 0.028125
2 0.20625 0.49375 0.096875 0.2515625
0 0.20625 0.3953125 0.028125 0.034375
2 0.1828125 0.5390625 0.121875 0.3046875
0 0.1859375 0.409375 0.03125 0.0375
2 0.1984375 0.55625 0.1515625 0.3578125
0 0.1953125 0.409375 0.04375 0.05625
2 0.253125 0.4828125 0.0703125 0.240625
0 0.2609375 0.384375 0.0234375 0.03125
2 0.2921875 0.5234375 0.0875 0.325
0 0.2953125 0.384375 0.034375 0.0421875
2 0.3359375 0.546875 0.134375 0.3484375
0 0.34375 0.403125 0.0375 0.05
2 0.3484375 0.5546875 0.1515625 0.4328125
0 0.3671875 0.384375 0.0484375 0.065625
0 0.415625 0.384375 0.053125 0.065625
2 0.459375 0.5140625 0.0671875 0.2625
0 0.4625 0.4078125 0.0328125 0.0328125
0 0.528125 0.3625 0.0578125 0.071875
2 0.615625 0.553125 0.103125 0.3296875
0 0.625 0.4140625 0.0375 0.04375
2 0.696875 0.5796875 0.1546875 0.475
0 0.696875 0.3890625 0.0484375 0.059375
2 0.85625 0.5625 0.20625 0.4625
0 0.8375 0.3671875 0.0515625 0.065625
2 0.7375 0.5375 0.08125 0.35
0 0.734375 0.396875 0.0375 0.05625
2 0.8921875 0.515625 0.1265625 0.3453125
0 0.89375 0.375 0.040625 0.05
2 0.95 0.5234375 0.0921875 0.2984375
0 0.959375 0.4 0.0359375 0.0453125