0 0.91875 0.5484375 0.059375 0.0640625
2 0.8921875 0.6375 0.1515625 0.384375
0 0.8859375 0.48125 0.05625 0.059375
0 0.725 0.4640625 0.05 0.0625
2 0.634375 0.634375 0.1453125 0.334375
0 0.6359375 0.5 0.040625 0.05
2 0.5609375 0.646875 0.0984375 0.275
0 0.5515625 0.5375 0.0359375 0.0421875
2 0.428125 0.6421875 0.08125 0.159375
0 0.434375 0.5984375 0.0328125 0.0375
2 0.2796875 0.64375 0.1375 0.4125
0 0.2765625 0.4734375 0.05 0.0625
2 0.6640625 0.5828125 0.0875 0.2609375
0 0.6640625 0.471875 0.025 0.03125
2 0.6046875 0.6046875 0.09375 0.30625
0 0.596875 0.475 0.0390625 0.0421875
2 0.4609375 0.5765625 0.0921875 0.2765625
0 0.4625 0.465625 0.0328125 0.0421875
2 0.534375 0.5515625 0.06875 0.196875
0 0.5265625 0.4734375 0.025 0.0296875
2 0.378125 0.5796875 0.0734375 0.228125
0 0.365625 0.4875 0.0296875 0.0375
2 0.4265625 0.5296875 0.0703125 0.203125
0 0.425 0.44375 0.021875 0.0296875
2 0.240625 0.590625 0.0734375 0.24375
0 0.2375 0.490625 0.0328125 0.0390625
2 0.184375 0.55625 0.08125 0.2296875
0 0.184375 0.459375 0.03125 0.03125
2 0.1453125 0.5390625 0.071875 0.1921875
0 0.153125 0.4578125 0.021875 0.025
2 0.084375 0.5484375 0.0640625 0.20625
0 0.078125 0.4625 0.025 0.03125
2 0.065625 0.534375 0.06875 0.1921875
0 0.0578125 0.4546875 0.025 0.028125
2 0.0171875 0.546875 0.034375 0.1953125
0 0.00625 0.4671875 0.0125 0.028125
2 0.2953125 0.575 0.1203125 0.2953125
0 0.296875 0.4515625 0.034375 0.0421875
2 0.109375 0.5015625 0.0296875 0.103125
0 0.1125 0.459375 0.0109375 0.0125
2 0.1328125 0.5390625 0.0578125 0.1609375
0 0.1421875 0.4734375 0.01875 0.01875