2 0.865625 0.6265625 0.1046875 0.2765625
0 0.8609375 0.5109375 0.0421875 0.046875
2 0.81875 0.5984375 0.071875 0.290625
0 0.815625 0.4765625 0.034375 0.040625
2 0.7859375 0.63125 0.10625 0.2828125
0 0.771875 0.515625 0.0390625 0.046875
2 0.728125 0.6046875 0.0859375 0.2921875
0 0.728125 0.48125 0.0359375 0.040625
2 0.6984375 0.634375 0.103125 0.2859375
0 0.7046875 0.51875 0.0359375 0.05
2 0.60625 0.6421875 0.0921875 0.290625
0 0.6 0.5234375 0.0390625 0.0453125
2 0.6578125 0.603125 0.0796875 0.2890625
0 0.65625 0.4828125 0.034375 0.0421875
2 0.59375 0.609375 0.0859375 0.2890625
0 0.584375 0.4875 0.0296875 0.040625
2 0.509375 0.5953125 0.1125 0.325
0 0.50625 0.459375 0.040625 0.0484375
2 0.50625 0.6484375 0.0953125 0.2890625
0 0.5109375 0.53125 0.040625 0.0484375
2 0.415625 0.65 0.096875 0.296875
0 0.425 0.5265625 0.0375 0.0484375
2 0.425 0.6109375 0.0765625 0.2953125
0 0.4265625 0.4875 0.0359375 0.0421875
2 0.35 0.6171875 0.1015625 0.3265625
0 0.3515625 0.4828125 0.0390625 0.0484375
2 0.2640625 0.6296875 0.096875 0.325
0 0.2734375 0.4921875 0.0390625 0.046875
0 0.18125 0.475 0.0421875 0.053125