2 0.0375 0.771875 0.025 0.0640625
0 0.0328125 0.746875 0.009375 0.0125
0 0.1203125 0.75625 0.009375 0.0109375
2 0.134375 0.73125 0.0359375 0.0703125
0 0.1328125 0.7046875 0.009375 0.009375
2 0.09375 0.6 0.021875 0.040625
0 0.09375 0.6 0.021875 0.040625
2 0.0453125 0.71875 0.0359375 0.078125
0 0.04375 0.684375 0.009375 0.009375
2 0.0875 0.7109375 0.03125 0.075
0 0.078125 0.68125 0.009375 0.0109375
2 0.0515625 0.7140625 0.0234375 0.0765625
0 0.05 0.6828125 0.009375 0.0109375
2 0.040625 0.65 0.0203125 0.05
0 0.04375 0.628125 0.00625 0.0046875
2 0.0875 0.6640625 0.01875 0.0609375
0 0.0875 0.640625 0.00625 0.0078125
2 0.0984375 0.6578125 0.0125 0.046875
0 0.0984375 0.6375 0.00625 0.00625
0 0.2078125 0.4140625 0.0515625 0.071875
0 0.3046875 0.4171875 0.053125 0.0703125
0 0.40625 0.4265625 0.0546875 0.0640625
0 0.5140625 0.4546875 0.05 0.065625
0 0.6015625 0.4328125 0.0546875 0.06875
0 0.7234375 0.409375 0.053125 0.0703125
0 0.8109375 0.425 0.0578125 0.0671875
0 0.8671875 0.3671875 0.0609375 0.0796875
2 0.075 0.6546875 0.0234375 0.0515625
0 0.0765625 0.6328125 0.00625 0.00625
2 0.03125 0.7734375 0.0375 0.071875
0 0.0328125 0.746875 0.009375 0.0125