0 0.128125 0.4921875 0.034375 0.040625
0 0.215625 0.5453125 0.0265625 0.034375
0 0.2609375 0.5125 0.028125 0.0390625
0 0.3375 0.5328125 0.0234375 0.034375
2 0.3625 0.5953125 0.0796875 0.1984375
0 0.3625 0.53125 0.021875 0.0265625
0 0.40625 0.609375 0.0296875 0.0375
0 0.4890625 0.609375 0.0234375 0.034375
0 0.40625 0.5546875 0.025 0.03125
2 0.4265625 0.603125 0.1203125 0.171875
0 0.421875 0.5375 0.0234375 0.034375
0 0.4625 0.5125 0.0265625 0.034375
0 0.503125 0.5328125 0.021875 0.0296875
0 0.534375 0.53125 0.025 0.0296875
0 0.5921875 0.5203125 0.021875 0.0328125
0 0.6140625 0.5375 0.021875 0.028125