2 0.8765625 0.453125 0.0109375 0.0234375
0 0.8765625 0.4421875 0.003125 0.003125
2 0.85625 0.465625 0.0375 0.09375
0 0.859375 0.4265625 0.0109375 0.0125
2 0.815625 0.45625 0.009375 0.0171875
0 0.815625 0.4515625 0.003125 0.003125
2 0.8046875 0.4578125 0.0078125 0.01875
0 0.8046875 0.45 0.003125 0.003125
2 0.7875 0.465625 0.04375 0.1015625
0 0.7859375 0.425 0.0125 0.0140625
2 0.753125 0.51875 0.0921875 0.2265625
0 0.75 0.425 0.028125 0.0296875
2 0.71875 0.5171875 0.0671875 0.2140625
0 0.721875 0.4296875 0.0234375 0.028125
2 0.6703125 0.51875 0.0703125 0.221875
0 0.6671875 0.428125 0.028125 0.0375
2 0.61875 0.58125 0.153125 0.3875
0 0.6125 0.4203125 0.040625 0.05
2 0.49375 0.5734375 0.1375 0.3890625
0 0.4875 0.4125 0.0390625 0.059375
0 0.3953125 0.3859375 0.0734375 0.10625
0 0.190625 0.4 0.0671875 0.090625