2 0.721875 0.6546875 0.01875 0.046875
0 0.7234375 0.6359375 0.00625 0.00625
2 0.7453125 0.6515625 0.01875 0.04375
0 0.7453125 0.6359375 0.00625 0.00625
0 0.084375 0.6671875 0.0515625 0.0453125
2 0.109375 0.6921875 0.0515625 0.128125
0 0.103125 0.6421875 0.015625 0.01875
2 0.2890625 0.7015625 0.046875 0.1234375
0 0.2890625 0.65 0.015625 0.0140625
2 0.3640625 0.73125 0.05 0.1765625
0 0.35625 0.6578125 0.021875 0.0265625
2 0.3390625 0.7234375 0.0546875 0.1734375
0 0.346875 0.65625 0.0171875 0.0265625
2 0.4109375 0.6734375 0.0265625 0.0734375
0 0.4125 0.64375 0.009375 0.009375
2 0.4359375 0.7453125 0.065625 0.16875
0 0.4421875 0.6734375 0.0171875 0.0203125
2 0.453125 0.6921875 0.0265625 0.0890625
0 0.4546875 0.6546875 0.009375 0.0125
2 0.4953125 0.6828125 0.028125 0.0796875
0 0.49375 0.6515625 0.0109375 0.0140625
2 0.4734375 0.6828125 0.025 0.0875
0 0.4734375 0.646875 0.009375 0.0125
2 0.490625 0.7375 0.0640625 0.1671875
0 0.4828125 0.665625 0.0171875 0.0203125
2 0.5125 0.721875 0.034375 0.1328125
0 0.5078125 0.6671875 0.0140625 0.01875
2 0.54375 0.7328125 0.0421875 0.1234375
0 0.54375 0.6828125 0.0140625 0.0171875
2 0.578125 0.74375 0.0546875 0.1125
0 0.5921875 0.7015625 0.0140625 0.0203125
2 0.59375 0.6921875 0.0453125 0.084375
0 0.5875 0.6578125 0.0125 0.015625
2 0.571875 0.690625 0.028125 0.0828125
0 0.56875 0.6578125 0.009375 0.0125
2 0.5578125 0.696875 0.0234375 0.0875
0 0.5578125 0.6609375 0.009375 0.0125
2 0.5359375 0.6953125 0.025 0.0828125
0 0.5359375 0.6625 0.009375 0.0125
2 0.6921875 0.7859375 0.084375 0.2375
0 0.6890625 0.6859375 0.0296875 0.0359375
2 0.80625 0.7734375 0.0859375 0.24375
0 0.796875 0.671875 0.0234375 0.03125
2 0.925 0.7171875 0.0546875 0.1609375
0 0.9296875 0.653125 0.0140625 0.0171875
2 0.9796875 0.696875 0.040625 0.11875
0 0.9765625 0.653125 0.0140625 0.015625
0 0.984375 0.671875 0.0265625 0.0296875