2 0.865625 0.6578125 0.109375 0.16875
0 0.8625 0.59375 0.03125 0.0375
0 0.9421875 0.4921875 0.0328125 0.040625
2 0.871875 0.578125 0.09375 0.2296875
0 0.86875 0.48125 0.028125 0.0328125
2 0.8484375 0.5734375 0.065625 0.1984375
0 0.8421875 0.49375 0.0296875 0.0359375
2 0.7921875 0.5234375 0.075 0.1265625
0 0.7828125 0.4734375 0.021875 0.021875
2 0.7953125 0.575 0.0796875 0.2296875
0 0.80625 0.4765625 0.025 0.03125
2 0.7390625 0.6125 0.078125 0.2140625
0 0.73125 0.525 0.028125 0.034375
2 0.7453125 0.5828125 0.0765625 0.228125
0 0.7390625 0.484375 0.0234375 0.028125
2 0.734375 0.5734375 0.071875 0.1921875
0 0.7265625 0.4921875 0.01875 0.0265625
2 0.6578125 0.60625 0.078125 0.1984375
0 0.6578125 0.5234375 0.025 0.034375
2 0.6859375 0.58125 0.0671875 0.21875
0 0.68125 0.490625 0.025 0.0296875
2 0.61875 0.584375 0.0546875 0.2203125
0 0.6171875 0.4890625 0.0265625 0.0265625
2 0.5953125 0.6359375 0.075 0.1546875
0 0.6046875 0.578125 0.0265625 0.0359375
2 0.559375 0.6484375 0.1 0.18125
0 0.553125 0.5765625 0.0265625 0.0359375
2 0.5265625 0.6125 0.071875 0.1875
0 0.525 0.5359375 0.025 0.034375
2 0.59375 0.5765625 0.103125 0.196875
0 0.5734375 0.4953125 0.0234375 0.0328125
2 0.55 0.5546875 0.065625 0.184375
0 0.55 0.478125 0.0203125 0.025
2 0.4796875 0.6171875 0.0625 0.23125
0 0.48125 0.521875 0.0265625 0.0375
2 0.44375 0.65 0.06875 0.1921875
0 0.45 0.578125 0.0328125 0.0375
2 0.3875 0.628125 0.078125 0.2484375
0 0.3890625 0.525 0.03125 0.040625
2 0.4640625 0.603125 0.08125 0.221875
0 0.4546875 0.509375 0.025 0.0296875
2 0.428125 0.578125 0.0625 0.2171875
0 0.434375 0.484375 0.025 0.0296875
2 0.396875 0.590625 0.065625 0.2421875
0 0.4 0.490625 0.0265625 0.03125
2 0.375 0.575 0.0609375 0.23125
0 0.371875 0.4734375 0.0265625 0.03125
2 0.346875 0.603125 0.06875 0.2671875
0 0.35 0.490625 0.028125 0.034375
2 0.31875 0.590625 0.0625 0.2421875
0 0.3234375 0.4890625 0.0265625 0.0359375
2 0.303125 0.5734375 0.0703125 0.225
0 0.3046875 0.4765625 0.021875 0.028125
2 0.2265625 0.5921875 0.1328125 0.303125
0 0.2375 0.46875 0.0375 0.04375
2 0.14375 0.571875 0.11875 0.2328125
0 0.171875 0.4734375 0.0265625 0.03125
2 0.14375 0.6140625 0.0609375 0.1828125
0 0.15 0.540625 0.0265625 0.03125
2 0.115625 0.584375 0.0875 0.2296875
0 0.125 0.4890625 0.0265625 0.034375
2 0.478125 0.5796875 0.053125 0.2
0 0.4765625 0.4953125 0.0234375 0.0296875
2 0.48125 0.5640625 0.0640625 0.2234375
0 0.4828125 0.465625 0.0234375 0.0265625
2 0.51875 0.578125 0.0609375 0.221875
0 0.5203125 0.4828125 0.0234375 0.03125
2 0.6609375 0.5734375 0.053125 0.2265625
0 0.6609375 0.4765625 0.01875 0.025
2 0.253125 0.5890625 0.0828125 0.246875
0 0.265625 0.484375 0.0265625 0.0359375
2 0.65 0.5828125 0.0578125 0.2125
0 0.6515625 0.4921875 0.01875 0.028125