2 0.2875 0.615625 0.1921875 0.5015625
0 0.325 0.4203125 0.0671875 0.09375
2 0.284375 0.5609375 0.303125 0.5015625
0 0.3734375 0.375 0.0578125 0.0765625
2 0.44375 0.5203125 0.1203125 0.38125
0 0.4546875 0.378125 0.0484375 0.0578125
2 0.465625 0.603125 0.190625 0.3171875
0 0.4703125 0.4890625 0.05625 0.0765625
2 0.559375 0.503125 0.1203125 0.4703125
0 0.5421875 0.3765625 0.0515625 0.0609375
2 0.696875 0.5328125 0.265625 0.434375
0 0.609375 0.3625 0.046875 0.06875
2 0.7453125 0.54375 0.215625 0.509375
0 0.7078125 0.3296875 0.0671875 0.0765625
2 0.6078125 0.665625 0.159375 0.275
0 0.5765625 0.5765625 0.053125 0.0703125