2 0.0234375 0.565625 0.046875 0.384375
0 0.0109375 0.4 0.0203125 0.0484375
2 0.14375 0.5734375 0.1109375 0.3859375
0 0.1390625 0.4125 0.0484375 0.0609375
2 0.2296875 0.5515625 0.1203125 0.3890625
0 0.2171875 0.390625 0.0484375 0.0609375
2 0.3484375 0.5484375 0.1375 0.4046875
0 0.359375 0.378125 0.0453125 0.0515625
2 0.44375 0.546875 0.1265625 0.3859375
0 0.4484375 0.3859375 0.0453125 0.0546875
2 0.5328125 0.546875 0.1125 0.4
0 0.540625 0.3765625 0.0453125 0.0546875
2 0.6359375 0.546875 0.1234375 0.440625
0 0.640625 0.3609375 0.046875 0.0625
2 0.7390625 0.53125 0.13125 0.4328125
0 0.7375 0.35 0.05 0.0609375
2 0.809375 0.634375 0.1921875 0.4484375
0 0.7515625 0.446875 0.05625 0.0671875
2 0.2328125 0.6734375 0.1859375 0.3328125
0 0.25625 0.54375 0.0578125 0.0703125
2 0.290625 0.7046875 0.1828125 0.2953125
0 0.3265625 0.5921875 0.053125 0.065625
2 0.4265625 0.7078125 0.159375 0.3359375
0 0.421875 0.5796875 0.0546875 0.0703125
2 0.540625 0.6796875 0.21875 0.278125
0 0.5484375 0.58125 0.0515625 0.071875
2 0.7203125 0.70625 0.2046875 0.3015625
0 0.6890625 0.6015625 0.0625 0.0875
2 0.6953125 0.65 0.1578125 0.2984375
0 0.66875 0.5359375 0.0453125 0.0640625