2 0.1390625 0.44375 0.05625 0.18125
0 0.1375 0.371875 0.028125 0.0328125
2 0.028125 0.3859375 0.05625 0.028125
0 0.0078125 0.3828125 0.009375 0.009375
2 0.0984375 0.459375 0.065625 0.175
0 0.1046875 0.3875 0.025 0.0296875
2 0.171875 0.4390625 0.046875 0.15
0 0.16875 0.3765625 0.0203125 0.0234375
2 0.1953125 0.4578125 0.059375 0.175
0 0.1984375 0.3859375 0.025 0.028125
2 0.2234375 0.4421875 0.0484375 0.146875
0 0.2234375 0.3828125 0.021875 0.025
2 0.2515625 0.4609375 0.05 0.1640625
0 0.2453125 0.3953125 0.021875 0.028125
2 0.146875 0.4859375 0.071875 0.178125
0 0.1484375 0.4125 0.025 0.028125
2 0.1921875 0.4828125 0.05625 0.1765625
0 0.190625 0.4109375 0.025 0.0296875
2 0.2328125 0.4953125 0.05625 0.18125
0 0.228125 0.425 0.025 0.0328125
2 0.2765625 0.5046875 0.0578125 0.184375
0 0.2765625 0.4296875 0.021875 0.028125
2 0.3203125 0.490625 0.05625 0.190625
0 0.3234375 0.409375 0.021875 0.0265625
2 0.378125 0.509375 0.1265625 0.19375
0 0.384375 0.434375 0.025 0.0296875
2 0.44375 0.4828125 0.053125 0.1828125
0 0.4453125 0.4078125 0.01875 0.025
2 0.484375 0.4890625 0.05 0.1890625
0 0.4875 0.4109375 0.0203125 0.028125
2 0.525 0.49375 0.0484375 0.184375
0 0.525 0.41875 0.0234375 0.028125
2 0.5734375 0.503125 0.084375 0.196875
0 0.5734375 0.421875 0.0234375 0.0265625
2 0.6375 0.4890625 0.05625 0.1875
0 0.6375 0.409375 0.021875 0.028125
2 0.6640625 0.4921875 0.053125 0.1828125
0 0.6640625 0.41875 0.0234375 0.0328125
2 0.7171875 0.5046875 0.065625 0.196875
0 0.7203125 0.4234375 0.0234375 0.028125
2 0.7625 0.51875 0.059375 0.196875
0 0.7640625 0.4390625 0.025 0.0328125
2 0.8140625 0.521875 0.0671875 0.2125
0 0.815625 0.4328125 0.0296875 0.03125
2 0.8734375 0.528125 0.075 0.225
0 0.865625 0.4328125 0.025 0.0328125
2 0.8984375 0.515625 0.075 0.203125
0 0.8890625 0.43125 0.025 0.0296875
2 0.9 0.5875 0.096875 0.1640625
0 0.9078125 0.525 0.0328125 0.0390625
2 0.8171875 0.578125 0.0765625 0.1625
0 0.8203125 0.5203125 0.0328125 0.0375
2 0.7484375 0.575 0.0796875 0.1734375
0 0.746875 0.5125 0.034375 0.040625
2 0.715625 0.5640625 0.071875 0.153125
0 0.715625 0.5109375 0.0296875 0.0375
2 0.653125 0.55 0.0828125 0.159375
0 0.6546875 0.490625 0.028125 0.0390625
2 0.5984375 0.5484375 0.0671875 0.146875
0 0.5984375 0.5 0.0234375 0.0359375
2 0.54375 0.5578125 0.065625 0.15
0 0.540625 0.503125 0.028125 0.0359375
2 0.4796875 0.5421875 0.0671875 0.153125
0 0.4828125 0.490625 0.0203125 0.034375
2 0.41875 0.5484375 0.0796875 0.14375
0 0.421875 0.4984375 0.0265625 0.0375
2 0.3453125 0.5484375 0.0796875 0.1734375
0 0.3453125 0.4828125 0.028125 0.0375
2 0.240625 0.53125 0.06875 0.146875
0 0.2421875 0.4765625 0.028125 0.0328125
2 0.2703125 0.553125 0.075 0.16875
0 0.265625 0.490625 0.0296875 0.0390625
2 0.1921875 0.5328125 0.0640625 0.1484375
0 0.1953125 0.478125 0.0296875 0.0328125
2 0.075 0.540625 0.1 0.2015625
0 0.0875 0.465625 0.034375 0.04375
2 0.1390625 0.5546875 0.08125 0.178125
0 0.1390625 0.4890625 0.0328125 0.0390625
2 0.1609375 0.5765625 0.115625 0.1546875
0 0.175 0.5203125 0.0296875 0.040625
2 0.221875 0.453125 0.053125 0.16875
0 0.2234375 0.38125 0.0203125 0.025
2 0.259375 0.446875 0.046875 0.15625
0 0.2625 0.3828125 0.0171875 0.0234375
2 0.2765625 0.4578125 0.0421875 0.15
0 0.278125 0.396875 0.021875 0.025
2 0.3046875 0.45 0.0453125 0.1484375
0 0.3046875 0.3921875 0.021875 0.0265625
2 0.3265625 0.4421875 0.040625 0.1328125
0 0.3296875 0.3875 0.0203125 0.0203125
2 0.3484375 0.4515625 0.04375 0.1453125
0 0.346875 0.390625 0.021875 0.025
2 0.371875 0.44375 0.0421875 0.1375
0 0.375 0.3890625 0.01875 0.021875
2 0.3921875 0.446875 0.0390625 0.134375
0 0.390625 0.3953125 0.0203125 0.028125
2 0.4046875 0.4703125 0.0453125 0.159375
0 0.403125 0.4078125 0.021875 0.0296875
2 0.4125 0.4515625 0.0390625 0.1453125
0 0.4140625 0.390625 0.01875 0.0234375
2 0.434375 0.45625 0.0484375 0.153125
0 0.4359375 0.39375 0.01875 0.0203125
2 0.459375 0.4625 0.05 0.1578125
0 0.459375 0.3984375 0.01875 0.028125
2 0.4859375 0.4515625 0.05 0.1609375
0 0.4859375 0.3859375 0.01875 0.025
2 0.5125 0.4625 0.04375 0.1453125
0 0.5125 0.4046875 0.0203125 0.025
2 0.525 0.44375 0.0390625 0.1453125
0 0.5296875 0.3875 0.0171875 0.0234375
2 0.546875 0.4625 0.04375 0.1484375
0 0.5484375 0.4046875 0.0203125 0.0265625
2 0.58125 0.4515625 0.040625 0.1421875
0 0.584375 0.3953125 0.01875 0.021875
2 0.59375 0.478125 0.0453125 0.16875
0 0.596875 0.4078125 0.021875 0.025
2 0.628125 0.4609375 0.05 0.1671875
0 0.628125 0.3921875 0.0171875 0.0203125
2 0.6796875 0.465625 0.04375 0.1625
0 0.6796875 0.3984375 0.0171875 0.021875
2 0.7 0.484375 0.0484375 0.1796875
0 0.6984375 0.4109375 0.025 0.0265625
2 0.73125 0.4734375 0.046875 0.15625
0 0.73125 0.409375 0.01875 0.025
2 0.753125 0.4921875 0.053125 0.1703125
0 0.75 0.421875 0.0265625 0.028125
2 0.78125 0.490625 0.0546875 0.18125
0 0.78125 0.4171875 0.025 0.0265625
2 0.821875 0.4765625 0.04375 0.165625
0 0.8234375 0.409375 0.021875 0.0265625
2 0.8390625 0.4921875 0.05 0.159375
0 0.8421875 0.428125 0.0234375 0.028125
2 0.9859375 0.3515625 0.0125 0.0234375
0 0.9859375 0.3453125 0.003125 0.003125