2 0.7578125 0.5703125 0.0859375 0.2828125
0 0.7515625 0.45 0.0328125 0.0375
2 0.7109375 0.6734375 0.0875 0.18125
0 0.70625 0.6046875 0.0296875 0.0359375
2 0.5890625 0.6734375 0.0921875 0.1890625
0 0.58125 0.6015625 0.0328125 0.0421875
2 0.4640625 0.6671875 0.090625 0.1984375
0 0.4625 0.59375 0.0328125 0.04375
2 0.6984375 0.584375 0.071875 0.2453125
0 0.6953125 0.48125 0.0296875 0.0375
2 0.684375 0.5828125 0.053125 0.2265625
0 0.6734375 0.4859375 0.025 0.0296875
2 0.65 0.5890625 0.059375 0.2328125
0 0.65 0.4921875 0.0296875 0.0359375
2 0.6015625 0.6 0.0859375 0.2875
0 0.603125 0.478125 0.0328125 0.040625
2 0.575 0.5875 0.059375 0.2625
0 0.5734375 0.4734375 0.0265625 0.03125
2 0.553125 0.5875 0.05625 0.2515625
0 0.5484375 0.4796875 0.0296875 0.034375
2 0.5078125 0.5828125 0.0828125 0.26875
0 0.5015625 0.4703125 0.03125 0.0375
2 0.5265625 0.578125 0.0515625 0.2390625
0 0.5171875 0.475 0.0234375 0.0328125
2 0.475 0.5890625 0.0546875 0.2625
0 0.465625 0.4765625 0.0265625 0.03125
2 0.44375 0.578125 0.090625 0.265625
0 0.44375 0.46875 0.0296875 0.0375
2 0.40625 0.5859375 0.05 0.2625
0 0.4046875 0.471875 0.025 0.0328125
2 0.3859375 0.5953125 0.06875 0.240625
0 0.3875 0.4921875 0.028125 0.034375
2 0.35625 0.590625 0.0671875 0.2578125
0 0.35625 0.478125 0.028125 0.034375
2 0.3296875 0.584375 0.06875 0.2515625
0 0.328125 0.4765625 0.0265625 0.034375
2 0.2953125 0.603125 0.065625 0.2390625
0 0.2984375 0.503125 0.0296875 0.0359375
2 0.26875 0.5734375 0.0765625 0.3
0 0.2765625 0.446875 0.0328125 0.0390625
2 0.2375 0.5953125 0.078125 0.25
0 0.240625 0.490625 0.0328125 0.034375
2 0.1953125 0.70625 0.1296875 0.2171875
0 0.1984375 0.621875 0.0375 0.046875