2 0.7515625 0.6171875 0.059375 0.165625
0 0.75 0.546875 0.0203125 0.021875
2 0.415625 0.6453125 0.0828125 0.2015625
0 0.4140625 0.5609375 0.025 0.0296875
2 0.315625 0.6109375 0.05 0.125
0 0.3203125 0.5578125 0.015625 0.0171875
2 0.353125 0.596875 0.040625 0.1078125
0 0.35625 0.55 0.0125 0.0125
2 0.3875 0.603125 0.0390625 0.0953125
0 0.3875 0.56875 0.0109375 0.0125
2 0.234375 0.6046875 0.034375 0.0984375
0 0.23125 0.5640625 0.0109375 0.0140625
2 0.2703125 0.6 0.0453125 0.1
0 0.265625 0.5578125 0.0109375 0.0125
2 0.18125 0.596875 0.0296875 0.071875
0 0.1796875 0.56875 0.009375 0.0125
2 0.20625 0.590625 0.0234375 0.071875
0 0.20625 0.5609375 0.0078125 0.0078125
2 0.0578125 0.678125 0.084375 0.2640625
0 0.0671875 0.56875 0.034375 0.0328125
2 0.0765625 0.671875 0.084375 0.225
0 0.0921875 0.5796875 0.0265625 0.028125
2 0.328125 0.5953125 0.025 0.0765625
0 0.33125 0.565625 0.0078125 0.009375
2 0.36875 0.596875 0.0234375 0.0796875
0 0.36875 0.5640625 0.009375 0.009375
2 0.1984375 0.6140625 0.0328125 0.0359375
0 0.20625 0.603125 0.009375 0.009375