2 0.8171875 0.6890625 0.0890625 0.171875
0 0.8140625 0.621875 0.025 0.025
2 0.853125 0.6578125 0.0515625 0.1546875
0 0.853125 0.5953125 0.021875 0.0203125
2 0.6875 0.671875 0.059375 0.15
0 0.6953125 0.6125 0.0203125 0.0234375
2 0.7359375 0.65 0.0578125 0.1296875
0 0.7203125 0.5953125 0.0171875 0.01875
2 0.7671875 0.6390625 0.0484375 0.1078125
0 0.7578125 0.5953125 0.0171875 0.015625
2 0.6171875 0.6703125 0.0640625 0.18125
0 0.6140625 0.5953125 0.021875 0.025
2 0.4265625 0.6859375 0.0875 0.2078125
0 0.4484375 0.5984375 0.0296875 0.03125
2 0.2640625 0.6484375 0.0625 0.1515625
0 0.2796875 0.584375 0.0171875 0.0203125
2 0.2234375 0.6265625 0.0515625 0.140625
0 0.2359375 0.565625 0.0171875 0.0171875
2 0.1578125 0.61875 0.0515625 0.115625
0 0.171875 0.571875 0.015625 0.0171875
2 0.1265625 0.60625 0.0484375 0.109375
0 0.1390625 0.5609375 0.0140625 0.015625
2 0.1171875 0.596875 0.0359375 0.0875
0 0.1234375 0.5625 0.0125 0.0140625
2 0.0265625 0.5984375 0.05 0.0625
0 0.0359375 0.578125 0.015625 0.015625
2 0.3171875 0.621875 0.040625 0.1375
0 0.321875 0.5625 0.0171875 0.0171875
2 0.3453125 0.621875 0.03125 0.1
0 0.3515625 0.58125 0.015625 0.0140625
2 0.375 0.6078125 0.0265625 0.071875
0 0.378125 0.5796875 0.009375 0.009375
2 0.4046875 0.621875 0.021875 0.0625
0 0.4078125 0.596875 0.009375 0.009375
2 0.4171875 0.621875 0.028125 0.0984375
0 0.4203125 0.58125 0.0125 0.0140625
2 0.4796875 0.609375 0.0359375 0.075
0 0.48125 0.578125 0.009375 0.0109375
2 0.50625 0.6234375 0.0390625 0.0828125
0 0.5078125 0.590625 0.0109375 0.0140625
2 0.5421875 0.6359375 0.03125 0.1015625
0 0.5375 0.59375 0.015625 0.015625
2 0.565625 0.6265625 0.040625 0.10625
0 0.5703125 0.5828125 0.0140625 0.015625
2 0.578125 0.625 0.03125 0.1015625
0 0.5796875 0.5859375 0.0140625 0.0140625
0 0.98984375 0.615625 0.0203125 0.01875
2 0.959375 0.653125 0.0453125 0.0984375
0 0.95 0.6140625 0.015625 0.0171875
2 0.9328125 0.6296875 0.03125 0.0796875
0 0.934375 0.596875 0.0171875 0.0140625
2 0.89375 0.6140625 0.021875 0.0515625
0 0.8984375 0.59375 0.009375 0.009375
2 0.834375 0.6109375 0.0234375 0.0671875
0 0.8328125 0.584375 0.0109375 0.0109375
2 0.8640625 0.64375 0.0515625 0.11875
0 0.8703125 0.5984375 0.0140625 0.015625
2 0.778125 0.6234375 0.0265625 0.071875
0 0.7765625 0.5984375 0.0125 0.0125
2 0.7328125 0.6421875 0.0421875 0.1203125
0 0.728125 0.5921875 0.015625 0.0171875
2 0.0046875 0.56875 0.009375 0.034375
0 0.0046875 0.56875 0.009375 0.034375
2 0.0140625 0.5703125 0.015625 0.0328125
0 0.0140625 0.5578125 0.00625 0.0046875
2 0.040625 0.56875 0.0140625 0.03125
0 0.0390625 0.5578125 0.0046875 0.00625
2 0.0609375 0.5859375 0.028125 0.0671875
0 0.0671875 0.5578125 0.009375 0.009375
2 0.0984375 0.58125 0.025 0.0640625
0 0.096875 0.5546875 0.0078125 0.00625
2 0.0796875 0.5796875 0.01875 0.0421875
0 0.078125 0.5640625 0.009375 0.0078125
2 0.1796875 0.59375 0.021875 0.0703125
0 0.1859375 0.5671875 0.009375 0.0125
2 0.20625 0.5984375 0.0296875 0.0828125
0 0.2078125 0.565625 0.009375 0.0109375
2 0.2671875 0.5875 0.0203125 0.0578125
0 0.26875 0.565625 0.0078125 0.0078125
2 0.390625 0.6015625 0.0203125 0.065625
0 0.3890625 0.575 0.009375 0.009375
2 0.65 0.6078125 0.021875 0.05625
0 0.6484375 0.5859375 0.00625 0.009375
2 0.640625 0.6046875 0.0171875 0.0484375
0 0.640625 0.5859375 0.00625 0.00625
2 0.621875 0.6015625 0.03125 0.05625
0 0.61875 0.58125 0.009375 0.009375
2 0.471875 0.6109375 0.0203125 0.06875
0 0.475 0.5828125 0.009375 0.009375
2 0.49375 0.60625 0.0203125 0.0671875
0 0.4953125 0.578125 0.00625 0.00625
2 0.5234375 0.6109375 0.021875 0.078125
0 0.528125 0.5796875 0.009375 0.0109375
2 0.875 0.625 0.03125 0.0703125
0 0.871875 0.5984375 0.0109375 0.0125
2 0.60625 0.6203125 0.028125 0.078125
0 0.6125 0.5890625 0.0109375 0.009375
2 0.5484375 0.6046875 0.021875 0.0625
0 0.546875 0.5828125 0.0078125 0.009375
2 0.025 0.565625 0.0109375 0.0296875
0 0.025 0.565625 0.0109375 0.0296875