0 0.0171875 0.6515625 0.0171875 0.0203125
0 0.053125 0.65 0.0171875 0.0203125
0 0.1171875 0.6484375 0.025 0.028125
0 0.125 0.64375 0.0140625 0.01875
2 0.1453125 0.63125 0.0203125 0.0546875
0 0.1453125 0.6078125 0.00625 0.0078125
0 0.365625 0.6734375 0.0125 0.0171875
0 0.3953125 0.68125 0.0140625 0.015625
0 0.4140625 0.6546875 0.0109375 0.015625
2 0.409375 0.6421875 0.0109375 0.0359375
0 0.4078125 0.628125 0.0046875 0.00625
2 0.4203125 0.64375 0.0140625 0.0359375
0 0.4203125 0.6296875 0.0046875 0.0046875
2 0.609375 0.640625 0.021875 0.0625
0 0.6078125 0.615625 0.0078125 0.009375
2 0.6890625 0.6453125 0.025 0.0515625
0 0.684375 0.621875 0.00625 0.00625
2 0.7984375 0.6703125 0.0265625 0.040625
0 0.7984375 0.6546875 0.0078125 0.00625
2 0.803125 0.66875 0.034375 0.0375
0 0.79375 0.65625 0.00625 0.0078125
2 0.946875 0.6640625 0.0140625 0.040625
0 0.9453125 0.646875 0.0046875 0.0046875
2 0.96875 0.6671875 0.0140625 0.040625
0 0.965625 0.65 0.0046875 0.0046875
2 0.990625 0.653125 0.0125 0.025
0 0.99375 0.64375 0.003125 0.0046875