2 0.3140625 0.5046875 0.040625 0.0921875
0 0.315625 0.46875 0.0125 0.0140625
2 0.371875 0.5 0.0328125 0.0796875
0 0.3703125 0.46875 0.0109375 0.0125
2 0.1078125 0.5171875 0.0375 0.128125
0 0.1125 0.465625 0.015625 0.01875
2 0.1390625 0.5234375 0.075 0.178125
0 0.1421875 0.446875 0.021875 0.0234375
2 0.190625 0.515625 0.046875 0.1140625
0 0.1890625 0.4671875 0.0125 0.0140625
2 0.2421875 0.5171875 0.04375 0.1203125
0 0.234375 0.46875 0.0171875 0.01875
2 0.265625 0.509375 0.0375 0.0921875
0 0.2625 0.471875 0.0125 0.0125
2 0.3625 0.4984375 0.0140625 0.05625
0 0.3625 0.4765625 0.0078125 0.0078125
2 0.3515625 0.4984375 0.0171875 0.0546875
0 0.35 0.475 0.0078125 0.0078125
2 0.3390625 0.4984375 0.015625 0.05
0 0.340625 0.478125 0.00625 0.00625
2 0.9296875 0.471875 0.0125 0.040625
0 0.928125 0.4546875 0.00625 0.00625
2 0.94375 0.4765625 0.025 0.046875
0 0.946875 0.459375 0.0078125 0.00625
2 0.953125 0.4734375 0.015625 0.046875
0 0.9515625 0.45625 0.00625 0.00625
2 0.4984375 0.590625 0.246875 0.4765625
0 0.49375 0.39375 0.0546875 0.05