2 0.234375 0.5578125 0.15625 0.4640625
0 0.2375 0.3671875 0.046875 0.06875
2 0.3234375 0.5296875 0.146875 0.4296875
0 0.3359375 0.3484375 0.0453125 0.0609375
2 0.4390625 0.5609375 0.165625 0.4671875
0 0.44375 0.3609375 0.0578125 0.0671875
2 0.553125 0.521875 0.134375 0.434375
0 0.5484375 0.3375 0.046875 0.0546875
2 0.63125 0.5421875 0.1546875 0.4671875
0 0.625 0.3484375 0.05625 0.0734375
2 0.678125 0.4640625 0.1515625 0.4
0 0.6703125 0.303125 0.0390625 0.059375
2 0.5 0.484375 0.0984375 0.3671875
0 0.5015625 0.340625 0.0375 0.0453125
2 0.3578125 0.4359375 0.11875 0.353125
0 0.3453125 0.2875 0.0421875 0.0515625
2 0.3546875 0.3625 0.103125 0.29375
0 0.359375 0.2421875 0.034375 0.0421875
2 0.4515625 0.3828125 0.115625 0.321875
0 0.4578125 0.2515625 0.0328125 0.05
2 0.6171875 0.415625 0.1203125 0.3609375
0 0.6140625 0.2625 0.0359375 0.0484375
2 0.684375 0.384375 0.109375 0.371875
0 0.6828125 0.2234375 0.0359375 0.0453125
2 0.5484375 0.353125 0.0953125 0.3109375
0 0.5484375 0.225 0.0296875 0.04375
2 0.5203125 0.3453125 0.0828125 0.2515625
0 0.5203125 0.24375 0.0265625 0.034375