2 0.103125 0.6046875 0.025 0.0203125
0 0.0984375 0.6015625 0.0046875 0.00625
2 0.1453125 0.5765625 0.0171875 0.034375
0 0.14375 0.56875 0.00625 0.00625
2 0.14375 0.609375 0.021875 0.0484375
0 0.1453125 0.5921875 0.0078125 0.0078125
2 0.159375 0.6078125 0.01875 0.04375
0 0.1609375 0.5921875 0.0078125 0.0078125
2 0.1734375 0.6234375 0.0265625 0.05625
0 0.171875 0.6015625 0.0078125 0.009375
2 0.1953125 0.61875 0.021875 0.0609375
0 0.1953125 0.5984375 0.0078125 0.009375
2 0.2046875 0.63125 0.0265625 0.0671875
0 0.203125 0.6046875 0.0078125 0.009375
2 0.2171875 0.6171875 0.0125 0.0296875
0 0.221875 0.60625 0.0078125 0.0078125
2 0.228125 0.6359375 0.0234375 0.0609375
0 0.2265625 0.6125 0.009375 0.009375
2 0.303125 0.6 0.0171875 0.0375
0 0.303125 0.5875 0.00625 0.00625
2 0.30625 0.6140625 0.0203125 0.0484375
0 0.30625 0.5953125 0.00625 0.00625
2 0.328125 0.6046875 0.0140625 0.03125
0 0.3296875 0.5984375 0.0046875 0.0046875
2 0.3390625 0.6046875 0.015625 0.034375
0 0.340625 0.5921875 0.0046875 0.0046875
2 0.3796875 0.6546875 0.0203125 0.028125
0 0.3796875 0.646875 0.0078125 0.0078125
2 0.39375 0.6546875 0.0265625 0.028125
0 0.390625 0.6453125 0.0046875 0.0046875
2 0.359375 0.703125 0.0453125 0.1125
0 0.359375 0.6578125 0.015625 0.015625
2 0.384375 0.7484375 0.05 0.134375
0 0.38125 0.6953125 0.01875 0.01875
2 0.41875 0.7484375 0.046875 0.1328125
0 0.4140625 0.6953125 0.01875 0.0203125
2 0.453125 0.721875 0.059375 0.1421875
0 0.446875 0.6609375 0.015625 0.0171875