2 0.1484375 0.3765625 0.1140625 0.2625
0 0.165625 0.2703125 0.0390625 0.0453125
2 0.24375 0.384375 0.090625 0.246875
0 0.2359375 0.2875 0.03125 0.0453125
2 0.309375 0.33125 0.1203125 0.2578125
0 0.3015625 0.24375 0.034375 0.0484375
2 0.2875 0.4828125 0.11875 0.321875
0 0.2875 0.3625 0.046875 0.0546875
2 0.45625 0.4890625 0.1375 0.3375
0 0.459375 0.365625 0.046875 0.0484375
2 0.51875 0.46875 0.10625 0.28125
0 0.5125 0.359375 0.0390625 0.053125
2 0.5328125 0.3703125 0.11875 0.353125
0 0.5171875 0.2265625 0.0453125 0.053125
2 0.5765625 0.4671875 0.1 0.153125
0 0.56875 0.4265625 0.034375 0.0390625
2 0.775 0.3765625 0.08125 0.2234375
0 0.775 0.2890625 0.03125 0.0390625