2 0.840625 0.5203125 0.0984375 0.3390625
0 0.8328125 0.375 0.0421875 0.0484375
2 0.7875 0.5265625 0.10625 0.3421875
0 0.7859375 0.378125 0.034375 0.04375
2 0.715625 0.521875 0.090625 0.31875
0 0.7078125 0.3859375 0.0390625 0.04375
2 0.6703125 0.54375 0.10625 0.309375
0 0.6609375 0.415625 0.0390625 0.0453125
2 0.578125 0.54375 0.1078125 0.33125
0 0.575 0.40625 0.0421875 0.0515625
2 0.521875 0.53125 0.0890625 0.3203125
0 0.5125 0.39375 0.034375 0.04375
2 0.4765625 0.553125 0.096875 0.3375
0 0.471875 0.4109375 0.0375 0.046875
2 0.4 0.5625 0.0984375 0.334375
0 0.396875 0.421875 0.0390625 0.0484375
2 0.309375 0.559375 0.1125 0.3578125
0 0.3046875 0.40625 0.040625 0.046875
2 0.25 0.5625 0.1328125 0.3984375
0 0.2421875 0.3953125 0.046875 0.0625