0 0.028125 0.5375 0.040625 0.0484375
2 0.1453125 0.6234375 0.059375 0.165625
0 0.153125 0.5546875 0.021875 0.0265625
0 0.1859375 0.5640625 0.0453125 0.046875
2 0.2890625 0.646875 0.075 0.253125
0 0.2921875 0.540625 0.0296875 0.0359375
2 0.346875 0.678125 0.1109375 0.303125
0 0.346875 0.553125 0.0375 0.040625
2 0.3828125 0.64375 0.0703125 0.215625
0 0.3765625 0.55625 0.0234375 0.034375
2 0.484375 0.65 0.09375 0.26875
0 0.4921875 0.53125 0.0296875 0.034375
0 0.48125 0.55625 0.0328125 0.0375
2 0.621875 0.65 0.1046875 0.271875
0 0.60625 0.5359375 0.0296875 0.0328125
2 0.6390625 0.6890625 0.121875 0.2859375
0 0.6390625 0.571875 0.034375 0.040625
2 0.7484375 0.6515625 0.09375 0.2625
0 0.7359375 0.5390625 0.0296875 0.03125
0 0.9375 0.55625 0.04375 0.05
0 0.959375 0.540625 0.034375 0.0375
2 0.209375 0.6203125 0.053125 0.146875
0 0.209375 0.5625 0.01875 0.025
2 0.2703125 0.628125 0.0703125 0.190625
0 0.28125 0.55 0.0296875 0.025