2 0.1921875 0.7765625 0.021875 0.0453125
0 0.1875 0.7578125 0.00625 0.0078125
2 0.178125 0.7796875 0.0171875 0.040625
0 0.1765625 0.7625 0.0046875 0.0046875
2 0.1375 0.7765625 0.01875 0.05
0 0.1359375 0.7578125 0.00625 0.0078125
2 0.328125 0.7703125 0.0125 0.046875
0 0.3296875 0.753125 0.00625 0.00625
2 0.3375 0.7734375 0.0125 0.0390625
0 0.3390625 0.75625 0.0046875 0.00625
2 0.2578125 0.775 0.01875 0.04375
0 0.2609375 0.75625 0.0046875 0.00625
2 0.265625 0.778125 0.0203125 0.0375
0 0.26875 0.759375 0.0046875 0.0046875
2 0.2125 0.7734375 0.0171875 0.04375
0 0.21875 0.75625 0.0046875 0.00625
2 0.21875 0.775 0.0171875 0.04375
0 0.2203125 0.7578125 0.00625 0.00625
2 0.2296875 0.775 0.0140625 0.0375
0 0.2296875 0.759375 0.0046875 0.00625
2 0.8015625 0.7703125 0.05 0.08125
0 0.796875 0.7390625 0.009375 0.0109375
2 0.625 0.446875 0.071875 0.1953125
0 0.625 0.446875 0.071875 0.1953125
2 0.6875 0.575 0.01875 0.084375
0 0.6875 0.575 0.01875 0.084375
2 0.7015625 0.5734375 0.021875 0.084375
0 0.7015625 0.5734375 0.021875 0.084375