0 0.859375 0.484375 0.225 0.240625
0 0.2734375 0.2953125 0.1703125 0.2046875
0 0.2765625 0.2953125 0.165625 0.2046875
2 0.384375 0.459375 0.2921875 0.5640625
0 0.371875 0.375 0.1046875 0.153125
0 0.371875 0.375 0.10625 0.153125
2 0.515625 0.4859375 0.209375 0.559375
0 0.4890625 0.290625 0.1046875 0.1421875
2 0.625 0.4546875 0.38125 0.553125
0 0.6671875 0.2640625 0.121875 0.171875
0 0.80625 0.30625 0.2140625 0.2
2 0.59375 0.534375 0.225 0.390625
0 0.5734375 0.4359375 0.0890625 0.1046875
0 0.678125 0.5046875 0.10625 0.134375