2 0.134375 0.43125 0.015625 0.05625
0 0.1359375 0.40625 0.0046875 0.00625
2 0.1625 0.44375 0.0546875 0.1
0 0.1640625 0.403125 0.0140625 0.0140625
2 0.3625 0.453125 0.0390625 0.090625
0 0.3609375 0.4140625 0.0109375 0.0125
2 0.375 0.45 0.0328125 0.0921875
0 0.3703125 0.4109375 0.0125 0.0140625
2 0.525 0.4359375 0.0171875 0.0546875
0 0.525 0.415625 0.00625 0.00625
2 0.534375 0.4515625 0.0515625 0.1078125
0 0.5453125 0.40625 0.0140625 0.0171875
2 0.571875 0.4390625 0.0265625 0.05
0 0.5671875 0.4203125 0.00625 0.0078125
2 0.5953125 0.45625 0.0453125 0.103125
0 0.60625 0.4140625 0.0171875 0.015625
2 0.6453125 0.4546875 0.0390625 0.09375
0 0.6390625 0.41875 0.0109375 0.015625
2 0.7125 0.4640625 0.040625 0.1015625
0 0.7109375 0.4234375 0.0140625 0.0171875
2 0.7625 0.4453125 0.0234375 0.0546875
0 0.7640625 0.4234375 0.00625 0.0078125
2 0.7765625 0.440625 0.0171875 0.05
0 0.778125 0.41875 0.00625 0.00625
2 0.80625 0.4484375 0.025 0.059375
0 0.803125 0.4265625 0.00625 0.00625