0 0.1625 0.4796875 0.1453125 0.165625
2 0.2921875 0.5984375 0.059375 0.2078125
0 0.284375 0.515625 0.028125 0.0296875
2 0.35 0.5859375 0.0390625 0.1109375
0 0.3515625 0.5390625 0.009375 0.0109375
2 0.3828125 0.621875 0.1203125 0.1984375
0 0.390625 0.5453125 0.03125 0.034375
2 0.496875 0.640625 0.1421875 0.1921875
0 0.4703125 0.565625 0.034375 0.0390625
2 0.496875 0.5875 0.0484375 0.1359375
0 0.4921875 0.5328125 0.0140625 0.0171875
2 0.5984375 0.64375 0.14375 0.2234375
0 0.5765625 0.55625 0.0328125 0.040625
2 0.6296875 0.6546875 0.18125 0.2828125
0 0.64375 0.5421875 0.046875 0.053125
2 0.6890625 0.6625 0.1375 0.2734375
0 0.6796875 0.5640625 0.0484375 0.065625
2 0.75625 0.5859375 0.03125 0.071875
0 0.759375 0.5578125 0.009375 0.0109375
2 0.775 0.58125 0.025 0.065625
0 0.771875 0.5546875 0.0078125 0.0109375
2 0.8140625 0.64375 0.1203125 0.2171875
0 0.815625 0.5625 0.034375 0.04375
2 0.878125 0.5890625 0.0484375 0.1140625
0 0.875 0.54375 0.0171875 0.0171875
2 0.9171875 0.5859375 0.0265625 0.0609375
0 0.915625 0.559375 0.0078125 0.00625
2 0.93125 0.5859375 0.01875 0.0484375
0 0.93125 0.5671875 0.0078125 0.009375
2 0.9515625 0.5828125 0.025 0.06875
0 0.9546875 0.553125 0.0078125 0.0078125
2 0.965625 0.584375 0.0375 0.109375
0 0.959375 0.5390625 0.01875 0.01875
2 0.7953125 0.584375 0.01875 0.0546875
0 0.796875 0.5609375 0.009375 0.009375
2 0.9046875 0.5828125 0.015625 0.0484375
0 0.9046875 0.565625 0.0046875 0.00625
2 0.028125 0.609375 0.0484375 0.1375
0 0.028125 0.553125 0.0140625 0.01875
2 0.575 0.5796875 0.053125 0.13125
0 0.578125 0.525 0.0140625 0.0171875