2 0.3515625 0.46875 0.0375 0.1
0 0.35 0.4296875 0.0140625 0.0171875
2 0.4671875 0.4875 0.034375 0.0796875
0 0.4671875 0.4578125 0.0125 0.015625
2 0.5140625 0.4859375 0.034375 0.0796875
0 0.5140625 0.45625 0.0140625 0.015625
2 0.56875 0.4875 0.0421875 0.071875
0 0.575 0.4609375 0.0140625 0.015625
0 0.315625 0.509375 0.04375 0.046875
0 0.4421875 0.525 0.0421875 0.0484375
0 0.5546875 0.51875 0.0359375 0.040625
0 0.6984375 0.5078125 0.040625 0.0453125
0 0.7828125 0.5390625 0.040625 0.0359375
2 0.171875 0.5484375 0.0796875 0.134375
0 0.1765625 0.496875 0.0265625 0.028125
2 0.2640625 0.528125 0.0546875 0.10625
0 0.2640625 0.484375 0.0171875 0.01875
2 0.34375 0.5296875 0.05625 0.1015625
0 0.3421875 0.490625 0.0203125 0.0203125
2 0.3859375 0.5375 0.08125 0.11875
0 0.3765625 0.4921875 0.0203125 0.025
0 0.878125 0.5015625 0.028125 0.0296875
2 0.7765625 0.546875 0.0828125 0.1359375
0 0.7703125 0.49375 0.0265625 0.025
0 0.059375 0.553125 0.078125 0.075
0 0.0765625 0.5296875 0.0390625 0.046875
2 0.0546875 0.5453125 0.0796875 0.1234375
0 0.05 0.5 0.028125 0.0296875
2 0.0265625 0.53359375 0.053125 0.1046875
0 0.009375 0.4984375 0.01875 0.028125
2 0.4734375 0.5453125 0.0671875 0.1265625
0 0.4703125 0.5 0.0234375 0.0265625
2 0.5640625 0.5484375 0.090625 0.1421875
0 0.5734375 0.4953125 0.028125 0.03125
2 0.6375 0.5453125 0.0734375 0.125
0 0.653125 0.5015625 0.0328125 0.028125
2 0.63125 0.53125 0.0609375 0.1
0 0.64375 0.4953125 0.0234375 0.025
2 0.8015625 0.5296875 0.0546875 0.1125
0 0.7953125 0.484375 0.021875 0.021875
2 0.928125 0.525 0.0671875 0.1078125
0 0.9453125 0.4859375 0.028125 0.0296875
2 0.8921875 0.525 0.0578125 0.1046875
0 0.90625 0.4859375 0.025 0.0203125
2 0.853125 0.509375 0.071875 0.08125
0 0.871875 0.4796875 0.0203125 0.0203125
2 0.740625 0.53125 0.084375 0.103125
0 0.7265625 0.496875 0.0265625 0.028125