2 0.4171875 0.4453125 0.015625 0.0390625
0 0.41875 0.4328125 0.00625 0.00625
2 0.3703125 0.4375 0.0265625 0.0625
0 0.3703125 0.4125 0.009375 0.009375
2 0.2625 0.48125 0.05 0.140625
0 0.2515625 0.425 0.0234375 0.0203125
2 0.2 0.5109375 0.0796875 0.20625
0 0.190625 0.4265625 0.0265625 0.028125
2 0.3328125 0.596875 0.0234375 0.0515625
0 0.33125 0.578125 0.009375 0.009375
2 0.453125 0.590625 0.0375 0.0265625
0 0.45 0.5828125 0.0078125 0.0078125
2 0.459375 0.584375 0.01875 0.0484375
0 0.4625 0.565625 0.0078125 0.009375
2 0.3953125 0.6875 0.015625 0.040625
0 0.39375 0.6703125 0.0046875 0.00625
2 0.409375 0.68125 0.0140625 0.0375
0 0.4078125 0.6671875 0.0046875 0.00625
2 0.4703125 0.7140625 0.0203125 0.03125
0 0.471875 0.7046875 0.0046875 0.0046875
2 0.4015625 0.7578125 0.01875 0.0453125
0 0.403125 0.740625 0.0078125 0.0078125
2 0.4140625 0.8 0.0234375 0.0484375
0 0.4125 0.78125 0.00625 0.009375
0 0.39375 0.8203125 0.009375 0.009375
2 0.478125 0.7875 0.0171875 0.0515625
0 0.478125 0.765625 0.0078125 0.009375
0 0.4890625 0.8015625 0.0078125 0.009375
2 0.5234375 0.809375 0.0203125 0.0375
0 0.5265625 0.796875 0.009375 0.009375
2 0.471875 0.7390625 0.01875 0.034375
0 0.475 0.7265625 0.0046875 0.00625