2 0.046875 0.69375 0.09375 0.275
0 0.0296875 0.58125 0.0375 0.04375
2 0.109375 0.6890625 0.1234375 0.2515625
0 0.125 0.5890625 0.034375 0.040625
2 0.171875 0.6703125 0.0796875 0.225
0 0.165625 0.578125 0.0234375 0.0328125
2 0.20625 0.678125 0.1328125 0.2953125
0 0.20625 0.55625 0.040625 0.046875
2 0.2328125 0.671875 0.096875 0.271875
0 0.228125 0.5609375 0.0328125 0.040625
0 0.3921875 0.528125 0.0375 0.05
2 0.34375 0.659375 0.090625 0.2671875
0 0.3515625 0.5515625 0.0390625 0.0453125
2 0.3171875 0.6625 0.0796875 0.259375
0 0.325 0.5546875 0.028125 0.0328125
2 0.4375 0.665625 0.103125 0.290625
0 0.41875 0.55 0.0375 0.0484375
2 0.484375 0.6625 0.0703125 0.2125
0 0.48125 0.575 0.0234375 0.025
2 0.5078125 0.6640625 0.0609375 0.2125
0 0.490625 0.575 0.025 0.025
2 0.559375 0.6625 0.078125 0.2125
0 0.5625 0.5765625 0.021875 0.021875
0 0.684375 0.3765625 0.071875 0.071875
0 0.8390625 0.4109375 0.071875 0.08125
2 0.5953125 0.6625 0.053125 0.209375
0 0.603125 0.5765625 0.021875 0.021875
2 0.3015625 0.6625 0.0828125 0.234375
0 0.309375 0.5640625 0.0296875 0.034375