0 0.278125 0.6875 0.03125 0.0328125
0 0.390625 0.6734375 0.0234375 0.034375
0 0.5734375 0.7984375 0.0453125 0.0546875
0 0.6703125 0.7734375 0.0515625 0.0625
2 0.309375 0.6390625 0.065625 0.1203125
0 0.3125 0.590625 0.015625 0.0171875
2 0.01875 0.5484375 0.0125 0.03125
0 0.0203125 0.5375 0.0046875 0.0046875
2 0.0296875 0.55 0.015625 0.0328125
0 0.0296875 0.5375 0.0046875 0.0046875
2 0.0359375 0.546875 0.0109375 0.0296875
0 0.034375 0.5375 0.0046875 0.00625
2 0.071875 0.5546875 0.015625 0.0296875
0 0.071875 0.54375 0.00625 0.0046875
2 0.115625 0.5578125 0.01875 0.0375
0 0.115625 0.54375 0.00625 0.00625
2 0.1328125 0.5546875 0.0203125 0.034375
0 0.13125 0.5421875 0.00625 0.0046875
2 0.1546875 0.559375 0.01875 0.04375
0 0.1578125 0.54375 0.0078125 0.009375
2 0.1765625 0.5609375 0.01875 0.0453125
0 0.1796875 0.54375 0.0078125 0.009375
2 0.1921875 0.5625 0.0203125 0.0453125
0 0.19375 0.5453125 0.00625 0.0078125
2 0.240625 0.5671875 0.0203125 0.0515625
0 0.2421875 0.5484375 0.00625 0.009375
2 0.265625 0.5671875 0.01875 0.053125
0 0.2671875 0.546875 0.00625 0.009375
2 0.2734375 0.5734375 0.0203125 0.05
0 0.2765625 0.5546875 0.0078125 0.0078125
2 0.2921875 0.5703125 0.0203125 0.05
0 0.290625 0.55 0.00625 0.0078125
2 0.371875 0.58125 0.0234375 0.0546875
0 0.3703125 0.559375 0.0078125 0.009375
2 0.3921875 0.578125 0.025 0.05
0 0.390625 0.559375 0.00625 0.009375
2 0.475 0.590625 0.025 0.06875
0 0.475 0.5609375 0.009375 0.009375
2 0.4859375 0.5890625 0.0296875 0.0609375
0 0.4796875 0.5640625 0.0078125 0.009375
2 0.4953125 0.584375 0.0265625 0.0625
0 0.49375 0.559375 0.009375 0.009375
2 0.50625 0.5796875 0.0234375 0.0609375
0 0.5078125 0.5546875 0.009375 0.009375
2 0.509375 0.59375 0.0203125 0.0609375
0 0.5109375 0.56875 0.009375 0.0109375
2 0.5734375 0.5859375 0.028125 0.065625
0 0.5734375 0.559375 0.0109375 0.009375
2 0.7109375 0.6015625 0.03125 0.0703125
0 0.709375 0.575 0.0109375 0.0109375
2 0.753125 0.5953125 0.025 0.0734375
0 0.7515625 0.565625 0.009375 0.009375
2 0.7640625 0.58125 0.0203125 0.05625
0 0.7625 0.559375 0.00625 0.009375
2 0.8203125 0.58125 0.0265625 0.0609375
0 0.8203125 0.5578125 0.00625 0.009375
2 0.9015625 0.675 0.0375 0.0765625
0 0.9046875 0.6453125 0.015625 0.015625
2 0.928125 0.6625 0.0609375 0.115625
0 0.9421875 0.615625 0.0171875 0.0171875
2 0.9625 0.56875 0.01875 0.0421875
0 0.9640625 0.5515625 0.0046875 0.0046875
2 0.984375 0.5703125 0.0203125 0.04375
0 0.984375 0.5546875 0.0046875 0.00625