0 0.9234375 0.5546875 0.08125 0.09375
0 0.365625 0.65625 0.0484375 0.053125
2 0.3828125 0.6390625 0.0875 0.228125
0 0.3703125 0.546875 0.03125 0.034375
2 0.4390625 0.6328125 0.08125 0.24375
0 0.4171875 0.5328125 0.0328125 0.0359375
2 0.4703125 0.60625 0.0796875 0.196875
0 0.46875 0.521875 0.021875 0.01875
2 0.296875 0.5734375 0.05625 0.103125
0 0.303125 0.5359375 0.0140625 0.01875
2 0.521875 0.596875 0.0640625 0.15
0 0.5140625 0.534375 0.0171875 0.0171875
2 0.5640625 0.6078125 0.053125 0.08125
0 0.5765625 0.58125 0.0171875 0.0171875
2 0.56875 0.5765625 0.0421875 0.090625
0 0.565625 0.5421875 0.0140625 0.0171875