2 0.215625 0.7578125 0.0265625 0.075
0 0.221875 0.7296875 0.0109375 0.0109375
2 0.2484375 0.765625 0.040625 0.0890625
0 0.253125 0.7296875 0.0125 0.0125
2 0.275 0.7671875 0.0265625 0.0796875
0 0.2765625 0.7328125 0.0109375 0.009375
2 0.3015625 0.76875 0.034375 0.0734375
0 0.303125 0.7390625 0.0109375 0.0109375
2 0.3515625 0.765625 0.053125 0.1265625
0 0.3546875 0.7125 0.015625 0.0140625
2 0.39375 0.7671875 0.03125 0.0703125
0 0.390625 0.7390625 0.009375 0.009375
2 0.4171875 0.7640625 0.0421875 0.08125
0 0.4140625 0.73125 0.0109375 0.0125
2 0.4359375 0.765625 0.0203125 0.05625
0 0.4359375 0.7421875 0.00625 0.0078125
2 0.4484375 0.76875 0.021875 0.053125
0 0.4453125 0.7484375 0.00625 0.00625
2 0.4765625 0.759375 0.0546875 0.146875
0 0.4796875 0.6984375 0.0171875 0.0203125
2 0.515625 0.7546875 0.053125 0.1515625
0 0.5125 0.6890625 0.0203125 0.01875
2 0.54375 0.765625 0.021875 0.046875
0 0.54375 0.746875 0.00625 0.00625
2 0.575 0.7609375 0.025 0.06875
0 0.56875 0.7359375 0.009375 0.0109375
2 0.6109375 0.765625 0.01875 0.04375
0 0.6125 0.75 0.0046875 0.0046875
2 0.653125 0.7671875 0.01875 0.0421875
0 0.6546875 0.7515625 0.00625 0.00625
2 0.6765625 0.765625 0.01875 0.0546875
0 0.678125 0.7453125 0.00625 0.0078125
2 0.7046875 0.7453125 0.053125 0.1140625
0 0.7046875 0.696875 0.0171875 0.015625
2 0.734375 0.7640625 0.025 0.0609375
0 0.7359375 0.740625 0.0078125 0.0078125
2 0.746875 0.765625 0.0203125 0.053125
0 0.746875 0.746875 0.009375 0.009375
2 0.7609375 0.7578125 0.0171875 0.0515625
0 0.759375 0.7375 0.0078125 0.0078125
2 0.76875 0.7609375 0.025 0.065625
0 0.76875 0.7359375 0.009375 0.0109375
2 0.78125 0.7578125 0.01875 0.040625
0 0.78125 0.74375 0.00625 0.00625