2 0.5140625 0.703125 0.11875 0.2265625
0 0.5234375 0.609375 0.0265625 0.0296875
2 0.8484375 0.70625 0.125 0.209375
0 0.80625 0.6203125 0.025 0.028125
2 0.909375 0.7421875 0.1171875 0.1265625
0 0.8703125 0.7 0.034375 0.0328125
2 0.7453125 0.70625 0.0921875 0.2046875
0 0.7234375 0.61875 0.028125 0.0296875
2 0.7765625 0.715625 0.0859375 0.1796875
0 0.7578125 0.64375 0.025 0.028125
2 0.03125 0.6796875 0.0609375 0.2328125
0 0.0171875 0.5828125 0.0328125 0.03125
2 0.0796875 0.6484375 0.1578125 0.3515625
0 0.1125 0.4953125 0.0453125 0.04375
2 0.1125 0.68125 0.2015625 0.275
0 0.1796875 0.5640625 0.0328125 0.0328125
2 0.1875 0.6890625 0.1703125 0.2515625
0 0.2484375 0.5875 0.0328125 0.034375
2 0.4421875 0.7671875 0.01875 0.06875
0 0.44375 0.7390625 0.00625 0.0078125
2 0.45 0.771875 0.0140625 0.059375
0 0.45 0.771875 0.0140625 0.059375
2 0.5921875 0.771875 0.0171875 0.046875
0 0.5921875 0.7546875 0.00625 0.00625
2 0.621875 0.7703125 0.01875 0.04375
0 0.61875 0.7546875 0.0078125 0.009375