2 0.703125 0.5765625 0.309375 0.36875
0 0.771875 0.428125 0.059375 0.0671875
2 0.9171875 0.44375 0.0796875 0.178125
0 0.9375 0.378125 0.0375 0.0453125
2 0.8234375 0.4578125 0.0875 0.1828125
0 0.8140625 0.3859375 0.0375 0.0375
2 0.75625 0.3671875 0.059375 0.15625
0 0.76875 0.3015625 0.01875 0.0203125
2 0.60625 0.4640625 0.159375 0.203125
0 0.6078125 0.3875 0.0390625 0.0421875
2 0.503125 0.440625 0.1484375 0.1953125
0 0.5421875 0.3671875 0.0359375 0.0390625
2 0.5984375 0.3375 0.03125 0.053125
0 0.5984375 0.31875 0.0109375 0.0125
2 0.5703125 0.334375 0.028125 0.0484375
0 0.575 0.31875 0.009375 0.0109375
2 0.5515625 0.3296875 0.0234375 0.04375
0 0.5515625 0.315625 0.009375 0.009375
2 0.525 0.3296875 0.0359375 0.078125
0 0.5234375 0.2984375 0.0125 0.0140625
2 0.4703125 0.3453125 0.053125 0.1125
0 0.4703125 0.2984375 0.0125 0.015625
2 0.446875 0.3453125 0.04375 0.1046875
0 0.4515625 0.3015625 0.0140625 0.015625
2 0.39375 0.3359375 0.0265625 0.0953125
0 0.39375 0.2984375 0.0125 0.015625
2 0.3828125 0.3375 0.025 0.0875
0 0.38125 0.3015625 0.0125 0.0125
2 0.3609375 0.3578125 0.0484375 0.153125
0 0.365625 0.29375 0.01875 0.021875
2 0.33125 0.45625 0.190625 0.2375
0 0.3703125 0.365625 0.0484375 0.0515625
2 0.1953125 0.515625 0.26875 0.3078125
0 0.140625 0.39375 0.0625 0.0625
2 0.234375 0.39375 0.10625 0.1296875
0 0.2546875 0.3453125 0.0265625 0.03125
2 0.2125 0.3390625 0.034375 0.08125
0 0.215625 0.30625 0.009375 0.0109375
2 0.171875 0.359375 0.053125 0.1359375
0 0.16875 0.3046875 0.015625 0.021875
2 0.11875 0.346875 0.0421875 0.1203125
0 0.1171875 0.2984375 0.01875 0.021875
2 0.1015625 0.3359375 0.0265625 0.0890625
0 0.1015625 0.2984375 0.0125 0.0125
2 0.075 0.3421875 0.0265625 0.0484375
0 0.071875 0.325 0.0109375 0.0109375
2 0.0421875 0.35625 0.04375 0.1484375
0 0.04375 0.29375 0.01875 0.0203125