2 0.6953125 0.5921875 0.109375 0.4109375
0 0.696875 0.4171875 0.0546875 0.0546875
2 0.4421875 0.5578125 0.1140625 0.35
0 0.4375 0.4125 0.0421875 0.05
2 0.365625 0.5203125 0.09375 0.284375
0 0.3609375 0.4015625 0.0328125 0.0390625
2 0.290625 0.5484375 0.1203125 0.309375
0 0.2796875 0.4203125 0.0328125 0.046875
2 0.2796875 0.5359375 0.084375 0.26875
0 0.2921875 0.4265625 0.03125 0.0421875
2 0.2078125 0.5609375 0.115625 0.3359375
0 0.1875 0.41875 0.0375 0.046875
0 0.1609375 0.4453125 0.065625 0.0703125
2 0.0796875 0.640625 0.15 0.4625
0 0.0703125 0.440625 0.0703125 0.05625
2 0.034375 0.578125 0.06875 0.390625
0 0.0140625 0.4140625 0.0265625 0.046875