2 0.0640625 0.6203125 0.128125 0.509375
0 0.021875 0.409375 0.04375 0.06875
2 0.10625 0.5046875 0.1703125 0.503125
0 0.1359375 0.309375 0.065625 0.0609375
2 0.271875 0.5890625 0.1890625 0.4796875
0 0.2703125 0.3953125 0.05625 0.06875
2 0.41875 0.4578125 0.19375 0.5921875
0 0.403125 0.3 0.0546875 0.0640625
2 0.4765625 0.6484375 0.196875 0.465625
0 0.471875 0.459375 0.0515625 0.059375
0 0.66875 0.421875 0.06875 0.06875
2 0.665625 0.6078125 0.1890625 0.5140625
0 0.6546875 0.3984375 0.065625 0.06875