0 0.9703125 0.24375 0.01875 0.025
2 0.7421875 0.3484375 0.059375 0.1421875
0 0.74375 0.290625 0.0171875 0.01875
2 0.3546875 0.4015625 0.053125 0.090625
0 0.34375 0.36875 0.0125 0.01875
2 0.309375 0.4 0.0453125 0.103125
0 0.3125 0.3609375 0.0140625 0.0171875
2 0.275 0.4125 0.040625 0.0859375
0 0.26875 0.3796875 0.0125 0.015625
2 0.2421875 0.4109375 0.034375 0.0859375
0 0.2453125 0.375 0.0125 0.0125
2 0.1984375 0.4109375 0.05 0.09375
0 0.20625 0.375 0.0125 0.0125
2 0.0984375 0.4296875 0.03125 0.078125
0 0.1 0.3984375 0.009375 0.0125
2 0.05 0.43125 0.028125 0.08125
0 0.053125 0.3984375 0.009375 0.0125
2 0.8859375 0.59375 0.053125 0.165625
0 0.8828125 0.5234375 0.0203125 0.0234375
0 0.7046875 0.5921875 0.046875 0.053125
0 0.484375 0.63125 0.0734375 0.08125
0 0.4125 0.6234375 0.0765625 0.065625
0 0.2609375 0.596875 0.0296875 0.0265625
0 0.425 0.54375 0.046875 0.04375
0 0.534375 0.5375 0.040625 0.034375
0 0.5515625 0.5890625 0.021875 0.025
2 0.390625 0.6171875 0.0515625 0.08125
0 0.39375 0.5859375 0.015625 0.0171875
2 0.3203125 0.5890625 0.053125 0.1484375
0 0.315625 0.5296875 0.015625 0.01875
2 0.1171875 0.590625 0.0484375 0.115625
0 0.115625 0.5421875 0.0140625 0.015625
2 0.0296875 0.6140625 0.059375 0.165625
0 0.034375 0.54375 0.021875 0.0234375
2 0.0796875 0.60625 0.03125 0.05625
0 0.0734375 0.584375 0.0125 0.0125
2 0.11875 0.59375 0.071875 0.0859375
0 0.1125 0.5421875 0.015625 0.015625
2 0.0609375 0.5984375 0.025 0.05625
0 0.065625 0.578125 0.009375 0.0109375
2 0.3953125 0.4015625 0.028125 0.071875
0 0.39375 0.3765625 0.0125 0.015625