2 0.053125 0.5609375 0.103125 0.3953125
0 0.0515625 0.39375 0.05 0.0546875
2 0.1 0.5578125 0.0984375 0.3546875
0 0.115625 0.409375 0.046875 0.0515625
2 0.140625 0.5390625 0.065625 0.325
0 0.153125 0.403125 0.0328125 0.04375
2 0.19375 0.5578125 0.0953125 0.3453125
0 0.2015625 0.409375 0.0328125 0.0453125
2 0.165625 0.5171875 0.071875 0.3125
0 0.175 0.3859375 0.0328125 0.0453125
2 0.2171875 0.5296875 0.065625 0.315625
0 0.225 0.3953125 0.0328125 0.0421875
2 0.2625 0.528125 0.09375 0.3328125
0 0.2703125 0.3890625 0.0359375 0.0453125
2 0.2390625 0.5078125 0.08125 0.31875
0 0.2359375 0.3703125 0.034375 0.040625
2 0.346875 0.534375 0.1 0.3078125
0 0.3484375 0.4015625 0.034375 0.0453125
2 0.3265625 0.509375 0.09375 0.3140625
0 0.325 0.375 0.0359375 0.0390625
2 0.421875 0.5140625 0.0859375 0.3125
0 0.428125 0.3875 0.025 0.040625
2 0.50625 0.51875 0.0875 0.2953125
0 0.5046875 0.3953125 0.0328125 0.04375
2 0.4703125 0.4953125 0.0609375 0.2578125
0 0.471875 0.3859375 0.0265625 0.0328125
2 0.584375 0.5265625 0.084375 0.2921875
0 0.5859375 0.4 0.0296875 0.0375
2 0.5484375 0.4953125 0.071875 0.2515625
0 0.5453125 0.390625 0.0296875 0.0359375
2 0.596875 0.5046875 0.1015625 0.2390625
0 0.61875 0.40625 0.0265625 0.03125
2 0.659375 0.525 0.1 0.2921875
0 0.6609375 0.4109375 0.034375 0.04375
2 0.7296875 0.5171875 0.08125 0.3
0 0.7296875 0.390625 0.03125 0.0453125
2 0.79375 0.5140625 0.0953125 0.325
0 0.79375 0.375 0.0359375 0.040625
2 0.846875 0.4984375 0.0984375 0.3390625
0 0.8421875 0.3546875 0.034375 0.0421875
2 0.878125 0.525 0.1078125 0.321875
0 0.871875 0.390625 0.0328125 0.0453125
2 0.9484375 0.528125 0.1015625 0.3640625
0 0.934375 0.371875 0.0453125 0.0515625