0 0.8609375 0.3984375 0.0578125 0.08125
2 0.7984375 0.56875 0.0546875 0.178125
0 0.7984375 0.4953125 0.025 0.0296875
2 0.7296875 0.53125 0.0859375 0.253125
0 0.74375 0.4265625 0.0328125 0.0390625
2 0.7546875 0.490625 0.1015625 0.203125
0 0.73125 0.4109375 0.0296875 0.0359375
2 0.84375 0.4953125 0.08125 0.221875
0 0.8359375 0.403125 0.025 0.0296875
2 0.78125 0.4484375 0.0328125 0.0953125
0 0.7828125 0.409375 0.0125 0.0125
2 0.8015625 0.4453125 0.0234375 0.065625
0 0.8 0.4171875 0.0078125 0.009375
2 0.9109375 0.4359375 0.025 0.05625
0 0.909375 0.4125 0.00625 0.0078125
2 0.7109375 0.4828125 0.0421875 0.190625
0 0.7015625 0.403125 0.021875 0.028125
2 0.6734375 0.4734375 0.046875 0.1890625
0 0.6703125 0.3953125 0.0203125 0.0265625
2 0.6484375 0.4859375 0.0609375 0.2140625
0 0.640625 0.4015625 0.0203125 0.021875
2 0.6015625 0.4984375 0.065625 0.225
0 0.5984375 0.4015625 0.0234375 0.0296875
2 0.578125 0.5234375 0.0609375 0.2140625
0 0.5796875 0.4375 0.021875 0.0296875
2 0.5421875 0.53125 0.146875 0.3046875
0 0.5265625 0.40625 0.0265625 0.0296875
2 0.159375 0.5765625 0.1953125 0.4734375
0 0.159375 0.3796875 0.0578125 0.06875
2 0.296875 0.58125 0.1671875 0.4984375
0 0.29375 0.371875 0.059375 0.071875
0 0.425 0.41875 0.0578125 0.075
2 0.3875 0.58125 0.11875 0.4296875
0 0.38125 0.40625 0.0484375 0.0609375
2 0.240625 0.571875 0.08125 0.3640625
0 0.24375 0.4234375 0.0375 0.046875
2 0.290625 0.59375 0.128125 0.4015625
0 0.2796875 0.4265625 0.0375 0.04375
2 0.4625 0.553125 0.1390625 0.353125
0 0.421875 0.41875 0.0546875 0.0765625