0 0.546875 0.35 0.0640625 0.096875
0 0.746875 0.2921875 0.071875 0.0953125
2 0.646875 0.49375 0.1984375 0.403125
0 0.6640625 0.325 0.0453125 0.0609375
2 0.4515625 0.4625 0.1375 0.34375
0 0.4375 0.31875 0.0359375 0.0421875
2 0.9359375 0.5140625 0.096875 0.2359375
0 0.93125 0.421875 0.0375 0.040625
2 0.9484375 0.4734375 0.103125 0.26875
0 0.9546875 0.3671875 0.0375 0.04375
2 0.865625 0.46875 0.09375 0.296875
0 0.8671875 0.3515625 0.040625 0.046875
2 0.7796875 0.5109375 0.1140625 0.3578125
0 0.8078125 0.3640625 0.0359375 0.053125
2 0.765625 0.5109375 0.1359375 0.4359375
0 0.7796875 0.3203125 0.04375 0.0484375
2 0.9140625 0.4703125 0.0703125 0.2703125
0 0.9125 0.3546875 0.0328125 0.0359375
2 0.878125 0.4390625 0.0859375 0.29375
0 0.878125 0.3125 0.03125 0.0390625
2 0.8140625 0.45625 0.0765625 0.2609375
0 0.8203125 0.3453125 0.0328125 0.0421875
2 0.7109375 0.4765625 0.0765625 0.2609375
0 0.7125 0.36875 0.0359375 0.04375
2 0.7078125 0.371875 0.096875 0.2390625
0 0.709375 0.275 0.028125 0.040625
2 0.7046875 0.34375 0.0828125 0.215625
0 0.703125 0.2578125 0.0296875 0.0375
2 0.7453125 0.3203125 0.0796875 0.2015625
0 0.7484375 0.2375 0.0296875 0.0296875
2 0.6046875 0.440625 0.109375 0.296875
0 0.6078125 0.3125 0.0296875 0.0375
2 0.5796875 0.359375 0.0859375 0.2265625
0 0.5875 0.271875 0.0296875 0.0328125
2 0.50625 0.33125 0.0765625 0.18125
0 0.509375 0.2609375 0.0265625 0.0296875
2 0.46875 0.3640625 0.090625 0.1921875
0 0.471875 0.290625 0.0296875 0.0390625
2 0.453125 0.4375 0.0953125 0.2515625
0 0.4671875 0.3359375 0.0296875 0.0421875
2 0.428125 0.3359375 0.0640625 0.1890625
0 0.440625 0.259375 0.0234375 0.0328125
2 0.3859375 0.465625 0.103125 0.2671875
0 0.3828125 0.35625 0.034375 0.04375
2 0.3859375 0.409375 0.0640625 0.2359375
0 0.378125 0.309375 0.028125 0.0328125
2 0.303125 0.4578125 0.103125 0.265625
0 0.3125 0.3484375 0.0359375 0.0421875
2 0.334375 0.45 0.0828125 0.2796875
0 0.3421875 0.3328125 0.028125 0.0359375
2 0.33125 0.3703125 0.0625 0.21875
0 0.3359375 0.275 0.0265625 0.028125
2 0.309375 0.3421875 0.0703125 0.2046875
0 0.303125 0.25625 0.0234375 0.028125
2 0.23125 0.4515625 0.0828125 0.271875
0 0.2390625 0.340625 0.034375 0.0390625
2 0.265625 0.3546875 0.078125 0.1953125
0 0.2671875 0.275 0.0234375 0.0328125
2 0.2453125 0.309375 0.08125 0.184375
0 0.2453125 0.234375 0.0234375 0.03125
2 0.178125 0.44375 0.1171875 0.265625
0 0.171875 0.334375 0.0359375 0.0421875
2 0.1765625 0.39375 0.1 0.253125
0 0.178125 0.2875 0.021875 0.034375
2 0.1828125 0.33125 0.090625 0.18125
0 0.1859375 0.2578125 0.0234375 0.028125
2 0.084375 0.4421875 0.0921875 0.2671875
0 0.0796875 0.3328125 0.0328125 0.0359375
2 0.03125 0.4390625 0.0625 0.2609375
0 0.021875 0.33125 0.03125 0.0375
2 0.04375 0.353125 0.0828125 0.2375
0 0.0421875 0.2578125 0.0296875 0.0390625
2 0.0734375 0.3453125 0.065625 0.2203125
0 0.0765625 0.2515625 0.0234375 0.0296875
2 0.034375 0.321875 0.0671875 0.2328125
0 0.01875 0.228125 0.0265625 0.03125