2 0.0546875 0.59375 0.103125 0.346875
0 0.071875 0.4515625 0.0453125 0.059375
2 0.0609375 0.625 0.1203125 0.3890625
0 0.0609375 0.4640625 0.0421875 0.046875
2 0.165625 0.5453125 0.10625 0.3390625
0 0.165625 0.40625 0.040625 0.0515625
2 0.1828125 0.6296875 0.1359375 0.384375
0 0.1875 0.465625 0.0484375 0.05
2 0.24375 0.5359375 0.096875 0.35625
0 0.2421875 0.3875 0.0359375 0.05
2 0.2859375 0.5765625 0.11875 0.375
0 0.290625 0.421875 0.04375 0.0546875
2 0.309375 0.628125 0.1296875 0.3875
0 0.3171875 0.4765625 0.04375 0.0515625
2 0.34375 0.54375 0.1015625 0.34375
0 0.35 0.4015625 0.0390625 0.0515625
2 0.39375 0.590625 0.1203125 0.35625
0 0.3984375 0.440625 0.0453125 0.0484375
2 0.4484375 0.6296875 0.159375 0.3921875
0 0.4515625 0.4609375 0.040625 0.0546875
2 0.4328125 0.5390625 0.121875 0.35
0 0.44375 0.3921875 0.040625 0.0484375
2 0.5359375 0.5359375 0.1125 0.3625
0 0.5390625 0.3890625 0.0453125 0.0484375
2 0.5375 0.590625 0.1421875 0.3578125
0 0.5421875 0.440625 0.040625 0.0484375
2 0.6 0.646875 0.1328125 0.35625
0 0.5984375 0.496875 0.0375 0.0515625
2 0.6453125 0.546875 0.1140625 0.3390625
0 0.64375 0.4046875 0.04375 0.0484375
2 0.646875 0.596875 0.1109375 0.334375
0 0.6546875 0.45625 0.0375 0.05
2 0.7109375 0.646875 0.121875 0.3515625
0 0.70625 0.5078125 0.0421875 0.05
2 0.7453125 0.5390625 0.1046875 0.35625
0 0.74375 0.3875 0.034375 0.046875
2 0.7484375 0.5921875 0.1265625 0.3546875
0 0.75 0.4390625 0.040625 0.0515625
2 0.8171875 0.6578125 0.14375 0.3359375
0 0.8203125 0.51875 0.040625 0.05
2 0.8328125 0.5234375 0.1 0.290625
0 0.83125 0.4 0.0359375 0.0453125
2 0.840625 0.59375 0.1109375 0.359375
0 0.84375 0.4390625 0.040625 0.046875
2 0.9203125 0.5171875 0.1 0.3
0 0.925 0.396875 0.040625 0.0484375
2 0.925 0.6296875 0.1421875 0.3921875
0 0.93125 0.465625 0.0484375 0.0625