2 0.025 0.5203125 0.01875 0.0671875
0 0.0296875 0.4921875 0.009375 0.009375
2 0.134375 0.5234375 0.0171875 0.065625
0 0.134375 0.4953125 0.009375 0.009375
2 0.1453125 0.5265625 0.025 0.0625
0 0.1453125 0.5015625 0.0078125 0.0109375
2 0.1625 0.528125 0.025 0.059375
0 0.165625 0.503125 0.0078125 0.0078125
2 0.1875 0.528125 0.021875 0.0734375
0 0.1890625 0.4984375 0.0109375 0.0109375
2 0.2 0.528125 0.034375 0.078125
0 0.2 0.496875 0.009375 0.0109375
2 0.2125 0.55 0.0625 0.1546875
0 0.20625 0.4875 0.0203125 0.025
2 0.5046875 0.528125 0.0078125 0.021875
0 0.50625 0.5203125 0.003125 0.003125
2 0.509375 0.5265625 0.009375 0.021875
0 0.5109375 0.51875 0.003125 0.003125
2 0.5296875 0.528125 0.009375 0.025
0 0.53125 0.51875 0.003125 0.003125
2 0.90625 0.5234375 0.0171875 0.053125
0 0.9078125 0.5015625 0.009375 0.0078125
2 0.9015625 0.55 0.03125 0.053125
0 0.903125 0.528125 0.0078125 0.0078125
2 0.9140625 0.5546875 0.03125 0.046875
0 0.9203125 0.5359375 0.00625 0.0078125
2 0.9203125 0.546875 0.015625 0.040625
0 0.9234375 0.5328125 0.00625 0.00625
2 0.0515625 0.5734375 0.103125 0.29375
0 0.084375 0.45 0.034375 0.04375
2 0.3 0.5875 0.1015625 0.29375
0 0.3109375 0.465625 0.0375 0.04375
2 0.3453125 0.615625 0.1203125 0.4421875
0 0.35 0.4296875 0.05 0.0625
2 0.403125 0.5671875 0.0875 0.2296875
0 0.4140625 0.4734375 0.028125 0.0375
2 0.475 0.5765625 0.1015625 0.24375
0 0.4625 0.46875 0.025 0.0265625
2 0.465625 0.5953125 0.10625 0.3078125
0 0.4640625 0.465625 0.0359375 0.0375
2 0.5921875 0.6046875 0.0875 0.29375
0 0.596875 0.478125 0.0296875 0.0328125
2 0.5921875 0.5953125 0.096875 0.3234375
0 0.590625 0.4546875 0.0375 0.0421875
2 0.7125 0.5734375 0.075 0.2453125
0 0.7109375 0.4703125 0.0265625 0.03125
2 0.7796875 0.609375 0.1 0.328125
0 0.778125 0.471875 0.040625 0.04375