2 0.1921875 0.684375 0.140625 0.2671875
0 0.2078125 0.5734375 0.0375 0.0421875
2 0.23125 0.6625 0.0921875 0.2234375
0 0.2390625 0.571875 0.0296875 0.034375
0 0.31875 0.5640625 0.0328125 0.03125
2 0.3640625 0.64375 0.0484375 0.165625
0 0.3609375 0.575 0.021875 0.021875
2 0.4296875 0.634375 0.053125 0.1546875
0 0.4234375 0.571875 0.021875 0.0234375
2 0.453125 0.615625 0.025 0.0765625
0 0.45 0.584375 0.009375 0.0109375
2 0.490625 0.6296875 0.040625 0.1078125
0 0.49375 0.5875 0.0125 0.0171875
2 0.5171875 0.63125 0.0359375 0.1078125
0 0.515625 0.5859375 0.0125 0.0140625
2 0.54375 0.6125 0.0171875 0.05
0 0.5484375 0.59375 0.0078125 0.0078125
2 0.590625 0.6453125 0.0453125 0.128125
0 0.5875 0.5921875 0.015625 0.015625
2 0.6375 0.6171875 0.0375 0.1
0 0.6328125 0.5765625 0.0140625 0.0171875
2 0.690625 0.6453125 0.046875 0.1421875
0 0.684375 0.5875 0.0171875 0.0234375
2 0.325 0.6390625 0.046875 0.1296875
0 0.328125 0.5859375 0.0203125 0.0203125