2 0.7203125 0.3453125 0.0171875 0.0359375
0 0.721875 0.3328125 0.00625 0.00625
0 0.678125 0.5109375 0.196875 0.2109375
0 0.06875 0.446875 0.1375 0.325
0 0.890625 0.3640625 0.1015625 0.1078125
0 0.625 0.425 0.1328125 0.178125
0 0.2828125 0.3375 0.1609375 0.2109375
2 0.1671875 0.5515625 0.096875 0.4453125
0 0.1671875 0.3640625 0.05625 0.0609375
0 0.3828125 0.3921875 0.0546875 0.08125
2 0.8203125 0.4671875 0.0859375 0.29375
0 0.8125 0.3421875 0.0359375 0.0421875
2 0.796875 0.509375 0.1109375 0.3828125
0 0.79375 0.3515625 0.0546875 0.0546875
2 0.7375 0.4515625 0.0890625 0.2390625
0 0.7359375 0.3546875 0.0328125 0.0421875
0 0.5640625 0.3765625 0.0703125 0.1015625
2 0.5453125 0.446875 0.1109375 0.2453125
0 0.546875 0.3453125 0.0390625 0.04375
2 0.4734375 0.3859375 0.0453125 0.1203125
0 0.4734375 0.3421875 0.0203125 0.0234375
2 0.4390625 0.403125 0.0421875 0.121875
0 0.4390625 0.35625 0.01875 0.0234375
2 0.4078125 0.4015625 0.0546875 0.1515625
0 0.409375 0.340625 0.0203125 0.0234375
2 0.365625 0.4046875 0.0421875 0.1625
0 0.3625 0.3421875 0.0265625 0.03125