2 0.16875 0.815625 0.0609375 0.1125
0 0.1796875 0.76875 0.015625 0.0171875
2 0.1765625 0.8203125 0.0640625 0.0984375
0 0.178125 0.7703125 0.0109375 0.0109375
2 0.2390625 0.8171875 0.0390625 0.078125
0 0.2359375 0.7890625 0.0109375 0.015625
2 0.321875 0.8171875 0.0515625 0.1046875
0 0.3328125 0.775 0.015625 0.015625
2 0.3875 0.815625 0.0328125 0.10625
0 0.3875 0.771875 0.0140625 0.015625
2 0.4359375 0.8171875 0.025 0.0953125
0 0.434375 0.778125 0.0125 0.0140625
2 0.4984375 0.784375 0.009375 0.0171875
0 0.4984375 0.778125 0.003125 0.003125
2 0.5203125 0.7828125 0.0078125 0.0203125
0 0.5203125 0.775 0.003125 0.003125
0 0.459375 0.784375 0.0375 0.0421875