2 0.63125 0.696875 0.05625 0.178125
0 0.63125 0.621875 0.01875 0.025
2 0.6765625 0.7 0.053125 0.1703125
0 0.6828125 0.628125 0.0203125 0.021875
2 0.7328125 0.70625 0.04375 0.165625
0 0.7359375 0.6359375 0.025 0.021875
2 0.7734375 0.7078125 0.0546875 0.1734375
0 0.775 0.6359375 0.0234375 0.025
2 0.634375 0.734375 0.065625 0.1828125
0 0.65 0.6578125 0.021875 0.0234375
2 0.6953125 0.728125 0.065625 0.1953125
0 0.7078125 0.64375 0.028125 0.0234375
2 0.775 0.7234375 0.053125 0.15
0 0.7765625 0.6625 0.021875 0.0265625
2 0.80625 0.73125 0.0453125 0.15625
0 0.809375 0.6671875 0.028125 0.0234375