2 0.3109375 0.696875 0.16875 0.3078125
0 0.31875 0.5890625 0.059375 0.08125
2 0.4734375 0.6875 0.1578125 0.2953125
0 0.4796875 0.5921875 0.0625 0.0859375
2 0.565625 0.665625 0.1296875 0.2828125
0 0.5625 0.575 0.05625 0.0796875
2 0.7015625 0.709375 0.25625 0.321875
0 0.68125 0.6 0.0640625 0.0796875
2 0.8578125 0.6890625 0.175 0.31875
0 0.8375 0.5796875 0.071875 0.090625
2 0.86875 0.525 0.1546875 0.421875
0 0.853125 0.353125 0.0578125 0.071875
2 0.7921875 0.5203125 0.11875 0.4046875
0 0.7828125 0.35625 0.053125 0.0640625
2 0.6953125 0.5203125 0.128125 0.4171875
0 0.7 0.3515625 0.046875 0.0640625
2 0.6328125 0.5328125 0.13125 0.3984375
0 0.6359375 0.36875 0.0453125 0.065625
2 0.521875 0.5171875 0.1421875 0.4453125
0 0.515625 0.3328125 0.0546875 0.0734375
2 0.425 0.5359375 0.140625 0.4375
0 0.421875 0.3625 0.0546875 0.0671875
2 0.2734375 0.5390625 0.228125 0.39375
0 0.321875 0.3796875 0.0515625 0.0640625
2 0.2265625 0.55625 0.1625 0.434375
0 0.24375 0.378125 0.0578125 0.071875