2 0.0640625 0.5734375 0.090625 0.2421875
0 0.0625 0.4734375 0.0234375 0.028125
2 0.1515625 0.575 0.06875 0.2
0 0.1453125 0.4921875 0.0234375 0.0265625
2 0.1390625 0.5734375 0.053125 0.1796875
0 0.1375 0.503125 0.021875 0.0203125
2 0.1171875 0.5640625 0.0515625 0.159375
0 0.11875 0.4984375 0.021875 0.025
2 0.1046875 0.5453125 0.034375 0.1234375
0 0.10625 0.4984375 0.0171875 0.0203125
2 0.1703125 0.503125 0.0125 0.0375
0 0.1703125 0.490625 0.0046875 0.0046875
2 0.2171875 0.5734375 0.0875 0.24375
0 0.2125 0.4703125 0.0265625 0.03125
2 0.43125 0.51875 0.0328125 0.096875
0 0.43125 0.4796875 0.0140625 0.0171875
2 0.4484375 0.5140625 0.021875 0.090625
0 0.4515625 0.4796875 0.0125 0.0140625
2 0.4703125 0.5234375 0.0359375 0.096875
0 0.4796875 0.4859375 0.015625 0.0171875
2 0.4890625 0.5125 0.01875 0.06875
0 0.490625 0.4859375 0.0125 0.0125
2 0.5234375 0.5109375 0.0234375 0.0828125
0 0.5203125 0.475 0.009375 0.0109375
2 0.5421875 0.51875 0.0328125 0.0859375
0 0.54375 0.4859375 0.0140625 0.0140625
2 0.5640625 0.51875 0.0296875 0.0921875
0 0.5640625 0.48125 0.0125 0.0125
2 0.5734375 0.5203125 0.0296875 0.0890625
0 0.5734375 0.484375 0.0109375 0.0140625
2 0.59375 0.5171875 0.028125 0.090625
0 0.596875 0.48125 0.0140625 0.015625
2 0.6078125 0.51875 0.021875 0.0859375
0 0.6078125 0.484375 0.009375 0.0125
2 0.6125 0.521875 0.03125 0.0875
0 0.6171875 0.4859375 0.0125 0.0125
2 0.6671875 0.5234375 0.0453125 0.1
0 0.6671875 0.48125 0.0125 0.0140625
2 0.6890625 0.51875 0.0390625 0.096875
0 0.6953125 0.478125 0.0125 0.0140625
2 0.725 0.6078125 0.0953125 0.2890625
0 0.725 0.484375 0.0375 0.0390625
2 0.80625 0.503125 0.0234375 0.0859375
0 0.80625 0.46875 0.0109375 0.0125
2 0.76875 0.50625 0.03125 0.0765625
0 0.7671875 0.4734375 0.0109375 0.0109375
2 0.7609375 0.5125 0.0359375 0.0984375
0 0.7578125 0.46875 0.0109375 0.009375
2 0.946875 0.5109375 0.0546875 0.1015625
0 0.940625 0.4703125 0.0125 0.0140625
2 0.5046875 0.515625 0.0296875 0.0875
0 0.509375 0.4828125 0.015625 0.015625