2 0.3640625 0.7546875 0.040625 0.1140625
0 0.3609375 0.7046875 0.0140625 0.0140625
2 0.4078125 0.7734375 0.0640625 0.1265625
0 0.3875 0.71875 0.0109375 0.009375
2 0.45625 0.7625 0.05 0.1078125
0 0.45 0.715625 0.0140625 0.0140625
2 0.4921875 0.7890625 0.0609375 0.1546875
0 0.478125 0.721875 0.01875 0.015625
0 0.525 0.73125 0.0203125 0.0171875
0 0.59375 0.721875 0.021875 0.025
2 0.7015625 0.7875 0.075 0.146875
0 0.6796875 0.7328125 0.021875 0.0234375
0 0.715625 0.7328125 0.0234375 0.0296875
0 0.8 0.7515625 0.025 0.03125
2 0.8078125 0.7625 0.0578125 0.18125
0 0.79375 0.6859375 0.021875 0.025
2 0.8984375 0.7609375 0.0734375 0.1546875
0 0.875 0.6953125 0.0203125 0.0203125
0 0.9296875 0.7078125 0.0234375 0.028125