0 0.021875 0.3671875 0.0421875 0.1
0 0.1609375 0.3609375 0.109375 0.103125
0 0.3015625 0.3484375 0.071875 0.0765625
2 0.2640625 0.525 0.1453125 0.5296875
0 0.271875 0.2984375 0.0578125 0.0703125
2 0.3859375 0.4921875 0.109375 0.3921875
0 0.38125 0.3328125 0.040625 0.0640625
2 0.525 0.51875 0.1453125 0.3515625
0 0.5359375 0.3734375 0.040625 0.053125
2 0.5265625 0.475 0.0953125 0.3203125
0 0.521875 0.3390625 0.03125 0.0421875
2 0.609375 0.453125 0.090625 0.3125
0 0.6203125 0.3203125 0.034375 0.0421875
2 0.653125 0.4859375 0.159375 0.34375
0 0.6421875 0.3484375 0.0375 0.053125
2 0.65625 0.3953125 0.0796875 0.225
0 0.6515625 0.303125 0.028125 0.0328125
2 0.7078125 0.459375 0.096875 0.246875
0 0.7125 0.35625 0.028125 0.0359375
0 0.8078125 0.340625 0.075 0.0859375
2 0.875 0.365625 0.03125 0.053125
0 0.8734375 0.34375 0.0078125 0.0078125
2 0.9875 0.3640625 0.01875 0.05
0 0.9921875 0.34375 0.00625 0.00625
2 0.946875 0.3609375 0.0234375 0.046875
0 0.9515625 0.340625 0.00625 0.00625
2 0.946875 0.3546875 0.0140625 0.0453125
0 0.946875 0.3375 0.00625 0.00625