2 0.425 0.3296875 0.0703125 0.159375
0 0.428125 0.275 0.0296875 0.0453125
2 0.625 0.33125 0.0921875 0.184375
0 0.640625 0.265625 0.0328125 0.0484375
2 0.690625 0.34375 0.0921875 0.1375
0 0.684375 0.290625 0.0328125 0.0375
2 0.7140625 0.303125 0.075 0.1546875
0 0.7078125 0.25 0.034375 0.040625
2 0.7765625 0.33125 0.0875 0.190625
0 0.771875 0.259375 0.034375 0.0421875
2 0.85 0.340625 0.084375 0.2234375
0 0.85 0.25 0.0265625 0.0359375
2 0.928125 0.321875 0.0890625 0.228125
0 0.928125 0.23125 0.0328125 0.0390625
2 0.078125 0.546875 0.1328125 0.378125
0 0.04375 0.3953125 0.05 0.06875
2 0.06875 0.49375 0.1375 0.3875
0 0.05625 0.3765625 0.046875 0.053125
2 0.15 0.546875 0.1890625 0.4578125
0 0.1640625 0.384375 0.05 0.0546875
2 0.16875 0.5890625 0.153125 0.45
0 0.1796875 0.409375 0.05625 0.0703125
2 0.25 0.471875 0.121875 0.3640625
0 0.240625 0.365625 0.05 0.0703125
2 0.3 0.5625 0.1234375 0.328125
0 0.2953125 0.4375 0.046875 0.0671875
2 0.3859375 0.515625 0.14375 0.425
0 0.41875 0.390625 0.0578125 0.0640625
2 0.496875 0.5875 0.1421875 0.4640625
0 0.465625 0.3984375 0.0703125 0.078125
2 0.5125 0.453125 0.125 0.4015625
0 0.5125 0.3296875 0.0515625 0.059375
2 0.571875 0.50625 0.1765625 0.4421875
0 0.571875 0.359375 0.053125 0.0609375
2 0.6765625 0.5125 0.10625 0.3921875
0 0.671875 0.378125 0.0453125 0.0546875
2 0.771875 0.55625 0.1890625 0.4765625
0 0.746875 0.384375 0.0546875 0.06875
2 0.875 0.509375 0.1453125 0.4640625
0 0.875 0.35 0.0484375 0.0546875
0 0.165625 0.546875 0.0953125 0.0875
0 0.0859375 0.665625 0.096875 0.0921875
0 0.271875 0.4875 0.0734375 0.08125
0 0.3203125 0.565625 0.078125 0.075
0 0.40625 0.5125 0.0609375 0.0671875
0 0.375 0.659375 0.0859375 0.0953125
0 0.259375 0.734375 0.0953125 0.1078125
0 0.6703125 0.49375 0.06875 0.0796875
0 0.734375 0.55625 0.084375 0.084375
2 0.3671875 0.5046875 0.125 0.3125
0 0.36875 0.428125 0.0578125 0.0546875
2 0.7125 0.5390625 0.16875 0.384375
0 0.6953125 0.40625 0.05 0.0640625
2 0.471875 0.540625 0.1328125 0.359375
0 0.465625 0.4 0.0703125 0.0765625