2 0.8328125 0.5125 0.2 0.565625
0 0.8328125 0.2734375 0.0671875 0.0828125
2 0.56875 0.51875 0.3265625 0.459375
0 0.584375 0.33125 0.0671875 0.0734375
2 0.584375 0.4953125 0.21875 0.546875
0 0.5953125 0.2640625 0.059375 0.071875
0 0.24375 0.26875 0.0890625 0.1078125
2 0.8578125 0.365625 0.078125 0.2453125
0 0.853125 0.26875 0.021875 0.028125
2 0.7890625 0.36875 0.06875 0.240625
0 0.7890625 0.265625 0.0265625 0.03125
2 0.7265625 0.36875 0.0828125 0.253125
0 0.7203125 0.2625 0.0234375 0.0328125
2 0.6453125 0.359375 0.1 0.2796875
0 0.6421875 0.253125 0.03125 0.0359375
2 0.5703125 0.3671875 0.0859375 0.271875
0 0.5703125 0.253125 0.028125 0.0390625
2 0.5015625 0.365625 0.0859375 0.284375
0 0.496875 0.2453125 0.034375 0.0421875
2 0.4375 0.365625 0.084375 0.2890625
0 0.440625 0.25 0.0296875 0.040625
2 0.359375 0.3796875 0.084375 0.275
0 0.35625 0.2703125 0.028125 0.0390625
2 0.2734375 0.36875 0.096875 0.3015625
0 0.2703125 0.246875 0.0359375 0.040625
2 0.1984375 0.3734375 0.0921875 0.2984375
0 0.2015625 0.2484375 0.034375 0.04375
2 0.1390625 0.3890625 0.103125 0.278125
0 0.1359375 0.275 0.034375 0.04375
2 0.06875 0.390625 0.084375 0.28125
0 0.0640625 0.2703125 0.03125 0.0375
2 0.0203125 0.3953125 0.0390625 0.2734375
0 0.0078125 0.2859375 0.015625 0.0296875
2 0.028125 0.33125 0.05625 0.2890625
0 0.0171875 0.209375 0.0328125 0.04375
2 0.08125 0.3484375 0.08125 0.2734375
0 0.08125 0.2328125 0.0328125 0.040625
2 0.153125 0.3484375 0.0859375 0.2703125
0 0.1484375 0.234375 0.0296875 0.0359375
2 0.296875 0.34375 0.0625 0.259375
0 0.3 0.2359375 0.03125 0.0375
2 0.359375 0.3421875 0.0859375 0.2578125
0 0.3515625 0.234375 0.03125 0.0359375
2 0.4109375 0.340625 0.0796875 0.2625
0 0.4046875 0.2265625 0.0296875 0.03125
2 0.5046875 0.3375 0.09375 0.2609375
0 0.50625 0.228125 0.0265625 0.034375
2 0.5625 0.3296875 0.0765625 0.2765625
0 0.5625 0.2125 0.0296875 0.034375
2 0.634375 0.334375 0.0640625 0.24375
0 0.6421875 0.2515625 0.028125 0.0359375
2 0.709375 0.3234375 0.0828125 0.2734375
0 0.7109375 0.2078125 0.0296875 0.0390625
2 0.7859375 0.33125 0.0796875 0.240625
0 0.78125 0.2296875 0.0265625 0.0328125
2 0.8046875 0.275 0.0671875 0.240625
0 0.7984375 0.178125 0.0265625 0.0328125
2 0.4796875 0.3 0.0703125 0.259375
0 0.4703125 0.190625 0.028125 0.0359375
2 0.3015625 0.30625 0.0765625 0.2578125
0 0.2953125 0.2015625 0.0296875 0.0296875
2 0.2265625 0.2921875 0.078125 0.284375
0 0.2359375 0.1796875 0.03125 0.040625
2 0.1359375 0.30625 0.096875 0.2609375
0 0.13125 0.196875 0.03125 0.0375
2 0.059375 0.3078125 0.0703125 0.2609375
0 0.0578125 0.2 0.03125 0.0375
2 0.040625 0.23125 0.08125 0.221875
0 0.034375 0.1265625 0.025 0.0140625
2 0.071875 0.2296875 0.0765625 0.2171875
0 0.0734375 0.1390625 0.0296875 0.034375
2 0.1484375 0.2265625 0.084375 0.2109375
0 0.153125 0.134375 0.03125 0.028125
2 0.221875 0.2171875 0.0765625 0.1953125
0 0.215625 0.1328125 0.0296875 0.0265625
2 0.3015625 0.215625 0.0734375 0.190625
0 0.3015625 0.128125 0.0265625 0.015625
2 0.35625 0.2046875 0.065625 0.16875
0 0.346875 0.1265625 0.0234375 0.0140625
2 0.534375 0.246875 0.078125 0.234375
0 0.5375 0.15 0.03125 0.0328125
2 0.609375 0.2515625 0.084375 0.2390625
0 0.6046875 0.15 0.0296875 0.034375
2 0.6828125 0.2578125 0.078125 0.2265625
0 0.675 0.165625 0.025 0.0328125