2 0.2171875 0.5984375 0.2 0.45
0 0.2171875 0.4171875 0.05 0.046875
2 0.2671875 0.4375 0.03125 0.0953125
0 0.265625 0.403125 0.0109375 0.0125
2 0.3140625 0.478125 0.065625 0.175
0 0.3140625 0.4109375 0.0203125 0.0296875
0 0.615625 0.403125 0.0671875 0.0828125
2 0.4609375 0.615625 0.1546875 0.50625
0 0.4671875 0.396875 0.0546875 0.0609375
2 0.375 0.5828125 0.1203125 0.38125
0 0.375 0.4234375 0.040625 0.0546875
2 0.3578125 0.5453125 0.115625 0.3109375
0 0.365625 0.4171875 0.034375 0.040625
2 0.540625 0.528125 0.0875 0.3109375
0 0.5296875 0.4046875 0.0375 0.0453125
2 0.503125 0.5375 0.0890625 0.2703125
0 0.503125 0.43125 0.0328125 0.0421875
2 0.43125 0.515625 0.09375 0.3078125
0 0.4375 0.390625 0.034375 0.04375
2 0.93125 0.5671875 0.1234375 0.3625
0 0.934375 0.4140625 0.0421875 0.05
0 0.978125 0.390625 0.0265625 0.0390625
2 0.85625 0.525 0.0953125 0.328125
0 0.8421875 0.384375 0.0328125 0.0375
2 0.765625 0.5640625 0.146875 0.3796875
0 0.7625 0.4 0.0453125 0.046875
2 0.8140625 0.6140625 0.075 0.2546875
0 0.8140625 0.5046875 0.034375 0.0359375
2 0.7109375 0.5140625 0.078125 0.259375
0 0.7125 0.403125 0.028125 0.0328125
2 0.6875 0.5 0.059375 0.2125
0 0.6875 0.409375 0.025 0.0328125
2 0.6625 0.4828125 0.04375 0.1703125
0 0.665625 0.4140625 0.021875 0.025
2 0.6640625 0.465625 0.05 0.1640625
0 0.6640625 0.3953125 0.0234375 0.0234375
2 0.790625 0.4671875 0.034375 0.1375
0 0.7890625 0.4125 0.0171875 0.0203125
2 0.8796875 0.5234375 0.1 0.3421875
0 0.8828125 0.3765625 0.0390625 0.0390625