2 0.0703125 0.496875 0.09375 0.178125
0 0.046875 0.4234375 0.0296875 0.0359375
2 0.059375 0.575 0.090625 0.159375
0 0.0515625 0.515625 0.0296875 0.0375
2 0.0734375 0.5640625 0.0625 0.1546875
0 0.078125 0.5078125 0.03125 0.0390625
2 0.1390625 0.6046875 0.084375 0.18125
0 0.128125 0.53125 0.028125 0.03125
0 0.1796875 0.50625 0.059375 0.0671875
0 0.3875 0.4953125 0.053125 0.0734375
0 0.45 0.4890625 0.0984375 0.09375
0 0.6171875 0.5015625 0.0515625 0.05625
0 0.6875 0.478125 0.05 0.065625
2 0.7765625 0.625 0.0921875 0.33125
0 0.7703125 0.4828125 0.0375 0.04375
2 0.628125 0.6515625 0.1078125 0.3296875
0 0.6375 0.51875 0.0390625 0.0453125
2 0.721875 0.64375 0.0921875 0.35
0 0.7125 0.4875 0.0328125 0.0359375
0 0.8578125 0.4859375 0.0421875 0.0515625
2 0.86875 0.6265625 0.1015625 0.35
0 0.8546875 0.478125 0.040625 0.046875
2 0.896875 0.603125 0.125 0.3546875
0 0.8875 0.4515625 0.0375 0.05
0 0.975 0.4890625 0.0359375 0.040625