2 0.2984375 0.8859375 0.0515625 0.1171875
0 0.3 0.8390625 0.01875 0.0203125
2 0.334375 0.878125 0.0453125 0.1140625
0 0.3390625 0.83125 0.0140625 0.0171875
2 0.3625 0.85625 0.0890625 0.228125
0 0.365625 0.7640625 0.0265625 0.034375
2 0.4328125 0.8578125 0.0890625 0.2140625
0 0.428125 0.7671875 0.028125 0.0328125
2 0.5921875 0.85 0.078125 0.1734375
0 0.5890625 0.7828125 0.03125 0.03125
2 0.621875 0.8609375 0.096875 0.1890625
0 0.6484375 0.7859375 0.0296875 0.034375
2 0.7515625 0.8640625 0.0859375 0.175
0 0.7515625 0.7953125 0.0296875 0.03125
2 0.74375 0.8515625 0.0625 0.1734375
0 0.7375 0.78125 0.0265625 0.03125
2 0.7 0.84375 0.071875 0.1546875
0 0.678125 0.784375 0.0265625 0.03125
2 0.609375 0.85 0.0640625 0.159375
0 0.625 0.7953125 0.025 0.0265625
2 0.6421875 0.8578125 0.06875 0.153125
0 0.6484375 0.784375 0.0296875 0.03125