2 0.2296875 0.753125 0.0484375 0.1453125
0 0.24375 0.6921875 0.01875 0.021875
2 0.2625 0.7265625 0.0390625 0.1296875
0 0.265625 0.6703125 0.0125 0.0171875
2 0.3328125 0.75625 0.04375 0.1359375
0 0.328125 0.7015625 0.015625 0.01875
0 0.3546875 0.7 0.01875 0.0234375
2 0.384375 0.7421875 0.0671875 0.146875
0 0.3890625 0.684375 0.01875 0.021875
2 0.4359375 0.7015625 0.028125 0.0734375
0 0.4375 0.6703125 0.0078125 0.009375
2 0.53125 0.7359375 0.046875 0.14375
0 0.5421875 0.6765625 0.015625 0.01875
2 0.5578125 0.75625 0.0515625 0.1234375
0 0.5578125 0.7046875 0.0171875 0.021875
2 0.5640625 0.7296875 0.0328125 0.1125
0 0.5671875 0.684375 0.0140625 0.0171875
2 0.5890625 0.734375 0.0328125 0.1125
0 0.5984375 0.6875 0.0140625 0.015625
2 0.5984375 0.740625 0.0390625 0.115625
0 0.609375 0.6890625 0.015625 0.0171875
2 0.60625 0.746875 0.0484375 0.10625
0 0.6125 0.6984375 0.0140625 0.015625
2 0.61875 0.75625 0.040625 0.1203125
0 0.625 0.7078125 0.015625 0.01875
2 0.6515625 0.759375 0.04375 0.121875
0 0.659375 0.70625 0.015625 0.0171875
2 0.6578125 0.74375 0.0484375 0.140625
0 0.6671875 0.6828125 0.0171875 0.01875
2 0.6640625 0.7578125 0.0359375 0.128125
0 0.6671875 0.703125 0.0140625 0.0171875
2 0.69375 0.746875 0.053125 0.1453125
0 0.6875 0.684375 0.015625 0.0171875
2 0.68125 0.7609375 0.0625 0.1234375
0 0.7046875 0.7109375 0.015625 0.015625
2 0.6984375 0.765625 0.065625 0.1265625
0 0.7 0.7140625 0.0171875 0.015625
0 0.740625 0.6984375 0.0203125 0.025
2 0.803125 0.7625 0.0421875 0.1375
0 0.7953125 0.7078125 0.01875 0.021875
2 0.878125 0.7640625 0.053125 0.140625
0 0.8796875 0.70625 0.0171875 0.021875
2 0.9171875 0.75625 0.05625 0.1515625
0 0.91875 0.69375 0.0203125 0.021875
2 0.95625 0.7609375 0.0484375 0.14375
0 0.953125 0.7015625 0.01875 0.021875
0 0.9828125 0.7 0.021875 0.025
2 0.3671875 0.6984375 0.028125 0.0703125
0 0.36875 0.66875 0.009375 0.0109375