0 0.9875 0.525 0.0140625 0.015625
2 0.8703125 0.55625 0.0265625 0.0609375
0 0.865625 0.5296875 0.0078125 0.0078125
2 0.8734375 0.5546875 0.028125 0.0578125
0 0.865625 0.5296875 0.009375 0.0078125
2 0.6859375 0.5609375 0.0203125 0.0578125
0 0.6859375 0.5375 0.0078125 0.0078125
2 0.6078125 0.5765625 0.03125 0.071875
0 0.603125 0.546875 0.009375 0.009375
2 0.5875 0.5625 0.015625 0.034375
0 0.5890625 0.5484375 0.0046875 0.0046875
2 0.5640625 0.578125 0.025 0.071875
0 0.5640625 0.546875 0.009375 0.009375
2 0.48125 0.6109375 0.0859375 0.303125
0 0.4890625 0.48125 0.034375 0.040625
2 0.434375 0.565625 0.009375 0.0265625
0 0.4359375 0.55625 0.003125 0.0046875
2 0.4125 0.565625 0.009375 0.0203125
0 0.4125 0.5578125 0.003125 0.003125
2 0.3890625 0.5734375 0.021875 0.059375
0 0.3890625 0.5515625 0.0078125 0.009375
2 0.35625 0.575 0.0265625 0.059375
0 0.35625 0.5515625 0.0078125 0.009375
2 0.3359375 0.575 0.01875 0.046875
0 0.3375 0.55625 0.00625 0.0078125
2 0.328125 0.5734375 0.0171875 0.04375
0 0.3296875 0.5546875 0.00625 0.00625
2 0.30625 0.5765625 0.0171875 0.0421875
0 0.3046875 0.559375 0.00625 0.00625
2 0.2921875 0.5765625 0.015625 0.040625
0 0.2921875 0.5609375 0.0046875 0.00625
2 0.2609375 0.6015625 0.04375 0.075
0 0.2625 0.571875 0.0125 0.0140625
2 0.24375 0.5796875 0.0203125 0.0546875
0 0.2421875 0.559375 0.0078125 0.009375
2 0.2265625 0.5828125 0.025 0.0546875
0 0.225 0.5609375 0.0078125 0.009375
2 0.203125 0.5859375 0.040625 0.1125
0 0.1984375 0.540625 0.0125 0.015625
2 0.159375 0.61875 0.1171875 0.265625
0 0.1671875 0.503125 0.0359375 0.0359375
2 0.1359375 0.6078125 0.078125 0.2515625
0 0.1359375 0.503125 0.0375 0.0375
2 0.1015625 0.5734375 0.0171875 0.0484375
0 0.0984375 0.5515625 0.00625 0.00625
2 0.0828125 0.5796875 0.0328125 0.0578125
0 0.0890625 0.5578125 0.0078125 0.0078125
2 0.0484375 0.58125 0.021875 0.0546875
0 0.05 0.5578125 0.009375 0.0078125
2 0.015625 0.58125 0.0265625 0.0515625
0 0.0125 0.5625 0.009375 0.009375
2 0.00625 0.578125 0.0125 0.05625
0 0.003125 0.5546875 0.00625 0.009375