2 0.084375 0.6546875 0.0171875 0.0296875
0 0.0875 0.64375 0.0046875 0.0046875
2 0.06875 0.6765625 0.0328125 0.0109375
0 0.05625 0.6765625 0.0046875 0.00625
2 0.0828125 0.671875 0.0203125 0.021875
0 0.0890625 0.665625 0.00625 0.00625
2 0.0984375 0.690625 0.025 0.0265625
0 0.0984375 0.6828125 0.009375 0.0078125
2 0.1984375 0.678125 0.0296875 0.025
0 0.209375 0.6734375 0.00625 0.00625
2 0.2421875 0.6890625 0.025 0.0234375
0 0.2484375 0.6828125 0.00625 0.00625
2 0.2625 0.6875 0.0375 0.0265625
0 0.2640625 0.68125 0.00625 0.00625
2 0.315625 0.6609375 0.021875 0.0203125
0 0.321875 0.6546875 0.0046875 0.0046875
2 0.3359375 0.65 0.0265625 0.03125
0 0.3390625 0.640625 0.00625 0.00625
2 0.340625 0.6703125 0.028125 0.021875
0 0.3453125 0.6640625 0.0046875 0.00625
2 0.3859375 0.634375 0.009375 0.03125
0 0.3875 0.621875 0.003125 0.003125
2 0.3921875 0.6375 0.0234375 0.0203125
0 0.3984375 0.63125 0.003125 0.003125
2 0.44375 0.6375 0.0140625 0.0140625
0 0.4453125 0.634375 0.003125 0.003125
2 0.4671875 0.63125 0.0203125 0.0125
0 0.471875 0.628125 0.003125 0.003125
2 0.5109375 0.6375 0.0171875 0.0171875
0 0.5078125 0.6328125 0.003125 0.003125
2 0.5390625 0.6328125 0.0125 0.0125
0 0.540625 0.628125 0.003125 0.003125
2 0.95 0.603125 0.0109375 0.0265625
0 0.95 0.59375 0.003125 0.003125
2 0.9171875 0.6109375 0.0125 0.0328125
0 0.91875 0.5984375 0.0046875 0.0046875