0 0.784375 0.3953125 0.103125 0.1140625
0 0.940625 0.4640625 0.078125 0.084375
2 0.6703125 0.5734375 0.1375 0.234375
0 0.671875 0.4796875 0.0359375 0.0359375
2 0.58125 0.5453125 0.1703125 0.33125
0 0.5828125 0.403125 0.0359375 0.0390625
2 0.5125 0.5046875 0.115625 0.2875
0 0.515625 0.384375 0.0375 0.0421875
2 0.0890625 0.56171875 0.178125 0.3796875
0 0.10625 0.403125 0.0421875 0.0515625
2 0.165625 0.5328125 0.1203125 0.3171875
0 0.1734375 0.396875 0.0390625 0.040625
2 0.2859375 0.5265625 0.109375 0.2953125
0 0.2671875 0.403125 0.040625 0.0421875
2 0.3390625 0.5203125 0.121875 0.2609375
0 0.328125 0.4109375 0.0375 0.0328125
2 0.196875 0.4984375 0.115625 0.2078125
0 0.19375 0.4125 0.025 0.03125
2 0.184375 0.4765625 0.0765625 0.2296875
0 0.1890625 0.378125 0.0265625 0.028125
2 0.14375 0.4234375 0.03125 0.078125
0 0.14375 0.39375 0.009375 0.0109375
2 0.2234375 0.43125 0.0234375 0.0609375
0 0.225 0.40625 0.00625 0.0078125
2 0.6234375 0.4390625 0.040625 0.059375
0 0.628125 0.415625 0.009375 0.009375
2 0.628125 0.434375 0.025 0.0671875
0 0.63125 0.4078125 0.0078125 0.0109375
2 0.646875 0.434375 0.01875 0.0421875
0 0.646875 0.4171875 0.0046875 0.00625
2 0.6796875 0.4359375 0.015625 0.04375
0 0.68125 0.41875 0.0046875 0.00625
2 0.6859375 0.434375 0.01875 0.053125
0 0.690625 0.4140625 0.00625 0.0078125
2 0.703125 0.4359375 0.01875 0.0515625
0 0.7046875 0.415625 0.0078125 0.0078125
2 0.7203125 0.440625 0.01875 0.046875
0 0.721875 0.421875 0.00625 0.00625
2 0.7328125 0.44375 0.0171875 0.0375
0 0.734375 0.4296875 0.00625 0.00625
2 0.8609375 0.434375 0.025 0.078125
0 0.859375 0.403125 0.009375 0.0109375
2 0.89375 0.4546875 0.046875 0.128125
0 0.9 0.403125 0.0140625 0.015625
2 0.03125 0.4921875 0.0625 0.23125
0 0.0171875 0.3984375 0.0328125 0.0359375