0 0.21875 0.5265625 0.0453125 0.0515625
2 0.4328125 0.6765625 0.1359375 0.290625
0 0.4609375 0.5515625 0.0359375 0.04375
2 0.5046875 0.6390625 0.0890625 0.246875
0 0.525 0.54375 0.0265625 0.0265625
2 0.6 0.6515625 0.0828125 0.2421875
0 0.6140625 0.55625 0.0296875 0.0359375
2 0.6375 0.634375 0.0640625 0.196875
0 0.6421875 0.55 0.021875 0.025
2 0.7375 0.6421875 0.103125 0.19375
0 0.7390625 0.5578125 0.0234375 0.025
2 0.753125 0.621875 0.0625 0.1703125
0 0.7515625 0.553125 0.01875 0.0234375
2 0.85 0.5671875 0.109375 0.2984375
0 0.86875 0.440625 0.034375 0.0359375
0 0.9875 0.4734375 0.0203125 0.021875