0 0.4765625 0.4421875 0.0453125 0.0515625
2 0.61875 0.6234375 0.14375 0.3671875
0 0.625 0.46875 0.05 0.053125
2 0.765625 0.625 0.121875 0.3421875
0 0.75625 0.48125 0.05 0.0515625
2 0.328125 0.6078125 0.1703125 0.3109375
0 0.296875 0.478125 0.040625 0.04375
2 0.9140625 0.53125 0.084375 0.2234375
0 0.9328125 0.4390625 0.028125 0.034375
2 0.878125 0.53125 0.0609375 0.18125
0 0.8875 0.4609375 0.0265625 0.028125
2 0.8671875 0.5515625 0.06875 0.1421875
0 0.878125 0.496875 0.025 0.028125
2 0.7625 0.5359375 0.0765625 0.234375
0 0.765625 0.440625 0.0265625 0.0328125
2 0.775 0.546875 0.0859375 0.2328125
0 0.7796875 0.4484375 0.028125 0.03125
2 0.796875 0.5640625 0.0875 0.209375
0 0.7859375 0.4828125 0.0234375 0.028125
2 0.0109375 0.4796875 0.0203125 0.05
0 0.015625 0.4609375 0.00625 0.00625
2 0.034375 0.4796875 0.01875 0.046875
0 0.0328125 0.465625 0.0078125 0.009375
2 0.8296875 0.5609375 0.059375 0.1234375
0 0.8296875 0.5140625 0.015625 0.0171875