2 0.303125 0.48125 0.209375 0.403125
0 0.2765625 0.3484375 0.040625 0.053125
2 0.5078125 0.5203125 0.203125 0.328125
0 0.5171875 0.384375 0.0375 0.046875
0 0.621875 0.4859375 0.059375 0.0546875
0 0.928125 0.6625 0.025 0.028125
0 0.975 0.5359375 0.021875 0.028125
2 0.89375 0.61875 0.0734375 0.171875
0 0.8953125 0.5453125 0.021875 0.025
0 0.859375 0.590625 0.021875 0.025
2 0.8203125 0.6109375 0.0640625 0.1734375
0 0.815625 0.5375 0.021875 0.025
2 0.8015625 0.65 0.06875 0.159375
0 0.809375 0.5859375 0.025 0.025
2 0.7375 0.6859375 0.0640625 0.10625
0 0.7390625 0.659375 0.021875 0.021875
2 0.7640625 0.6328125 0.053125 0.13125
0 0.7625 0.58125 0.015625 0.0203125
2 0.73125 0.6421875 0.053125 0.153125
0 0.725 0.5796875 0.01875 0.0203125
2 0.6921875 0.6328125 0.046875 0.1515625
0 0.6953125 0.5703125 0.01875 0.01875
0 0.671875 0.5984375 0.0171875 0.0265625
2 0.5921875 0.6234375 0.0546875 0.1390625
0 0.5890625 0.56875 0.0171875 0.01875
0 0.51875 0.53125 0.028125 0.028125
0 0.4109375 0.6703125 0.0171875 0.025
2 0.3828125 0.684375 0.0609375 0.0828125
0 0.396875 0.6546875 0.0140625 0.0171875
2 0.3390625 0.66875 0.06875 0.140625
0 0.3359375 0.6140625 0.021875 0.0234375
2 0.3078125 0.640625 0.0578125 0.1328125
0 0.30625 0.584375 0.0171875 0.0203125
2 0.2765625 0.665625 0.059375 0.1375
0 0.28125 0.6078125 0.021875 0.021875
0 0.228125 0.609375 0.021875 0.025
2 0.2015625 0.646875 0.0578125 0.134375
0 0.2 0.590625 0.01875 0.0203125
2 0.14375 0.6734375 0.0765625 0.15
0 0.1515625 0.6125 0.0234375 0.0265625
0 0.0234375 0.6296875 0.01875 0.0203125
2 0.0578125 0.653125 0.065625 0.15
0 0.05625 0.590625 0.0171875 0.01875
2 0.01875 0.6671875 0.0375 0.1546875
0 0.0109375 0.6046875 0.0171875 0.0203125
2 0.4328125 0.6390625 0.059375 0.1171875
0 0.425 0.59375 0.021875 0.01875