2 0.2 0.7859375 0.025 0.065625
0 0.2046875 0.759375 0.0078125 0.009375
2 0.2984375 0.7828125 0.0171875 0.0578125
0 0.3 0.759375 0.00625 0.00625
2 0.3671875 0.784375 0.028125 0.084375
0 0.36875 0.7484375 0.0109375 0.0125
2 0.4453125 0.7765625 0.0546875 0.1375
0 0.4390625 0.715625 0.015625 0.0171875
2 0.5703125 0.790625 0.065625 0.15
0 0.56875 0.7265625 0.015625 0.0171875
2 0.65625 0.771875 0.059375 0.1234375
0 0.6578125 0.721875 0.0140625 0.0140625
2 0.6859375 0.7765625 0.071875 0.1234375
0 0.6890625 0.725 0.015625 0.0171875
2 0.8078125 0.7625 0.0515625 0.128125
0 0.8078125 0.7125 0.015625 0.0171875