2 0.2015625 0.54375 0.34375 0.4515625
0 0.2265625 0.3765625 0.09375 0.10625
2 0.1734375 0.471875 0.11875 0.3234375
0 0.1765625 0.3484375 0.0640625 0.0734375
2 0.1890625 0.390625 0.184375 0.44375
0 0.196875 0.2203125 0.0640625 0.0890625
2 0.29375 0.5453125 0.1734375 0.28125
0 0.2796875 0.453125 0.071875 0.08125
2 0.378125 0.5125 0.1515625 0.234375
0 0.359375 0.4375 0.0671875 0.078125
2 0.3765625 0.4484375 0.1109375 0.2828125
0 0.3796875 0.3390625 0.05 0.0578125
2 0.396875 0.3953125 0.1296875 0.39375
0 0.403125 0.234375 0.0546875 0.0640625
2 0.5453125 0.48125 0.2296875 0.2359375
0 0.559375 0.4078125 0.0578125 0.075
2 0.6578125 0.528125 0.3484375 0.328125
0 0.6859375 0.415625 0.0859375 0.0984375
2 0.7421875 0.4140625 0.1015625 0.2578125
0 0.7328125 0.3203125 0.0546875 0.05625
2 0.8234375 0.4625 0.146875 0.25
0 0.8359375 0.38125 0.0578125 0.06875
2 0.884375 0.5015625 0.21875 0.2140625
0 0.9046875 0.434375 0.0765625 0.0578125