2 0.053125 0.5 0.1046875 0.253125
0 0.053125 0.3953125 0.03125 0.0328125
2 0.0953125 0.4984375 0.159375 0.2265625
0 0.1 0.403125 0.0265625 0.0328125
2 0.14375 0.4984375 0.065625 0.2109375
0 0.1484375 0.4109375 0.0203125 0.028125
2 0.171875 0.5671875 0.1078125 0.178125
0 0.1671875 0.5 0.03125 0.040625
2 0.259375 0.571875 0.0640625 0.1171875
0 0.25625 0.5421875 0.0203125 0.0234375
2 0.2703125 0.534375 0.0640625 0.159375
0 0.271875 0.4796875 0.021875 0.0265625
2 0.2046875 0.4921875 0.0671875 0.19375
0 0.2109375 0.4125 0.021875 0.0296875
2 0.2453125 0.4921875 0.0546875 0.2
0 0.246875 0.409375 0.021875 0.03125
2 0.2875 0.4984375 0.065625 0.2015625
0 0.284375 0.415625 0.021875 0.03125
2 0.3171875 0.49375 0.0375 0.184375
0 0.3140625 0.41875 0.021875 0.0296875
2 0.3390625 0.5 0.06875 0.2203125
0 0.34375 0.409375 0.0265625 0.034375
2 0.3625 0.490625 0.034375 0.1671875
0 0.359375 0.4203125 0.0203125 0.028125
2 0.384375 0.4859375 0.0453125 0.178125
0 0.384375 0.4125 0.0203125 0.028125
2 0.384375 0.546875 0.0640625 0.125
0 0.3921875 0.503125 0.021875 0.03125
2 0.440625 0.5484375 0.0625 0.11875
0 0.4390625 0.50625 0.021875 0.03125
2 0.5015625 0.5453125 0.0703125 0.1390625
0 0.50625 0.4953125 0.0234375 0.0265625
2 0.4234375 0.4984375 0.071875 0.19375
0 0.428125 0.4171875 0.0203125 0.0296875
2 0.4625 0.4890625 0.040625 0.171875
0 0.4578125 0.4203125 0.0203125 0.028125
2 0.4921875 0.4859375 0.075 0.2140625
0 0.49375 0.3953125 0.0234375 0.0296875
2 0.55625 0.559375 0.0609375 0.1171875
0 0.55625 0.51875 0.021875 0.03125
2 0.634375 0.5640625 0.05625 0.1125
0 0.6390625 0.521875 0.021875 0.028125
2 0.671875 0.571875 0.0453125 0.0953125
0 0.66875 0.54375 0.021875 0.03125
2 0.7015625 0.5640625 0.0390625 0.0921875
0 0.703125 0.5328125 0.01875 0.0265625
2 0.740625 0.5140625 0.08125 0.2078125
0 0.7328125 0.428125 0.025 0.0296875
2 0.7703125 0.5046875 0.0390625 0.1828125
0 0.76875 0.43125 0.0203125 0.0296875
2 0.7953125 0.515625 0.0515625 0.190625
0 0.8015625 0.4359375 0.0203125 0.028125
2 0.8234375 0.515625 0.071875 0.2125
0 0.8296875 0.428125 0.0234375 0.034375
2 0.8609375 0.4609375 0.04375 0.15
0 0.8625 0.4015625 0.0265625 0.0265625
2 0.8734375 0.5203125 0.04375 0.19375
0 0.875 0.4390625 0.0265625 0.028125
2 0.8984375 0.5234375 0.0765625 0.2296875
0 0.9015625 0.428125 0.0265625 0.0328125
2 0.946875 0.528125 0.078125 0.2328125
0 0.9546875 0.43125 0.0265625 0.0328125