2 0.0671875 0.5984375 0.0828125 0.18125
0 0.0640625 0.5234375 0.021875 0.021875
2 0.0328125 0.575 0.0421875 0.10625
0 0.04375 0.5328125 0.0171875 0.01875
2 0.1109375 0.5609375 0.040625 0.0984375
0 0.1078125 0.5203125 0.0125 0.0125
2 0.1875 0.6171875 0.1109375 0.2796875
0 0.1984375 0.4984375 0.034375 0.0375
2 0.159375 0.5625 0.0359375 0.084375
0 0.1671875 0.5296875 0.0125 0.0125
2 0.2546875 0.5578125 0.025 0.075
0 0.253125 0.528125 0.009375 0.0109375
2 0.2734375 0.578125 0.0390625 0.1140625
0 0.28125 0.53125 0.0171875 0.0171875
2 0.3015625 0.5890625 0.0578125 0.1453125
0 0.3015625 0.53125 0.01875 0.021875
2 0.31875 0.5578125 0.025 0.059375
0 0.3203125 0.5328125 0.0078125 0.009375
2 0.3375 0.553125 0.0171875 0.0453125
0 0.340625 0.5375 0.00625 0.00625
2 0.3484375 0.553125 0.015625 0.04375
0 0.3515625 0.5390625 0.0078125 0.00625
2 0.36875 0.5578125 0.0265625 0.071875
0 0.3703125 0.5296875 0.009375 0.0109375
2 0.3875 0.5765625 0.0453125 0.0984375
0 0.396875 0.5359375 0.0125 0.0140625
2 0.4125 0.5625 0.0265625 0.078125
0 0.4125 0.53125 0.0125 0.0125
2 0.4375 0.553125 0.0171875 0.05
0 0.4375 0.5328125 0.0078125 0.0078125
2 0.4578125 0.584375 0.06875 0.15625
0 0.4640625 0.51875 0.0203125 0.0234375
2 0.4875 0.5546875 0.021875 0.053125
0 0.490625 0.5359375 0.0078125 0.009375
2 0.4953125 0.5578125 0.0125 0.046875
0 0.496875 0.5390625 0.0078125 0.0078125
2 0.50625 0.5546875 0.0171875 0.05625
0 0.5109375 0.5328125 0.0078125 0.0078125
2 0.521875 0.5703125 0.034375 0.0796875
0 0.521875 0.5390625 0.0109375 0.0125
2 0.5375 0.565625 0.03125 0.0921875
0 0.5359375 0.528125 0.0125 0.0125
2 0.559375 0.5609375 0.0359375 0.06875
0 0.5546875 0.534375 0.009375 0.009375
2 0.609375 0.5578125 0.0234375 0.0546875
0 0.6140625 0.5359375 0.0078125 0.0078125
2 0.6421875 0.58125 0.04375 0.1203125
0 0.6328125 0.5328125 0.0171875 0.01875
2 0.6609375 0.5671875 0.0203125 0.065625
0 0.6609375 0.5421875 0.0125 0.0125
2 0.7 0.56875 0.040625 0.071875
0 0.7078125 0.5421875 0.009375 0.0125
2 0.7640625 0.609375 0.0765625 0.16875
0 0.7609375 0.540625 0.021875 0.0234375
2 0.825 0.56875 0.0328125 0.0640625
0 0.825 0.54375 0.0078125 0.0109375
2 0.796875 0.553125 0.0125 0.021875
0 0.7984375 0.546875 0.0046875 0.0046875
2 0.95 0.590625 0.05 0.115625
0 0.9546875 0.5421875 0.0171875 0.015625