2 0.0328125 0.5109375 0.0578125 0.140625
0 0.0171875 0.4515625 0.015625 0.01875
2 0.0921875 0.5046875 0.0453125 0.1328125
0 0.0875 0.4515625 0.015625 0.0171875
2 0.084375 0.5640625 0.0515625 0.1421875
0 0.0875 0.5125 0.015625 0.01875
2 0.1328125 0.5390625 0.1375 0.1609375
0 0.1234375 0.471875 0.021875 0.0234375
2 0.18125 0.5125 0.103125 0.1171875
0 0.178125 0.4625 0.0125 0.0171875
2 0.2453125 0.584375 0.1828125 0.2109375
0 0.2359375 0.49375 0.028125 0.0265625
2 0.3078125 0.5390625 0.0984375 0.121875
0 0.30625 0.4875 0.0171875 0.01875
2 0.3046875 0.5015625 0.0359375 0.0765625
0 0.303125 0.471875 0.0078125 0.0109375
2 0.3515625 0.5734375 0.16875 0.1671875
0 0.3296875 0.503125 0.021875 0.0234375
2 0.36875 0.5328125 0.0921875 0.109375
0 0.3609375 0.484375 0.015625 0.0140625
2 0.353125 0.5109375 0.0234375 0.0671875
0 0.3515625 0.484375 0.0078125 0.009375
2 0.43125 0.546875 0.1421875 0.1640625
0 0.4265625 0.4796875 0.021875 0.025
2 0.459375 0.521875 0.0265625 0.115625
0 0.4609375 0.4734375 0.0125 0.0125
2 0.48125 0.50625 0.0375 0.0953125
0 0.4859375 0.465625 0.009375 0.0109375
2 0.4890625 0.5265625 0.1015625 0.1046875
0 0.4765625 0.4953125 0.0140625 0.015625
2 0.5109375 0.5171875 0.025 0.1078125
0 0.5109375 0.471875 0.0140625 0.0140625
2 0.5421875 0.5265625 0.05625 0.10625
0 0.53125 0.484375 0.0125 0.015625
2 0.5484375 0.521875 0.0390625 0.1
0 0.54375 0.4796875 0.0109375 0.0140625
2 0.5125 0.5515625 0.115625 0.1203125
0 0.4859375 0.5046875 0.01875 0.021875
2 0.5921875 0.534375 0.0421875 0.1359375
0 0.59375 0.478125 0.01875 0.021875
2 0.615625 0.5171875 0.03125 0.0953125
0 0.615625 0.478125 0.0109375 0.0125
2 0.975 0.5390625 0.0375 0.1234375
0 0.975 0.490625 0.0140625 0.015625
2 0.9203125 0.559375 0.1359375 0.125
0 0.90625 0.5078125 0.0171875 0.0171875
2 0.8109375 0.54375 0.0828125 0.1625
0 0.8265625 0.4734375 0.021875 0.01875
2 0.76875 0.553125 0.1859375 0.1953125
0 0.75625 0.4703125 0.0234375 0.0234375
2 0.7453125 0.5609375 0.2484375 0.2484375
0 0.725 0.4609375 0.0328125 0.0359375
2 0.6484375 0.6 0.2625 0.275
0 0.634375 0.4859375 0.034375 0.04375