2 0.834375 0.5609375 0.278125 0.6
0 0.8671875 0.315625 0.0984375 0.109375
0 0.9296875 0.2828125 0.053125 0.0765625
2 0.775 0.4234375 0.128125 0.35
0 0.771875 0.284375 0.0421875 0.053125
2 0.7 0.490625 0.146875 0.4484375
0 0.696875 0.303125 0.053125 0.0671875
2 0.6515625 0.43125 0.11875 0.33125
0 0.6484375 0.296875 0.0390625 0.0484375
2 0.515625 0.5453125 0.25 0.65625
0 0.5015625 0.2734375 0.0828125 0.1
2 0.4109375 0.53125 0.1375 0.453125
0 0.4015625 0.3453125 0.0609375 0.071875
2 0.4703125 0.3890625 0.096875 0.3140625
0 0.4734375 0.2578125 0.0390625 0.04375
2 0.271875 0.5140625 0.16875 0.4515625
0 0.2578125 0.3234375 0.0515625 0.0671875
2 0.3125 0.46875 0.1015625 0.396875
0 0.31875 0.3078125 0.04375 0.059375
2 0.3375 0.4140625 0.0984375 0.3359375
0 0.3265625 0.26875 0.0390625 0.0421875
2 0.2859375 0.4328125 0.128125 0.390625
0 0.275 0.278125 0.0453125 0.053125
2 0.1875 0.5046875 0.1421875 0.4015625
0 0.19375 0.3390625 0.0484375 0.0578125
2 0.14375 0.4703125 0.13125 0.403125
0 0.1359375 0.3 0.0515625 0.0625
2 0.1359375 0.4171875 0.121875 0.34375
0 0.125 0.2734375 0.04375 0.0484375
0 0.034375 0.3046875 0.0671875 0.0984375