2 0.178125 0.5890625 0.015625 0.025
0 0.178125 0.5796875 0.0046875 0.003125
2 0.1875 0.5875 0.009375 0.0265625
0 0.1859375 0.5765625 0.003125 0.003125
2 0.240625 0.5875 0.0109375 0.0328125
0 0.24375 0.5734375 0.003125 0.003125
2 0.2515625 0.584375 0.0140625 0.0328125
0 0.2515625 0.571875 0.0046875 0.0046875
2 0.2578125 0.58125 0.009375 0.0296875
0 0.2578125 0.56875 0.003125 0.0046875
2 0.2609375 0.584375 0.009375 0.0296875
0 0.2625 0.571875 0.0046875 0.0046875
2 0.278125 0.5875 0.015625 0.0328125
0 0.2828125 0.575 0.003125 0.003125
2 0.3125 0.5875 0.015625 0.0328125
0 0.3125 0.575 0.0046875 0.0046875
2 0.325 0.5875 0.0109375 0.028125
0 0.325 0.5765625 0.003125 0.003125
2 0.3328125 0.5890625 0.0109375 0.0296875
0 0.334375 0.578125 0.003125 0.003125
2 0.34375 0.5890625 0.0125 0.0296875
0 0.3453125 0.5765625 0.0046875 0.0046875
2 0.3609375 0.584375 0.00625 0.015625
0 0.359375 0.578125 0.0015625 0.003125
2 0.3703125 0.584375 0.00625 0.0140625
0 0.3703125 0.5796875 0.0015625 0.0015625
2 0.403125 0.590625 0.0125 0.03125
0 0.403125 0.5765625 0.003125 0.0046875
2 0.4515625 0.59375 0.009375 0.0296875
0 0.4515625 0.58125 0.003125 0.003125
2 0.41875 0.690625 0.09375 0.228125
0 0.421875 0.5953125 0.025 0.0328125
2 0.440625 0.7671875 0.1515625 0.34375
0 0.434375 0.6203125 0.034375 0.046875
2 0.5015625 0.615625 0.0265625 0.065625
0 0.4984375 0.5875 0.009375 0.009375
2 0.5296875 0.6859375 0.0671875 0.196875
0 0.5296875 0.6046875 0.0203125 0.028125
2 0.5515625 0.7671875 0.096875 0.290625
0 0.5546875 0.64375 0.0359375 0.040625
2 0.6140625 0.6984375 0.071875 0.178125
0 0.6171875 0.628125 0.0203125 0.028125
2 0.584375 0.6046875 0.01875 0.0484375
0 0.5859375 0.584375 0.0046875 0.00625
2 0.6078125 0.6140625 0.0125 0.0328125
0 0.6078125 0.6 0.00625 0.0046875
2 0.6078125 0.6 0.0078125 0.0265625
0 0.609375 0.5890625 0.0015625 0.003125
2 0.7265625 0.7734375 0.128125 0.2953125
0 0.721875 0.65 0.034375 0.0421875
2 0.721875 0.6421875 0.05 0.1140625
0 0.721875 0.59375 0.0125 0.015625
2 0.65 0.646875 0.040625 0.1171875
0 0.6546875 0.596875 0.0140625 0.0171875
2 0.665625 0.6359375 0.0375 0.1125
0 0.6671875 0.5875 0.0125 0.0140625
2 0.7640625 0.6171875 0.021875 0.0421875
0 0.7609375 0.6015625 0.00625 0.0078125
2 0.709375 0.6015625 0.009375 0.0296875
0 0.7109375 0.590625 0.003125 0.003125
2 0.696875 0.5984375 0.0109375 0.025
0 0.6953125 0.5890625 0.003125 0.003125
2 0.684375 0.5984375 0.0078125 0.0234375
0 0.6828125 0.5890625 0.003125 0.003125
2 0.6234375 0.6046875 0.015625 0.0453125
0 0.6234375 0.5859375 0.0046875 0.00625
2 0.6328125 0.6 0.0109375 0.0328125
0 0.6328125 0.5859375 0.003125 0.003125
2 0.5609375 0.5890625 0.0046875 0.009375
0 0.5609375 0.5859375 0.0015625 0.0015625
2 0.55625 0.5890625 0.003125 0.0078125
0 0.55625 0.5859375 0.0015625 0.0015625
2 0.64375 0.5984375 0.0078125 0.01875
0 0.64375 0.5921875 0.003125 0.003125
2 0.6390625 0.596875 0.00625 0.021875
0 0.6390625 0.5875 0.003125 0.003125
2 0.6125 0.6 0.009375 0.0265625
0 0.6125 0.590625 0.003125 0.0046875
2 0.7953125 0.60625 0.00625 0.0171875
0 0.7953125 0.6 0.0015625 0.0015625
2 0.678125 0.6 0.0078125 0.0234375
0 0.6796875 0.5890625 0.0015625 0.0015625
2 0.6484375 0.596875 0.009375 0.0203125
0 0.65 0.5875 0.003125 0.003125