2 0.653125 0.64375 0.1015625 0.290625
0 0.65625 0.5234375 0.0375 0.040625
2 0.4109375 0.575 0.06875 0.175
0 0.4046875 0.5 0.01875 0.025
2 0.371875 0.5296875 0.034375 0.0859375
0 0.3734375 0.49375 0.0109375 0.0125
2 0.33125 0.53125 0.03125 0.090625
0 0.3328125 0.49375 0.0125 0.0125
2 0.3265625 0.525 0.03125 0.075
0 0.325 0.49375 0.0109375 0.0125
2 0.284375 0.5296875 0.034375 0.08125
0 0.2828125 0.4953125 0.0109375 0.0109375
2 0.2484375 0.53125 0.0421875 0.0859375
0 0.2421875 0.4953125 0.0109375 0.0109375
2 0.2125 0.5359375 0.0296875 0.090625
0 0.2125 0.4984375 0.0109375 0.0125
2 0.1796875 0.51875 0.0203125 0.0484375
0 0.1796875 0.4984375 0.0078125 0.00625
2 0.2640625 0.5140625 0.021875 0.0484375
0 0.265625 0.49375 0.0078125 0.00625
2 0.2203125 0.50625 0.021875 0.0375
0 0.2171875 0.490625 0.00625 0.0046875
2 0.2578125 0.509375 0.0140625 0.0421875
0 0.2578125 0.4921875 0.00625 0.00625