2 0.58125 0.5671875 0.109375 0.271875
0 0.5828125 0.4546875 0.03125 0.0421875
2 0.3203125 0.5765625 0.1015625 0.2359375
0 0.321875 0.4765625 0.028125 0.0265625
2 0.1671875 0.5421875 0.05625 0.1625
0 0.175 0.4859375 0.01875 0.01875
2 0.1421875 0.50625 0.0328125 0.0984375
0 0.1421875 0.465625 0.0109375 0.0109375
2 0.21875 0.50625 0.0515625 0.121875
0 0.2234375 0.459375 0.0125 0.0140625
2 0.2703125 0.496875 0.0578125 0.13125
0 0.2671875 0.440625 0.0140625 0.015625
2 0.85625 0.4515625 0.0171875 0.040625
0 0.859375 0.4328125 0.00625 0.00625