2 0.9125 0.746875 0.134375 0.16875
0 0.93125 0.6875 0.01875 0.025
0 0.915625 0.7 0.025 0.0265625
0 0.9140625 0.7828125 0.03125 0.03125
0 0.7640625 0.8046875 0.0359375 0.04375
0 0.7171875 0.775 0.0328125 0.0359375
0 0.671875 0.7625 0.034375 0.0359375
0 0.63125 0.7734375 0.028125 0.0296875
0 0.746875 0.7046875 0.0265625 0.0328125
0 0.6375 0.7390625 0.03125 0.03125
0 0.575 0.753125 0.025 0.025
0 0.43125 0.73125 0.028125 0.03125
0 0.3546875 0.70625 0.021875 0.025
2 0.2765625 0.7453125 0.0421875 0.1578125
0 0.2765625 0.678125 0.0203125 0.021875
0 0.1421875 0.7203125 0.0265625 0.0296875
2 0.0859375 0.7171875 0.0390625 0.115625
0 0.0859375 0.66875 0.0203125 0.01875
2 0.653125 0.640625 0.034375 0.1015625
0 0.6546875 0.5984375 0.0125 0.0140625
2 0.640625 0.5890625 0.0171875 0.0484375
0 0.6421875 0.571875 0.00625 0.0078125
2 0.68125 0.5859375 0.01875 0.053125
0 0.678125 0.5671875 0.0078125 0.0109375
2 0.803125 0.625 0.03125 0.103125
0 0.8015625 0.5828125 0.0140625 0.015625
2 0.8625 0.61875 0.053125 0.0921875
0 0.86875 0.58125 0.0125 0.0125
2 0.928125 0.6078125 0.04375 0.0765625
0 0.934375 0.578125 0.0109375 0.015625
0 0.9921875 0.571875 0.0109375 0.0125
2 0.390625 0.5921875 0.01875 0.0609375
0 0.390625 0.56875 0.0078125 0.009375
2 0.5015625 0.596875 0.025 0.0546875
0 0.503125 0.5765625 0.0078125 0.0078125
0 0.690625 0.740625 0.025 0.028125
0 0.6765625 0.7046875 0.0296875 0.034375
2 0.5109375 0.721875 0.0578125 0.06875
0 0.503125 0.7 0.01875 0.0203125
0 0.4765625 0.7046875 0.0265625 0.0265625
0 0.409375 0.70625 0.0296875 0.03125
0 0.2109375 0.7375 0.0265625 0.028125
0 0.23125 0.70625 0.028125 0.0265625
0 0.1578125 0.7203125 0.025 0.028125
2 0.171875 0.753125 0.0484375 0.153125
0 0.1609375 0.69375 0.025 0.0234375
0 0.040625 0.75625 0.0234375 0.028125
0 0.028125 0.7578125 0.0375 0.0359375
2 0.040625 0.703125 0.0390625 0.1375
0 0.034375 0.646875 0.021875 0.01875
2 0.0140625 0.728125 0.028125 0.1390625
0 0.00625 0.675 0.0125 0.0234375
2 0.134375 0.74375 0.0375 0.1328125
0 0.134375 0.6921875 0.021875 0.01875
2 0.24375 0.7453125 0.0421875 0.1421875
0 0.2390625 0.6828125 0.01875 0.0171875
2 0.209375 0.721875 0.0375 0.14375
0 0.2109375 0.665625 0.0234375 0.0234375
2 0.18125 0.7109375 0.0359375 0.128125
0 0.1859375 0.659375 0.021875 0.01875
2 0.1421875 0.7078125 0.0359375 0.1328125
0 0.14375 0.653125 0.0203125 0.01875
2 0.5921875 0.590625 0.0140625 0.05
0 0.59375 0.571875 0.00625 0.0078125
2 0.60625 0.5859375 0.01875 0.05
0 0.603125 0.5671875 0.00625 0.0078125
2 0.353125 0.621875 0.0359375 0.0484375
0 0.35 0.6078125 0.0109375 0.0109375
2 0.3515625 0.5875 0.0171875 0.05
0 0.3515625 0.5671875 0.0078125 0.0078125
2 0.3390625 0.5859375 0.01875 0.0578125
0 0.34375 0.5671875 0.00625 0.0078125
0 0.5171875 0.7 0.0203125 0.0234375
2 0.0875 0.58125 0.0203125 0.0453125
0 0.0875 0.565625 0.00625 0.0078125
2 0.0359375 0.578125 0.0203125 0.0359375
0 0.0328125 0.5640625 0.00625 0.00625
2 0.0203125 0.58125 0.021875 0.0375
0 0.0234375 0.565625 0.00625 0.00625
2 0.08125 0.7078125 0.040625 0.11875
0 0.075 0.6625 0.015625 0.0171875
2 0.3 0.7359375 0.040625 0.1234375
0 0.3 0.6875 0.01875 0.0171875
2 0.3296875 0.725 0.053125 0.140625
0 0.325 0.6703125 0.01875 0.01875
2 0.3578125 0.7453125 0.053125 0.1515625
0 0.3625 0.6828125 0.021875 0.021875
2 0.4140625 0.74375 0.0640625 0.153125
0 0.4109375 0.684375 0.0234375 0.025
0 0.5921875 0.7 0.0203125 0.021875
0 0.55 0.725 0.0203125 0.021875
2 0.5765625 0.7390625 0.0578125 0.1515625
0 0.58125 0.671875 0.0171875 0.01875
2 0.45 0.715625 0.0515625 0.125
0 0.4484375 0.6640625 0.0171875 0.01875