2 0.0578125 0.571875 0.1140625 0.3203125
0 0.0734375 0.4359375 0.0453125 0.046875
2 0.04375 0.5671875 0.0875 0.296875
0 0.0359375 0.453125 0.034375 0.0328125
2 0.13125 0.5359375 0.065625 0.2078125
0 0.1328125 0.4515625 0.025 0.0296875
2 0.1640625 0.56875 0.090625 0.2796875
0 0.171875 0.4578125 0.034375 0.040625
0 0.346875 0.4265625 0.178125 0.265625
0 0.478125 0.38125 0.0609375 0.0703125
2 0.7875 0.490625 0.0296875 0.0578125
0 0.78125 0.46875 0.0046875 0.0046875
2 0.7109375 0.509375 0.053125 0.1359375
0 0.7015625 0.453125 0.015625 0.01875
2 0.6625 0.503125 0.0390625 0.11875
0 0.6609375 0.4546875 0.0140625 0.0171875
2 0.6375 0.5375 0.05625 0.159375
0 0.64375 0.4734375 0.015625 0.0140625