2 0.30625 0.609375 0.1578125 0.4328125
0 0.303125 0.4234375 0.0625 0.0609375
2 0.16875 0.640625 0.1703125 0.3328125
0 0.178125 0.5078125 0.053125 0.0546875
2 0.4953125 0.6671875 0.1390625 0.2734375
0 0.5109375 0.559375 0.0296875 0.0359375
2 0.603125 0.4953125 0.115625 0.515625
0 0.640625 0.384375 0.0375 0.04375
2 0.7109375 0.5 0.146875 0.5515625
0 0.7453125 0.3625 0.0546875 0.0515625
2 0.834375 0.5296875 0.1625 0.5609375
0 0.8515625 0.403125 0.065625 0.0546875
2 0.953125 0.7171875 0.0796875 0.1484375
0 0.9625 0.659375 0.0203125 0.0265625
2 0.0265625 0.62421875 0.053125 0.2953125
0 0.01875 0.5046875 0.0375 0.04375
2 0.0859375 0.6515625 0.05 0.153125
0 0.090625 0.5875 0.0171875 0.0203125
2 0.0765625 0.64375 0.0359375 0.134375
0 0.078125 0.590625 0.01875 0.0203125
2 0.85625 0.675 0.0875 0.2359375
0 0.865625 0.5921875 0.0234375 0.028125