0 0.36875 0.428125 0.1109375 0.128125
0 0.18125 0.39375 0.0765625 0.1015625
0 0.9359375 0.271875 0.0421875 0.0453125
2 0.8859375 0.465625 0.11875 0.334375
0 0.871875 0.340625 0.05 0.0671875
2 0.728125 0.425 0.1109375 0.303125
0 0.71875 0.3078125 0.0453125 0.0609375
2 0.0953125 0.41875 0.14375 0.35625
0 0.078125 0.278125 0.046875 0.059375
2 0.28125 0.3828125 0.0875 0.225
0 0.271875 0.29375 0.0265625 0.0375
2 0.4078125 0.4421875 0.1453125 0.3984375
0 0.396875 0.2796875 0.05 0.065625
2 0.5234375 0.3953125 0.10625 0.240625
0 0.5203125 0.3 0.0359375 0.04375
2 0.4546875 0.4859375 0.0609375 0.2625
0 0.4546875 0.384375 0.034375 0.0375
2 0.6453125 0.3578125 0.0609375 0.1875
0 0.6484375 0.28125 0.0203125 0.0234375
2 0.8140625 0.3796875 0.084375 0.1578125
0 0.8359375 0.31875 0.0328125 0.0328125
2 0.921875 0.409375 0.090625 0.3328125
0 0.9390625 0.2703125 0.046875 0.04375
2 0.7890625 0.3546875 0.065625 0.1796875
0 0.80625 0.284375 0.0234375 0.03125
2 0.571875 0.3765625 0.10625 0.146875
0 0.546875 0.3171875 0.01875 0.025
2 0.6046875 0.36875 0.090625 0.1421875
0 0.584375 0.3140625 0.021875 0.0234375
2 0.4375 0.3703125 0.046875 0.1859375
0 0.434375 0.2953125 0.021875 0.028125
2 0.4140625 0.375 0.0484375 0.1734375
0 0.415625 0.3046875 0.01875 0.021875
2 0.41875 0.484375 0.0640625 0.265625
0 0.4171875 0.378125 0.0296875 0.03125
2 0.184375 0.371875 0.0578125 0.2109375
0 0.1765625 0.2828125 0.021875 0.025
2 0.3484375 0.3828125 0.0546875 0.1984375
0 0.3578125 0.303125 0.025 0.0359375
2 0.3703125 0.3640625 0.0671875 0.2359375
0 0.3671875 0.265625 0.0265625 0.03125
2 0.7390625 0.346875 0.0546875 0.1640625
0 0.74375 0.2765625 0.0171875 0.0171875
2 0.709375 0.3671875 0.05 0.1578125
0 0.7109375 0.3015625 0.021875 0.0234375
2 0.2265625 0.3109375 0.025 0.0703125
0 0.2296875 0.284375 0.009375 0.009375
2 0.228125 0.359375 0.034375 0.0765625
0 0.2265625 0.334375 0.0140625 0.0171875
2 0.146875 0.41875 0.09375 0.296875
0 0.134375 0.29375 0.034375 0.0375
2 0.075 0.4671875 0.1 0.165625
0 0.0578125 0.396875 0.0234375 0.0234375
2 0.059375 0.4078125 0.08125 0.271875
0 0.053125 0.2921875 0.03125 0.0359375
2 0.678125 0.3609375 0.04375 0.121875
0 0.6765625 0.3125 0.0171875 0.021875
2 0.634375 0.378125 0.0484375 0.1109375
0 0.6328125 0.33125 0.015625 0.015625