2 0.975 0.7078125 0.040625 0.1109375
0 0.978125 0.6640625 0.0171875 0.0171875
2 0.9125 0.709375 0.0328125 0.0828125
0 0.9109375 0.678125 0.0125 0.0125
2 0.8859375 0.7171875 0.034375 0.084375
0 0.8875 0.6828125 0.009375 0.0109375
2 0.846875 0.7140625 0.04375 0.0890625
0 0.8390625 0.678125 0.009375 0.0109375
2 0.8578125 0.7015625 0.025 0.0609375
0 0.859375 0.6765625 0.009375 0.0078125
2 0.7671875 0.759375 0.078125 0.153125
0 0.759375 0.703125 0.0203125 0.025
0 0.703125 0.6984375 0.0203125 0.025
2 0.709375 0.7234375 0.0421875 0.1125
0 0.703125 0.6796875 0.0171875 0.0203125
2 0.6859375 0.7390625 0.046875 0.134375
0 0.6859375 0.684375 0.01875 0.01875
2 0.625 0.7515625 0.0484375 0.159375
0 0.63125 0.6890625 0.0203125 0.025
2 0.6 0.7359375 0.0359375 0.096875
0 0.6 0.696875 0.0140625 0.015625
2 0.565625 0.7328125 0.0390625 0.103125
0 0.559375 0.69375 0.0140625 0.015625
2 0.525 0.73125 0.0375 0.1015625
0 0.53125 0.690625 0.0140625 0.0140625
2 0.5125 0.6984375 0.015625 0.0375
0 0.5140625 0.684375 0.0078125 0.0078125
2 0.4828125 0.696875 0.0171875 0.034375
0 0.484375 0.684375 0.00625 0.00625
2 0.471875 0.6984375 0.0125 0.0296875
0 0.471875 0.6875 0.0046875 0.0046875
2 0.428125 0.703125 0.0171875 0.0421875
0 0.4296875 0.6859375 0.00625 0.00625
2 0.384375 0.7140625 0.03125 0.0546875
0 0.3875 0.69375 0.0078125 0.0078125
2 0.35 0.7125 0.0234375 0.053125
0 0.3515625 0.690625 0.0078125 0.0078125
2 0.3671875 0.7125 0.021875 0.053125
0 0.36875 0.6921875 0.0078125 0.0078125
2 0.3328125 0.7109375 0.021875 0.05
0 0.3328125 0.6921875 0.0078125 0.0078125
2 0.3109375 0.715625 0.028125 0.0578125
0 0.315625 0.69375 0.0078125 0.0078125
2 0.2921875 0.7171875 0.0234375 0.059375
0 0.29375 0.6921875 0.009375 0.0078125
2 0.265625 0.7140625 0.0296875 0.0671875
0 0.26875 0.6875 0.009375 0.009375
2 0.2453125 0.725 0.034375 0.08125
0 0.24375 0.690625 0.0109375 0.0109375
2 0.2171875 0.7328125 0.04375 0.0875
0 0.225 0.6984375 0.0140625 0.0109375
2 0.184375 0.7265625 0.03125 0.078125
0 0.1921875 0.6953125 0.0109375 0.009375
2 0.159375 0.7328125 0.0359375 0.0828125
0 0.16875 0.6984375 0.0140625 0.0125
2 0.1390625 0.7171875 0.01875 0.0546875
0 0.1421875 0.6953125 0.00625 0.0078125
2 0.125 0.71875 0.0171875 0.05625
0 0.125 0.696875 0.0078125 0.009375
2 0.1140625 0.7203125 0.01875 0.0515625
0 0.1125 0.703125 0.0078125 0.0078125
2 0.09375 0.721875 0.0203125 0.053125
0 0.096875 0.703125 0.0078125 0.0078125
2 0.075 0.7421875 0.034375 0.0921875
0 0.0734375 0.7078125 0.009375 0.0125
2 0.053125 0.746875 0.0609375 0.125
0 0.053125 0.6953125 0.0171875 0.0171875
2 0.0265625 0.7484375 0.0484375 0.11875
0 0.034375 0.7015625 0.0140625 0.015625
2 0.015625 0.7234375 0.03125 0.065625
0 0.0203125 0.7015625 0.0078125 0.009375
2 0.3921875 0.7046875 0.0203125 0.0578125
0 0.39375 0.68125 0.0078125 0.0078125
2 0.4078125 0.7078125 0.0140625 0.05
0 0.4078125 0.6890625 0.0078125 0.0078125
2 0.59375 0.7109375 0.0203125 0.0640625
0 0.5921875 0.684375 0.0078125 0.0078125
2 0.65625 0.6953125 0.0125 0.0265625
0 0.659375 0.684375 0.0046875 0.0046875
2 0.8203125 0.690625 0.0140625 0.04375
0 0.8203125 0.675 0.0078125 0.0078125
2 0.6359375 0.7375 0.040625 0.128125
0 0.640625 0.6875 0.0140625 0.0203125
2 0.2734375 0.7171875 0.021875 0.0625
0 0.2734375 0.69375 0.0078125 0.0078125