2 0.4125 0.6453125 0.2078125 0.59375
0 0.4140625 0.403125 0.0796875 0.096875
2 0.4609375 0.578125 0.165625 0.50625
0 0.45 0.378125 0.075 0.090625
2 0.634375 0.5453125 0.3234375 0.8765625
0 0.6671875 0.196875 0.090625 0.1078125
2 0.30625 0.5078125 0.2359375 0.703125
0 0.35625 0.2109375 0.0828125 0.0953125
2 0.7734375 0.528125 0.165625 0.64375
0 0.78125 0.2640625 0.0671875 0.0734375
2 0.44375 0.290625 0.04375 0.1453125
0 0.44375 0.2296875 0.0140625 0.0171875
2 0.396875 0.4015625 0.096875 0.3296875
0 0.4078125 0.2828125 0.04375 0.0578125
2 0.409375 0.3109375 0.0609375 0.1859375
0 0.4140625 0.2375 0.0265625 0.03125
2 0.2421875 0.303125 0.059375 0.175
0 0.23125 0.23125 0.0234375 0.0265625
2 0.221875 0.296875 0.034375 0.146875
0 0.2203125 0.234375 0.0109375 0.0140625