2 0.2078125 0.3890625 0.1515625 0.4015625
0 0.19375 0.2375 0.05625 0.05
2 0.9484375 0.3390625 0.096875 0.24375
0 0.9546875 0.2375 0.03125 0.034375
2 0.8296875 0.315625 0.0671875 0.184375
0 0.8328125 0.2375 0.025 0.0265625
2 0.8296875 0.3046875 0.065625 0.1546875
0 0.85 0.24375 0.0203125 0.021875
2 0.8734375 0.2890625 0.05625 0.15
0 0.8734375 0.228125 0.0203125 0.0203125
2 0.690625 0.284375 0.034375 0.0859375
0 0.6875 0.2484375 0.009375 0.0109375
2 0.6328125 0.278125 0.0328125 0.096875
0 0.6359375 0.2390625 0.0109375 0.0125
2 0.6203125 0.2671875 0.03125 0.0640625
0 0.625 0.2421875 0.009375 0.0109375
2 0.5921875 0.2703125 0.0203125 0.05625
0 0.59375 0.2484375 0.00625 0.0078125
2 0.5671875 0.2671875 0.0203125 0.0625
0 0.5671875 0.24375 0.0078125 0.009375
2 0.5484375 0.271875 0.0421875 0.1015625
0 0.55 0.228125 0.0125 0.015625
2 0.4375 0.2640625 0.0328125 0.090625
0 0.4390625 0.228125 0.0109375 0.0140625
2 0.3765625 0.2515625 0.0078125 0.0234375
0 0.378125 0.2421875 0.003125 0.003125
2 0.2703125 0.2546875 0.034375 0.0578125
0 0.2671875 0.23125 0.00625 0.0078125
2 0.75 0.26875 0.0265625 0.0546875
0 0.7546875 0.246875 0.0078125 0.009375
2 0.784375 0.2625 0.01875 0.05
0 0.7890625 0.240625 0.0046875 0.0046875
2 0.8 0.2609375 0.015625 0.053125
0 0.803125 0.2375 0.00625 0.00625
2 0.9203125 0.2640625 0.0234375 0.04375
0 0.9234375 0.246875 0.00625 0.00625
0 0.990625 0.240625 0.00625 0.00625
2 0.765625 0.253125 0.0109375 0.0234375
0 0.7640625 0.2453125 0.0046875 0.0046875
2 0.7578125 0.253125 0.0109375 0.0234375
0 0.7578125 0.2453125 0.003125 0.003125
2 0.7296875 0.2609375 0.015625 0.034375
0 0.73125 0.25 0.00625 0.00625
2 0.7140625 0.2625 0.015625 0.034375
0 0.7171875 0.2515625 0.00625 0.00625
2 0.65625 0.2578125 0.0140625 0.0515625
0 0.659375 0.2375 0.0078125 0.009375
2 0.7 0.271875 0.0234375 0.059375
0 0.6984375 0.2484375 0.00625 0.00625