2 0.1421875 0.371875 0.23125 0.359375
0 0.1375 0.2265625 0.040625 0.0484375
2 0.29375 0.409375 0.1203125 0.403125
0 0.3078125 0.2421875 0.046875 0.05625
2 0.5171875 0.4828125 0.140625 0.246875
0 0.540625 0.3875 0.0515625 0.05
2 0.640625 0.4796875 0.1359375 0.253125
0 0.640625 0.3828125 0.0484375 0.053125
2 0.7609375 0.46875 0.15 0.2703125
0 0.775 0.36875 0.05 0.0546875
2 0.8984375 0.4796875 0.1515625 0.25
0 0.89375 0.3953125 0.0484375 0.0546875
0 0.5796875 0.625 0.053125 0.05
0 0.696875 0.6171875 0.05625 0.05625
0 0.85 0.625 0.053125 0.053125
2 0.6796875 0.6625 0.1359375 0.26875
0 0.678125 0.5625 0.0578125 0.059375
2 0.8234375 0.6609375 0.1234375 0.2640625
0 0.8203125 0.565625 0.046875 0.05625
0 0.9640625 0.565625 0.053125 0.05625