2 0.0203125 0.4234375 0.040625 0.0875
0 0.0203125 0.396875 0.0125 0.0125
2 0.053125 0.4328125 0.034375 0.05625
0 0.0453125 0.4125 0.009375 0.009375
2 0.0921875 0.459375 0.05625 0.1515625
0 0.084375 0.3984375 0.0203125 0.0234375
2 0.146875 0.4484375 0.059375 0.15625
0 0.1421875 0.38125 0.0203125 0.021875
2 0.1453125 0.45625 0.0515625 0.1484375
0 0.1421875 0.3921875 0.01875 0.01875
2 0.178125 0.4359375 0.0453125 0.1046875
0 0.171875 0.39375 0.015625 0.015625
2 0.184375 0.4421875 0.0375 0.1015625
0 0.1828125 0.4015625 0.0140625 0.0140625
2 0.215625 0.4625 0.034375 0.11875
0 0.2109375 0.4171875 0.01875 0.01875
2 0.240625 0.43125 0.04375 0.109375
0 0.2390625 0.3859375 0.0125 0.0140625
2 0.2796875 0.428125 0.04375 0.109375
0 0.275 0.3828125 0.0125 0.0125
2 0.3046875 0.4234375 0.025 0.0703125
0 0.303125 0.3953125 0.009375 0.0125
2 0.3328125 0.4421875 0.03125 0.1125
0 0.3359375 0.3953125 0.0125 0.015625
2 0.3578125 0.40625 0.0109375 0.0265625
0 0.359375 0.4 0.00625 0.0046875
2 0.36875 0.440625 0.0359375 0.1078125
0 0.371875 0.396875 0.0125 0.015625
2 0.3890625 0.425 0.0296875 0.0828125
0 0.3875 0.3921875 0.009375 0.0125
2 0.4015625 0.40625 0.015625 0.021875
0 0.4 0.3984375 0.0046875 0.0046875
2 0.4125 0.4234375 0.021875 0.065625
0 0.4109375 0.396875 0.0078125 0.009375
2 0.43125 0.434375 0.028125 0.103125
0 0.4296875 0.39375 0.015625 0.0140625
2 0.4359375 0.440625 0.0359375 0.0953125
0 0.4375 0.4015625 0.0125 0.0125
2 0.471875 0.4359375 0.034375 0.1046875
0 0.471875 0.3921875 0.0140625 0.0140625
2 0.521875 0.4734375 0.15625 0.2640625
0 0.50625 0.365625 0.0359375 0.0375
0 0.58125 0.703125 0.0515625 0.0703125
2 0.6265625 0.5828125 0.2390625 0.515625
0 0.5890625 0.3640625 0.046875 0.0703125
0 0.659375 0.3390625 0.0625 0.08125
2 0.7578125 0.4296875 0.0375 0.1140625
0 0.75 0.3828125 0.015625 0.015625
2 0.8265625 0.428125 0.0375 0.1015625
0 0.828125 0.3875 0.0125 0.0140625
2 0.90625 0.409375 0.021875 0.053125
0 0.9078125 0.390625 0.00625 0.0078125
2 0.9265625 0.4125 0.015625 0.04375
0 0.9265625 0.3953125 0.00625 0.00625
2 0.9359375 0.4109375 0.0171875 0.04375
0 0.9359375 0.3953125 0.00625 0.00625
0 0.9734375 0.3671875 0.0375 0.040625