2 0.909375 0.74375 0.0671875 0.2375
0 0.9140625 0.64375 0.03125 0.0296875
2 0.865625 0.728125 0.0734375 0.1953125
0 0.8609375 0.646875 0.028125 0.0265625
2 0.653125 0.7140625 0.0546875 0.1796875
0 0.65625 0.6375 0.0265625 0.0234375
0 0.625 0.7109375 0.0421875 0.0453125
0 0.596875 0.6921875 0.0421875 0.0328125
2 0.4484375 0.7328125 0.0640625 0.20625
0 0.453125 0.646875 0.0265625 0.028125
2 0.3015625 0.6828125 0.0671875 0.1734375
0 0.3140625 0.609375 0.01875 0.0203125
0 0.175 0.71875 0.046875 0.0578125