0 0.10625 0.575 0.04375 0.0546875
0 0.059375 0.5734375 0.0375 0.040625
2 0.1984375 0.6453125 0.05625 0.1546875
0 0.2 0.58125 0.0203125 0.021875
2 0.1703125 0.6453125 0.053125 0.1453125
0 0.16875 0.5859375 0.01875 0.0203125
2 0.253125 0.665625 0.065625 0.196875
0 0.2625 0.5875 0.021875 0.0296875
2 0.296875 0.66875 0.075 0.1859375
0 0.303125 0.5921875 0.025 0.03125
2 0.24375 0.640625 0.0453125 0.1453125
0 0.2375 0.5828125 0.01875 0.0234375
2 0.334375 0.640625 0.053125 0.134375
0 0.328125 0.5859375 0.0203125 0.01875
2 0.365625 0.6265625 0.040625 0.13125
0 0.3671875 0.5734375 0.01875 0.01875
2 0.3515625 0.625 0.0359375 0.125
0 0.353125 0.575 0.0140625 0.0171875
2 0.2109375 0.63125 0.034375 0.115625
0 0.2125 0.584375 0.0140625 0.0140625