2 0.86875 0.6359375 0.015625 0.0484375
0 0.8671875 0.615625 0.00625 0.00625
2 0.85625 0.6375 0.015625 0.04375
0 0.8578125 0.615625 0.00625 0.00625
2 0.9484375 0.6453125 0.0125 0.053125
0 0.9484375 0.6265625 0.0078125 0.0109375
2 0.9421875 0.65625 0.009375 0.0296875
0 0.9421875 0.6453125 0.00625 0.00625
2 0.971875 0.628125 0.0140625 0.040625
0 0.971875 0.6109375 0.00625 0.00625
2 0.046875 0.6390625 0.0375 0.0703125
0 0.053125 0.6140625 0.0109375 0.0140625
2 0.1875 0.6296875 0.025 0.053125
0 0.190625 0.6125 0.00625 0.009375
2 0.2078125 0.6375 0.0359375 0.0640625
0 0.2125 0.6140625 0.009375 0.0109375
2 0.3984375 0.6375 0.034375 0.065625
0 0.4 0.6125 0.0125 0.0125
2 0.534375 0.61875 0.0125 0.0203125
0 0.5359375 0.6109375 0.003125 0.003125
2 0.6734375 0.625 0.0125 0.025
0 0.6734375 0.615625 0.003125 0.003125