2 0.9671875 0.6359375 0.046875 0.16875
0 0.959375 0.565625 0.0234375 0.025
2 0.9203125 0.6328125 0.059375 0.171875
0 0.9359375 0.5625 0.025 0.025
2 0.9046875 0.6078125 0.0875 0.1796875
0 0.8984375 0.5328125 0.021875 0.0203125
2 0.859375 0.6328125 0.071875 0.171875
0 0.8515625 0.5640625 0.0203125 0.025
2 0.8234375 0.6296875 0.05 0.16875
0 0.8296875 0.559375 0.01875 0.01875
2 0.8109375 0.6234375 0.0421875 0.165625
0 0.8140625 0.5515625 0.021875 0.021875
2 0.7734375 0.6296875 0.075 0.203125
0 0.7875 0.5453125 0.028125 0.028125
2 0.7328125 0.628125 0.040625 0.16875
0 0.73125 0.5609375 0.021875 0.0265625
2 0.6953125 0.64375 0.0796875 0.2
0 0.7046875 0.5625 0.0265625 0.028125
2 0.6828125 0.6296875 0.0453125 0.1765625
0 0.68125 0.5578125 0.01875 0.021875
2 0.6515625 0.6296875 0.05 0.175
0 0.6515625 0.559375 0.01875 0.025
2 0.603125 0.6375 0.0640625 0.190625
0 0.6015625 0.5578125 0.0203125 0.0265625
2 0.6140625 0.6328125 0.046875 0.175
0 0.6171875 0.5625 0.0234375 0.028125
2 0.565625 0.63125 0.10625 0.23125
0 0.5609375 0.534375 0.0265625 0.0328125
2 0.5078125 0.653125 0.0671875 0.2140625
0 0.5015625 0.5703125 0.028125 0.0296875
2 0.4875 0.6375 0.053125 0.19375
0 0.4796875 0.5546875 0.021875 0.025
2 0.4375 0.6453125 0.09375 0.2625
0 0.459375 0.5359375 0.028125 0.0390625
2 0.4046875 0.646875 0.078125 0.190625
0 0.4109375 0.5703125 0.0234375 0.03125
2 0.378125 0.628125 0.0296875 0.121875
0 0.378125 0.58125 0.015625 0.0203125
2 0.3546875 0.6453125 0.0546875 0.21875
0 0.35625 0.5515625 0.025 0.0296875
2 0.3046875 0.6609375 0.084375 0.2625
0 0.31875 0.55 0.0296875 0.0375
2 0.290625 0.6640625 0.08125 0.2234375
0 0.278125 0.5765625 0.034375 0.0375
2 0.234375 0.6640625 0.071875 0.20625
0 0.2375 0.5828125 0.021875 0.03125
2 0.2109375 0.6546875 0.0484375 0.190625
0 0.2125 0.5765625 0.0234375 0.0296875
2 0.1765625 0.675 0.084375 0.2328125
0 0.165625 0.575 0.0265625 0.03125
2 0.11875 0.6515625 0.05625 0.1875
0 0.1171875 0.5734375 0.0203125 0.021875
2 0.14375 0.628125 0.04375 0.153125
0 0.1453125 0.5625 0.0140625 0.01875
2 0.1046875 0.6890625 0.075 0.24375
0 0.0984375 0.5859375 0.028125 0.03125
2 0.05 0.6953125 0.084375 0.26875
0 0.0609375 0.58125 0.03125 0.0359375
2 0.028125 0.6703125 0.05625 0.225
0 0.0265625 0.5765625 0.025 0.03125
2 0.534375 0.64375 0.05625 0.16875
0 0.5046875 0.5609375 0.021875 0.025
2 0.5671875 0.6265625 0.05 0.1703125
0 0.56875 0.553125 0.0171875 0.0203125