2 0.05625 0.671875 0.1125 0.2546875
0 0.0796875 0.575 0.040625 0.0578125
2 0.06875 0.6578125 0.1296875 0.2484375
0 0.0859375 0.5578125 0.040625 0.0421875
2 0.159375 0.659375 0.1078125 0.271875
0 0.1765625 0.5515625 0.0390625 0.05
2 0.23125 0.6609375 0.14375 0.2390625
0 0.190625 0.565625 0.0296875 0.0359375
2 0.2859375 0.671875 0.1375 0.2515625
0 0.24375 0.5765625 0.0390625 0.053125
2 0.428125 0.6703125 0.140625 0.2578125
0 0.478125 0.571875 0.0390625 0.053125
2 0.5796875 0.684375 0.1375 0.234375
0 0.5375 0.596875 0.0421875 0.053125
2 0.703125 0.6546875 0.1375 0.2625
0 0.7359375 0.5546875 0.0328125 0.0328125
2 0.734375 0.68125 0.103125 0.2328125
0 0.75 0.59375 0.034375 0.046875
2 0.8640625 0.6640625 0.1046875 0.2703125
0 0.8609375 0.5609375 0.0375 0.0546875
0 0.9171875 0.5453125 0.040625 0.0546875
0 0.9765625 0.5765625 0.040625 0.0515625
2 0.040625 0.659375 0.08125 0.240625
0 0.0140625 0.5703125 0.028125 0.053125