2 0.3328125 0.3953125 0.1078125 0.259375
0 0.359375 0.2921875 0.03125 0.0375
2 0.4328125 0.3921875 0.0703125 0.2859375
0 0.4390625 0.26875 0.028125 0.0375
2 0.5140625 0.3953125 0.078125 0.271875
0 0.515625 0.28125 0.0328125 0.040625
2 0.55625 0.365625 0.071875 0.240625
0 0.553125 0.2640625 0.0296875 0.0359375
2 0.5984375 0.36875 0.0859375 0.2640625
0 0.590625 0.2578125 0.0359375 0.0375
2 0.6703125 0.3515625 0.1421875 0.3
0 0.646875 0.2359375 0.0390625 0.046875
2 0.7609375 0.628125 0.134375 0.246875
0 0.7640625 0.5328125 0.0453125 0.0515625
2 0.6234375 0.6484375 0.1375 0.2265625
0 0.609375 0.5671875 0.0421875 0.053125
2 0.5046875 0.55 0.1125 0.2953125
0 0.5203125 0.43125 0.040625 0.0484375
2 0.4265625 0.496875 0.0921875 0.23125
0 0.4296875 0.40625 0.03125 0.0375
2 0.421875 0.653125 0.1296875 0.2390625
0 0.4515625 0.5671875 0.040625 0.05625
2 0.3546875 0.5515625 0.0984375 0.30625
0 0.3640625 0.421875 0.034375 0.040625
2 0.203125 0.459375 0.1125 0.1625
0 0.2078125 0.403125 0.0359375 0.0375
2 0.2578125 0.5609375 0.125 0.3296875
0 0.2609375 0.425 0.040625 0.0484375
2 0.1203125 0.559375 0.14375 0.3421875
0 0.1 0.4140625 0.04375 0.0421875