2 0.6125 0.434375 0.0203125 0.05
0 0.609375 0.4140625 0.00625 0.0078125
2 0.6375 0.4328125 0.025 0.0640625
0 0.6375 0.40625 0.0078125 0.009375
2 0.8203125 0.4515625 0.028125 0.0890625
0 0.81875 0.415625 0.0109375 0.0125
2 0.8890625 0.5078125 0.0765625 0.14375
0 0.890625 0.4484375 0.01875 0.021875
2 0.8765625 0.4765625 0.0625 0.0984375
0 0.865625 0.4375 0.0125 0.015625
2 0.7265625 0.559375 0.071875 0.209375
0 0.7375 0.4734375 0.0390625 0.03125
2 0.73125 0.4984375 0.0640625 0.1625
0 0.734375 0.4296875 0.0203125 0.021875
2 0.715625 0.478125 0.0640625 0.128125
0 0.7203125 0.4265625 0.0125 0.0171875
2 0.4828125 0.471875 0.109375 0.190625
0 0.465625 0.4078125 0.03125 0.021875
2 0.4359375 0.503125 0.05 0.15
0 0.4421875 0.4421875 0.01875 0.021875
2 0.4546875 0.4109375 0.0171875 0.0484375
0 0.4546875 0.39375 0.00625 0.0078125
2 0.4171875 0.4140625 0.0125 0.0390625
0 0.41875 0.3984375 0.0046875 0.0046875
2 0.3890625 0.43125 0.025 0.0453125
0 0.38125 0.415625 0.0078125 0.0078125
2 0.3515625 0.428125 0.0125 0.01875
0 0.3515625 0.4234375 0.0046875 0.0046875
2 0.3546875 0.4234375 0.0125 0.01875
0 0.3515625 0.4171875 0.0046875 0.0046875
2 0.3390625 0.4234375 0.0171875 0.0546875
0 0.3375 0.4015625 0.0078125 0.0078125
2 0.3328125 0.4234375 0.0125 0.01875
0 0.3328125 0.41875 0.0046875 0.00625
2 0.3078125 0.475 0.0421875 0.1234375
0 0.3015625 0.421875 0.015625 0.01875
2 0.2953125 0.428125 0.015625 0.05625
0 0.2921875 0.40625 0.0078125 0.009375
2 0.2828125 0.4234375 0.015625 0.0484375
0 0.28125 0.403125 0.00625 0.0078125
2 0.2875 0.4140625 0.0171875 0.0546875
0 0.2859375 0.390625 0.00625 0.0078125
2 0.24375 0.4359375 0.021875 0.065625
0 0.2421875 0.4078125 0.0078125 0.009375
2 0.2453125 0.428125 0.0171875 0.05625
0 0.2453125 0.4046875 0.0078125 0.0078125
2 0.2140625 0.4265625 0.0203125 0.0703125
0 0.2125 0.4015625 0.009375 0.009375
2 0.203125 0.41875 0.01875 0.075
0 0.2 0.396875 0.0078125 0.009375
2 0.1875 0.4203125 0.015625 0.059375
0 0.1859375 0.403125 0.00625 0.00625
2 0.1765625 0.421875 0.0125 0.05
0 0.178125 0.4015625 0.00625 0.0078125
2 0.1609375 0.41875 0.0140625 0.034375
0 0.1609375 0.40625 0.0046875 0.00625
2 0.1390625 0.4203125 0.0140625 0.0328125
0 0.1375 0.409375 0.0046875 0.00625
2 0.1234375 0.4203125 0.0140625 0.0328125
0 0.121875 0.4078125 0.0046875 0.00625
2 0.075 0.421875 0.015625 0.0359375
0 0.075 0.409375 0.00625 0.0078125
2 0.065625 0.421875 0.0171875 0.0515625
0 0.065625 0.4 0.00625 0.0078125
2 0.053125 0.421875 0.01875 0.0375
0 0.0515625 0.4078125 0.00625 0.00625
2 0.0390625 0.4234375 0.015625 0.03125
0 0.0390625 0.4125 0.00625 0.00625
2 0.03125 0.4296875 0.0171875 0.0640625
0 0.0328125 0.403125 0.0078125 0.0078125
2 0.0234375 0.415625 0.0125 0.0453125
0 0.0234375 0.3984375 0.0046875 0.00625
2 0.01875 0.4265625 0.025 0.059375
0 0.0140625 0.4015625 0.0078125 0.0078125
2 0.00625 0.4234375 0.0125 0.040625
0 0.003125 0.409375 0.0046875 0.00625
2 0.0578125 0.5078125 0.053125 0.16875
0 0.053125 0.4390625 0.01875 0.0234375