2 0.0609375 0.4734375 0.1109375 0.21875
0 0.046875 0.3890625 0.03125 0.0375
0 0.21875 0.378125 0.0703125 0.0828125
2 0.2625 0.553125 0.1078125 0.428125
0 0.26875 0.371875 0.05 0.0578125
2 0.3203125 0.4828125 0.08125 0.28125
0 0.3234375 0.3828125 0.028125 0.0359375
0 0.39375 0.409375 0.0578125 0.078125
2 0.38125 0.5640625 0.1265625 0.36875
0 0.371875 0.4140625 0.04375 0.0546875
2 0.421875 0.51875 0.1203125 0.340625
0 0.409375 0.3796875 0.0375 0.05
2 0.4828125 0.5609375 0.1 0.40625
0 0.4625 0.3921875 0.04375 0.059375
2 0.5515625 0.515625 0.0734375 0.25
0 0.5609375 0.4125 0.0296875 0.0359375
2 0.615625 0.553125 0.1203125 0.35625
0 0.6109375 0.403125 0.0484375 0.0515625
2 0.746875 0.546875 0.1171875 0.35
0 0.7390625 0.396875 0.04375 0.046875
0 0.8421875 0.4078125 0.0546875 0.06875
0 0.928125 0.3921875 0.0609375 0.0703125