2 0.0265625 0.6375 0.021875 0.04375
0 0.0265625 0.6234375 0.0078125 0.0078125
2 0.04375 0.64375 0.0125 0.034375
0 0.04375 0.63125 0.0046875 0.00625
2 0.0546875 0.640625 0.0171875 0.046875
0 0.053125 0.6234375 0.00625 0.0078125
2 0.05 0.65625 0.0234375 0.0484375
0 0.05 0.6390625 0.0078125 0.009375
2 0.071875 0.640625 0.0125 0.0328125
0 0.071875 0.6296875 0.00625 0.00625
2 0.0703125 0.653125 0.0171875 0.0359375
0 0.071875 0.6390625 0.00625 0.00625
2 0.0765625 0.634375 0.0109375 0.034375
0 0.0765625 0.6234375 0.00625 0.00625
2 0.0859375 0.6359375 0.0140625 0.040625
0 0.0890625 0.621875 0.00625 0.0078125
0 0.0578125 0.675 0.0171875 0.01875
0 0.025 0.6703125 0.0296875 0.034375
2 0.16875 0.646875 0.0171875 0.046875
0 0.1703125 0.628125 0.00625 0.00625
2 0.1515625 0.7 0.05 0.1109375
0 0.146875 0.6640625 0.0171875 0.021875
0 0.13125 0.6859375 0.025 0.028125
0 0.125 0.675 0.025 0.0328125
2 0.1140625 0.671875 0.0421875 0.084375
0 0.11875 0.6390625 0.0125 0.0140625
0 0.1828125 0.659375 0.015625 0.01875
0 0.2125 0.6796875 0.021875 0.025
0 0.221875 0.6890625 0.025 0.025
2 0.1875 0.6640625 0.021875 0.053125
0 0.1875 0.64375 0.0109375 0.0125
2 0.209375 0.665625 0.015625 0.0609375
0 0.2109375 0.640625 0.0125 0.0140625
2 0.2140625 0.6890625 0.040625 0.0921875
0 0.2171875 0.653125 0.015625 0.015625
0 0.2375 0.665625 0.0171875 0.01875
2 0.2578125 0.6875 0.028125 0.0875
0 0.25625 0.653125 0.0140625 0.0140625
0 0.2796875 0.675 0.01875 0.021875
2 0.3046875 0.6984375 0.034375 0.1109375
0 0.3 0.653125 0.0140625 0.01875
2 0.3109375 0.6859375 0.03125 0.0875
0 0.3109375 0.65 0.009375 0.0140625
0 0.278125 0.64375 0.0140625 0.015625
2 0.334375 0.6890625 0.0234375 0.084375
0 0.3375 0.65625 0.0125 0.0125
2 0.334375 0.675 0.025 0.0796875
0 0.3375 0.6421875 0.009375 0.009375
0 0.353125 0.6609375 0.0140625 0.0171875
0 0.384375 0.65 0.015625 0.0171875
0 0.4140625 0.6484375 0.015625 0.01875
2 0.434375 0.690625 0.0359375 0.1125
0 0.434375 0.6421875 0.0140625 0.0140625
2 0.4453125 0.68125 0.021875 0.084375
0 0.4421875 0.65 0.0109375 0.0125
2 0.4625 0.696875 0.0296875 0.0921875
0 0.4640625 0.6578125 0.0109375 0.0109375
2 0.490625 0.7 0.0296875 0.11875
0 0.5015625 0.640625 0.0171875 0.021875
0 0.5421875 0.665625 0.034375 0.034375
2 0.59375 0.69375 0.0484375 0.134375
0 0.5953125 0.6453125 0.015625 0.01875
2 0.6453125 0.6515625 0.0203125 0.0625
0 0.6453125 0.6265625 0.009375 0.009375
2 0.634375 0.64375 0.0140625 0.053125
0 0.6328125 0.621875 0.00625 0.00625
0 0.6609375 0.6671875 0.0203125 0.0265625
2 0.684375 0.7234375 0.021875 0.0734375
0 0.6859375 0.696875 0.0109375 0.0140625
2 0.6828125 0.659375 0.0234375 0.05625
0 0.68125 0.6375 0.009375 0.009375
2 0.6890625 0.6734375 0.01875 0.0578125
0 0.6953125 0.6515625 0.009375 0.009375
2 0.7015625 0.6859375 0.028125 0.0796875
0 0.70625 0.6515625 0.0140625 0.0140625
0 0.7203125 0.6625 0.0125 0.0140625
0 0.734375 0.6671875 0.021875 0.0265625
2 0.7484375 0.684375 0.0234375 0.0765625
0 0.75 0.6546875 0.0125 0.0140625
2 0.765625 0.70625 0.0296875 0.1078125
0 0.765625 0.6625 0.0125 0.0171875
0 0.7734375 0.6578125 0.0140625 0.0140625
0 0.8 0.6625 0.0234375 0.025
0 0.7921875 0.6515625 0.021875 0.025
0 0.875 0.7015625 0.03125 0.0390625
2 0.8953125 0.6625 0.0203125 0.065625
0 0.9 0.6390625 0.0078125 0.009375
0 0.0578125 0.675 0.0171875 0.021875
2 0.9203125 0.6921875 0.021875 0.071875
0 0.91875 0.6640625 0.0109375 0.0125
0 0.9359375 0.675 0.025 0.028125
0 0.95625 0.659375 0.028125 0.0328125
0 0.9765625 0.68125 0.034375 0.0453125
0 0.8375 0.6640625 0.0203125 0.0203125
0 0.875 0.671875 0.034375 0.040625
0 0.853125 0.6625 0.0171875 0.0203125
0 0.6125 0.675 0.0203125 0.025
0 0.615625 0.6953125 0.034375 0.04375
0 0.60625 0.721875 0.0640625 0.065625
2 0.475 0.6984375 0.028125 0.096875
0 0.478125 0.6609375 0.0125 0.0171875