0 0.06875 0.6765625 0.0765625 0.10625
0 0.1859375 0.65 0.0375 0.053125
0 0.2015625 0.678125 0.078125 0.08125
0 0.26875 0.640625 0.025 0.021875
0 0.3125 0.7140625 0.0578125 0.0703125
0 0.428125 0.6625 0.0296875 0.0390625
0 0.5109375 0.6671875 0.040625 0.0421875
0 0.5625 0.6390625 0.040625 0.0453125
0 0.6484375 0.66875 0.0234375 0.028125
2 0.6890625 0.6765625 0.0296875 0.084375
0 0.6875 0.6421875 0.0109375 0.0125
2 0.715625 0.671875 0.025 0.065625
0 0.71875 0.6453125 0.009375 0.009375
2 0.7265625 0.6765625 0.03125 0.0765625
0 0.7265625 0.6453125 0.009375 0.0109375
2 0.809375 0.69375 0.053125 0.1515625
0 0.809375 0.6328125 0.021875 0.0234375
2 0.896875 0.7171875 0.0609375 0.1609375
0 0.890625 0.6453125 0.0234375 0.021875
2 0.84375 0.6625 0.0234375 0.059375
0 0.846875 0.6421875 0.009375 0.0125
0 0.821875 0.653125 0.025 0.0265625
0 0.76875 0.653125 0.040625 0.04375
0 0.7671875 0.684375 0.053125 0.05625
2 0.94375 0.6984375 0.0484375 0.140625
0 0.946875 0.64375 0.021875 0.028125