2 0.0328125 0.625 0.0640625 0.178125
0 0.0109375 0.5609375 0.021875 0.04375
2 0.034375 0.5421875 0.06875 0.2109375
0 0.0453125 0.4546875 0.025 0.03125
2 0.109375 0.546875 0.078125 0.2234375
0 0.115625 0.453125 0.0234375 0.0328125
2 0.225 0.5578125 0.0671875 0.25
0 0.2328125 0.446875 0.0265625 0.0296875
2 0.16875 0.5890625 0.1515625 0.3484375
0 0.190625 0.4390625 0.0375 0.0484375
0 0.2921875 0.4546875 0.0609375 0.075
0 0.3984375 0.4546875 0.0546875 0.0609375
2 0.4921875 0.628125 0.16875 0.4078125
0 0.4828125 0.4578125 0.05 0.0578125
2 0.4828125 0.6046875 0.115625 0.284375
0 0.4953125 0.4828125 0.0265625 0.0296875
2 0.5984375 0.6515625 0.1265625 0.35625
0 0.5953125 0.5046875 0.0375 0.0546875
0 0.8546875 0.50625 0.0984375 0.13125
2 0.6953125 0.54375 0.0453125 0.10625
0 0.696875 0.5140625 0.0140625 0.015625
2 0.7640625 0.55625 0.0578125 0.103125
0 0.7671875 0.51875 0.0140625 0.0171875
2 0.6671875 0.540625 0.046875 0.11875
0 0.671875 0.4984375 0.0140625 0.0203125
2 0.7265625 0.5421875 0.03125 0.08125
0 0.7296875 0.5140625 0.0140625 0.015625
2 0.6390625 0.53125 0.0390625 0.096875
0 0.646875 0.49375 0.0140625 0.0140625
2 0.5625 0.528125 0.0390625 0.0875
0 0.5625 0.4921875 0.0140625 0.0171875
2 0.9265625 0.6921875 0.08125 0.209375
0 0.9265625 0.6921875 0.08125 0.209375
0 0.975 0.51875 0.0171875 0.0234375
2 0.940625 0.5375 0.065625 0.1203125
0 0.9578125 0.50625 0.0203125 0.0234375
0 0.9859375 0.4296875 0.0140625 0.0140625