2 0.025 0.5171875 0.0375 0.075
0 0.015625 0.4890625 0.009375 0.0125
2 0.43125 0.640625 0.128125 0.290625
0 0.4203125 0.5140625 0.0359375 0.034375
2 0.45625 0.5734375 0.090625 0.31875
0 0.4625 0.509375 0.0359375 0.0296875
2 0.525 0.5859375 0.08125 0.340625
0 0.534375 0.5046875 0.034375 0.0296875
2 0.565625 0.6078125 0.0921875 0.2328125
0 0.5703125 0.515625 0.03125 0.0234375
2 0.871875 0.63125 0.1234375 0.334375
0 0.8671875 0.4890625 0.046875 0.046875
2 0.815625 0.60625 0.078125 0.2140625
0 0.825 0.5203125 0.03125 0.034375