2 0.3875 0.70625 0.0140625 0.0546875
0 0.3859375 0.6828125 0.00625 0.00625
2 0.38125 0.6953125 0.0125 0.0515625
0 0.38125 0.6734375 0.0078125 0.0078125
2 0.340625 0.6765625 0.015625 0.0421875
0 0.3390625 0.6609375 0.003125 0.0046875
2 0.328125 0.671875 0.0140625 0.046875
0 0.3265625 0.6546875 0.00625 0.00625
2 0.31875 0.6796875 0.009375 0.0328125
0 0.31875 0.6671875 0.003125 0.0046875
2 0.303125 0.66875 0.0171875 0.053125
0 0.303125 0.646875 0.0046875 0.0078125
2 0.2875 0.66875 0.0171875 0.05
0 0.2859375 0.6484375 0.0046875 0.0078125
2 0.28125 0.675 0.015625 0.046875
0 0.28125 0.65625 0.0046875 0.00625
2 0.271875 0.6703125 0.0140625 0.0484375
0 0.271875 0.65 0.0046875 0.00625
2 0.2671875 0.653125 0.015625 0.0421875
0 0.265625 0.6359375 0.0046875 0.00625
2 0.196875 0.7171875 0.0328125 0.034375
0 0.1875 0.7046875 0.00625 0.0078125
2 0.196875 0.7109375 0.028125 0.034375
0 0.190625 0.6984375 0.00625 0.0078125
2 0.328125 0.6421875 0.0125 0.025
0 0.328125 0.6328125 0.003125 0.003125
2 0.3421875 0.6359375 0.015625 0.040625
0 0.340625 0.61875 0.0046875 0.0046875
2 0.3359375 0.625 0.015625 0.0375
0 0.3359375 0.609375 0.003125 0.0046875
2 0.340625 0.6140625 0.0125 0.0328125
0 0.340625 0.6015625 0.0046875 0.00625
2 0.3515625 0.6140625 0.0140625 0.0390625
0 0.3515625 0.596875 0.0046875 0.0046875
2 0.403125 0.60625 0.0171875 0.0203125
0 0.3984375 0.5984375 0.0046875 0.0046875
2 0.403125 0.6046875 0.0125 0.0203125
0 0.403125 0.596875 0.003125 0.0046875
2 0.3578125 0.571875 0.0078125 0.025
0 0.359375 0.5609375 0.003125 0.003125
2 0.4078125 0.571875 0.009375 0.0265625
0 0.409375 0.5609375 0.003125 0.0046875
2 0.3984375 0.571875 0.009375 0.0265625
0 0.3984375 0.5609375 0.003125 0.003125
2 0.3828125 0.56875 0.009375 0.0265625
0 0.3828125 0.55625 0.003125 0.003125
2 0.390625 0.56875 0.0078125 0.0234375
0 0.390625 0.559375 0.003125 0.0046875
2 0.39375 0.565625 0.0046875 0.01875
0 0.39375 0.559375 0.003125 0.003125
2 0.4015625 0.5640625 0.009375 0.025
0 0.4015625 0.553125 0.003125 0.003125
2 0.371875 0.56875 0.009375 0.03125
0 0.3703125 0.55625 0.003125 0.003125
2 0.365625 0.5578125 0.0078125 0.0234375
0 0.365625 0.5484375 0.003125 0.003125
2 0.3484375 0.5703125 0.0078125 0.0296875
0 0.35 0.5578125 0.003125 0.003125
2 0.3390625 0.5625 0.00625 0.015625
0 0.340625 0.55625 0.003125 0.003125
2 0.4046875 0.55 0.0078125 0.0234375
0 0.4046875 0.540625 0.003125 0.003125
2 0.428125 0.55625 0.0109375 0.0140625
0 0.4265625 0.5515625 0.0015625 0.003125
2 0.4265625 0.5546875 0.0078125 0.015625
0 0.4265625 0.5484375 0.003125 0.003125
2 0.453125 0.53125 0.0078125 0.01875
0 0.453125 0.525 0.003125 0.003125
2 0.434375 0.525 0.0046875 0.015625
0 0.434375 0.51875 0.0015625 0.0015625
2 0.4359375 0.521875 0.0046875 0.015625
0 0.4359375 0.515625 0.0015625 0.0015625
2 0.4671875 0.5078125 0.0046875 0.015625
0 0.4671875 0.5015625 0.0015625 0.0015625
2 0.4609375 0.5078125 0.0046875 0.0140625
0 0.4609375 0.5015625 0.0015625 0.0015625
2 0.490625 0.5140625 0.00625 0.0109375
0 0.4921875 0.509375 0.0015625 0.0015625
2 0.4828125 0.50625 0.0046875 0.0140625
0 0.4828125 0.5 0.0015625 0.0015625
2 0.4703125 0.50625 0.0046875 0.0109375
0 0.4703125 0.5015625 0.0015625 0.0015625
2 0.5 0.503125 0.003125 0.0109375
0 0.5 0.4984375 0.0015625 0.0015625
2 0.5046875 0.5078125 0.003125 0.0125
0 0.5046875 0.503125 0.0015625 0.0015625
2 0.528125 0.5 0.0046875 0.0125
0 0.528125 0.49375 0.0015625 0.0015625
2 0.5359375 0.496875 0.0046875 0.0125
0 0.534375 0.4921875 0.0015625 0.0015625
2 0.5375 0.4984375 0.0078125 0.009375
0 0.5390625 0.4953125 0.0015625 0.0015625
2 0.540625 0.4984375 0.0046875 0.0078125
0 0.540625 0.4953125 0.0015625 0.0015625
2 0.525 0.4953125 0.00625 0.009375
0 0.525 0.490625 0.0015625 0.0015625
2 0.534375 0.49375 0.0046875 0.0125
0 0.534375 0.4890625 0.0015625 0.0015625
2 0.5390625 0.4921875 0.0046875 0.0109375
0 0.5390625 0.4875 0.0015625 0.0015625
2 0.54375 0.4921875 0.0046875 0.009375
0 0.5453125 0.4875 0.0015625 0.0015625
2 0.553125 0.490625 0.0046875 0.009375
0 0.553125 0.4859375 0.0015625 0.0015625
2 0.559375 0.4890625 0.0046875 0.009375
0 0.559375 0.4859375 0.0015625 0.0015625
2 0.58125 0.490625 0.003125 0.0109375
0 0.58125 0.4859375 0.0015625 0.0015625
2 0.6296875 0.4859375 0.003125 0.00625
0 0.6296875 0.4828125 0.0015625 0.0015625
2 0.615625 0.484375 0.003125 0.0109375
0 0.6171875 0.48125 0.0015625 0.0015625
2 0.6328125 0.478125 0.003125 0.0078125
0 0.6328125 0.4765625 0.0015625 0.0015625
2 0.6359375 0.478125 0.003125 0.0078125
0 0.6359375 0.475 0.0015625 0.0015625
2 0.6515625 0.48125 0.003125 0.009375
0 0.6515625 0.478125 0.0015625 0.0015625
2 0.659375 0.4796875 0.003125 0.009375
0 0.659375 0.4765625 0.0015625 0.0015625
0 0.4125 0.7625 0.009375 0.009375
2 0.5203125 0.5046875 0.0046875 0.009375
0 0.5203125 0.5015625 0.0015625 0.0015625
2 0.5421875 0.49375 0.00625 0.0109375
0 0.5421875 0.490625 0.0015625 0.0015625