2 0.509375 0.4609375 0.1984375 0.7640625
0 0.4984375 0.271875 0.05625 0.0640625
2 0.5078125 0.58125 0.240625 0.5765625
0 0.5828125 0.3765625 0.0625 0.0515625
2 0.596875 0.8078125 0.1078125 0.2234375
0 0.603125 0.7265625 0.0328125 0.0375
2 0.5109375 0.8015625 0.0828125 0.228125
0 0.50625 0.7140625 0.0171875 0.0234375
2 0.3796875 0.771875 0.0671875 0.1984375
0 0.390625 0.69375 0.0265625 0.0328125
2 0.4375 0.7765625 0.0703125 0.1953125
0 0.44375 0.69375 0.03125 0.03125
2 0.35625 0.76875 0.065625 0.1859375
0 0.3671875 0.69375 0.0234375 0.0296875
2 0.29375 0.7640625 0.0671875 0.1875
0 0.3046875 0.6921875 0.0234375 0.03125
2 0.2859375 0.765625 0.065625 0.1875
0 0.303125 0.6921875 0.0265625 0.0328125
2 0.246875 0.75625 0.0296875 0.1875
0 0.2375 0.6796875 0.0140625 0.0296875
2 0.6625 0.81875 0.0328125 0.0765625
0 0.665625 0.7890625 0.0125 0.0125