2 0.109375 0.578125 0.1546875 0.4125
0 0.121875 0.4015625 0.0515625 0.05625
2 0.221875 0.55625 0.1421875 0.36875
0 0.225 0.403125 0.0421875 0.0609375
2 0.309375 0.5578125 0.11875 0.3390625
0 0.2984375 0.415625 0.0359375 0.046875
2 0.378125 0.521875 0.128125 0.33125
0 0.3796875 0.38125 0.034375 0.0484375
2 0.396875 0.571875 0.121875 0.3140625
0 0.396875 0.4421875 0.0359375 0.0515625
2 0.4890625 0.5328125 0.121875 0.31875
0 0.49375 0.4046875 0.0390625 0.0421875
2 0.559375 0.5203125 0.09375 0.30625
0 0.5640625 0.3921875 0.0375 0.05
2 0.6015625 0.5015625 0.0953125 0.278125
0 0.603125 0.38125 0.03125 0.034375
2 0.63125 0.53125 0.078125 0.28125
0 0.6328125 0.4125 0.0328125 0.04375
2 0.6921875 0.5078125 0.096875 0.2859375
0 0.696875 0.3859375 0.03125 0.0390625
2 0.6890625 0.540625 0.084375 0.2859375
0 0.684375 0.41875 0.0296875 0.0390625
2 0.7640625 0.5359375 0.103125 0.296875
0 0.7484375 0.4109375 0.0390625 0.04375
2 0.790625 0.515625 0.0875 0.2890625
0 0.796875 0.39375 0.0328125 0.0375
2 0.828125 0.4609375 0.06875 0.1765625
0 0.8296875 0.3921875 0.01875 0.01875
2 0.925 0.51875 0.1171875 0.3015625
0 0.9140625 0.3921875 0.0375 0.0421875
2 0.8578125 0.403125 0.01875 0.0546875
0 0.85625 0.38125 0.00625 0.0046875
2 0.184375 0.4625 0.03125 0.128125
0 0.1796875 0.4125 0.0171875 0.0203125
2 0.034375 0.484375 0.0484375 0.121875
0 0.03125 0.4328125 0.0140625 0.015625