2 0.8296875 0.6265625 0.0859375 0.2359375
0 0.815625 0.525 0.025 0.028125
2 0.6515625 0.6125 0.05625 0.1546875
0 0.65 0.5484375 0.0171875 0.021875
2 0.321875 0.5796875 0.021875 0.06875
0 0.3203125 0.55 0.0109375 0.009375
2 0.3375 0.5734375 0.021875 0.06875
0 0.3375 0.546875 0.009375 0.0109375
2 0.3109375 0.571875 0.0203125 0.0640625
0 0.30625 0.546875 0.009375 0.0109375
2 0.0890625 0.603125 0.0609375 0.1109375
0 0.075 0.55625 0.015625 0.015625
2 0.06875 0.5984375 0.040625 0.1125
0 0.0703125 0.55 0.015625 0.0125
2 0.0984375 0.5625 0.015625 0.0421875
0 0.0984375 0.54375 0.0046875 0.0046875
2 0.0859375 0.5625 0.0125 0.040625
0 0.0859375 0.546875 0.0046875 0.0046875
2 0.05 0.575 0.025 0.059375
0 0.05 0.55 0.0078125 0.0078125
2 0.0484375 0.565625 0.01875 0.05
0 0.05 0.5453125 0.0078125 0.00625
2 0.021875 0.5765625 0.025 0.0546875
0 0.0234375 0.5546875 0.0078125 0.009375
2 0.025 0.559375 0.0140625 0.0359375
0 0.025 0.5453125 0.0046875 0.00625
2 0.0078125 0.559375 0.015625 0.0421875
0 0.009375 0.5421875 0.00625 0.0078125