2 0.090625 0.5296875 0.171875 0.4078125
0 0.0859375 0.3609375 0.05625 0.059375
2 0.2359375 0.5984375 0.240625 0.5140625
0 0.215625 0.3875 0.0671875 0.0796875
0 0.3140625 0.58125 0.059375 0.06875
0 0.440625 0.571875 0.05625 0.0703125
2 0.41875 0.5671875 0.0921875 0.23125
0 0.403125 0.471875 0.0328125 0.0390625
2 0.4734375 0.5609375 0.0734375 0.2046875
0 0.4734375 0.4796875 0.03125 0.0359375
2 0.496875 0.521875 0.075 0.1859375
0 0.5078125 0.45625 0.03125 0.0375
2 0.4625 0.5234375 0.0640625 0.171875
0 0.4671875 0.4609375 0.0234375 0.0296875
2 0.4046875 0.5125 0.0734375 0.1734375
0 0.40625 0.446875 0.025 0.03125
2 0.3453125 0.4796875 0.0796875 0.23125
0 0.340625 0.390625 0.0296875 0.0328125
2 0.3640625 0.384375 0.04375 0.1234375
0 0.365625 0.3375 0.015625 0.0203125
2 0.403125 0.45 0.1 0.2625
0 0.403125 0.3453125 0.03125 0.046875
2 0.5046875 0.4453125 0.0859375 0.2171875
0 0.5078125 0.3609375 0.0265625 0.0328125
2 0.553125 0.3984375 0.046875 0.1328125
0 0.5515625 0.3421875 0.015625 0.01875
2 0.5671875 0.4 0.0515625 0.115625
0 0.565625 0.3546875 0.015625 0.01875
2 0.5953125 0.39375 0.03125 0.096875
0 0.5984375 0.353125 0.0109375 0.0109375
2 0.5609375 0.4953125 0.0578125 0.1625
0 0.55625 0.44375 0.0234375 0.0234375
2 0.590625 0.5265625 0.0828125 0.1875
0 0.603125 0.465625 0.0265625 0.034375
2 0.628125 0.528125 0.0859375 0.2125
0 0.6390625 0.4625 0.0296875 0.0375
2 0.6609375 0.3796875 0.0265625 0.0859375
0 0.6640625 0.34375 0.0109375 0.0125
0 0.6453125 0.6390625 0.06875 0.08125
0 0.74375 0.6109375 0.0765625 0.078125
2 0.7359375 0.590625 0.171875 0.5109375
0 0.7375 0.3796875 0.0765625 0.08125
0 0.915625 0.3625 0.0640625 0.0734375