2 0.1671875 0.4625 0.3296875 0.6203125
0 0.2640625 0.2046875 0.065625 0.0875
2 0.221875 0.4453125 0.2234375 0.5765625
0 0.259375 0.203125 0.0609375 0.0875
2 0.3765625 0.4515625 0.1796875 0.5375
0 0.384375 0.2203125 0.053125 0.0671875
2 0.4328125 0.3296875 0.128125 0.2859375
0 0.428125 0.21875 0.0453125 0.053125
2 0.471875 0.4484375 0.1734375 0.5484375
0 0.4953125 0.2203125 0.059375 0.075
2 0.61875 0.4515625 0.2953125 0.5453125
0 0.603125 0.221875 0.0625 0.0765625
2 0.7 0.4734375 0.1484375 0.5109375
0 0.6921875 0.2625 0.053125 0.0796875
2 0.815625 0.4765625 0.2078125 0.5359375
0 0.825 0.253125 0.0625 0.06875
0 0.925 0.3046875 0.0609375 0.0796875
0 0.740625 0.4921875 0.0703125 0.09375
2 0.584375 0.634375 0.1578125 0.40625
0 0.590625 0.4828125 0.0640625 0.084375
2 0.4328125 0.6203125 0.171875 0.409375
0 0.4453125 0.45625 0.065625 0.0796875
0 0.296875 0.4625 0.0640625 0.090625