2 0.0234375 0.68515625 0.046875 0.1296875
0 0.0140625 0.634375 0.0203125 0.021875
2 0.0953125 0.6640625 0.0515625 0.1453125
0 0.0984375 0.603125 0.01875 0.0171875
2 0.1265625 0.6765625 0.046875 0.11875
0 0.1328125 0.6265625 0.015625 0.0171875
2 0.1578125 0.6703125 0.0453125 0.1203125
0 0.1578125 0.621875 0.0171875 0.0171875
2 0.1921875 0.6734375 0.053125 0.1265625
0 0.203125 0.621875 0.01875 0.0171875
2 0.315625 0.659375 0.05625 0.1390625
0 0.3171875 0.6015625 0.015625 0.015625
2 0.3875 0.6640625 0.0421875 0.1203125
0 0.3859375 0.615625 0.0140625 0.0171875
2 0.36875 0.6625 0.03125 0.1109375
0 0.3734375 0.615625 0.0140625 0.0140625
2 0.390625 0.690625 0.065625 0.1265625
0 0.384375 0.6390625 0.0203125 0.021875
2 0.4546875 0.66875 0.05625 0.1640625
0 0.45625 0.5984375 0.021875 0.0203125
2 0.5390625 0.6703125 0.0484375 0.1421875
0 0.546875 0.6109375 0.01875 0.0171875
2 0.5734375 0.6671875 0.040625 0.1234375
0 0.5640625 0.6140625 0.0171875 0.01875
2 0.6125 0.665625 0.0453125 0.121875
0 0.6046875 0.615625 0.01875 0.01875
2 0.7078125 0.6703125 0.0671875 0.14375
0 0.696875 0.6109375 0.021875 0.021875
2 0.7234375 0.678125 0.0703125 0.1328125
0 0.725 0.6234375 0.0203125 0.0203125
2 0.821875 0.6625 0.0578125 0.125
0 0.828125 0.6109375 0.01875 0.0171875
2 0.9046875 0.6703125 0.0453125 0.15
0 0.9015625 0.6078125 0.0171875 0.0203125
2 0.8640625 0.678125 0.0390625 0.1421875
0 0.86875 0.6203125 0.0203125 0.01875