0 0.228125 0.5453125 0.0859375 0.10625
0 0.1765625 0.4609375 0.0703125 0.1
0 0.3046875 0.46875 0.0703125 0.0875
2 0.4359375 0.590625 0.13125 0.3546875
0 0.45 0.45 0.0484375 0.0625
2 0.5046875 0.496875 0.0921875 0.3078125
0 0.50625 0.371875 0.0359375 0.04375
2 0.58125 0.509375 0.1046875 0.3140625
0 0.578125 0.384375 0.0421875 0.053125
2 0.6796875 0.5265625 0.1140625 0.378125
0 0.6765625 0.371875 0.040625 0.0578125
2 0.659375 0.5640625 0.128125 0.365625
0 0.6671875 0.4171875 0.04375 0.0578125
2 0.7359375 0.4703125 0.0625 0.1765625
0 0.7390625 0.4 0.0234375 0.03125
2 0.78125 0.434375 0.065625 0.178125
0 0.7859375 0.365625 0.0234375 0.028125
2 0.7953125 0.5515625 0.1125 0.2828125
0 0.809375 0.434375 0.0375 0.046875
0 0.9234375 0.3625 0.06875 0.0859375