2 0.009375 0.403125 0.01875 0.125
0 0.00625 0.35625 0.0125 0.028125
2 0.0375 0.5453125 0.075 0.31875
0 0.034375 0.4046875 0.03125 0.0390625
2 0.040625 0.5296875 0.08125 0.296875
0 0.0328125 0.4046875 0.03125 0.0390625
2 0.053125 0.51796875 0.10625 0.2640625
0 0.05 0.40625 0.0328125 0.0328125
2 0.096875 0.503125 0.059375 0.2546875
0 0.090625 0.396875 0.03125 0.0375
2 0.1046875 0.45 0.053125 0.2
0 0.1015625 0.36875 0.0203125 0.021875
2 0.1203125 0.484375 0.065625 0.23125
0 0.11875 0.3859375 0.03125 0.0296875
2 0.1484375 0.4265625 0.0328125 0.14375
0 0.146875 0.36875 0.0171875 0.01875
2 0.1984375 0.4703125 0.1046875 0.3375
0 0.1984375 0.3265625 0.0390625 0.0421875
2 0.2265625 0.4578125 0.0703125 0.253125
0 0.2109375 0.353125 0.025 0.03125
2 0.25625 0.4546875 0.0546875 0.2328125
0 0.2609375 0.3546875 0.025 0.03125
2 0.2671875 0.459375 0.0765625 0.246875
0 0.2609375 0.3546875 0.0234375 0.03125
0 0.3203125 0.534375 0.075 0.09375
0 0.296875 0.465625 0.065625 0.08125
0 0.353125 0.4671875 0.0515625 0.0640625
0 0.303125 0.4234375 0.05 0.0609375
2 0.346875 0.50625 0.084375 0.25625
0 0.346875 0.403125 0.0390625 0.0453125
2 0.36875 0.490625 0.084375 0.284375
0 0.3609375 0.3734375 0.03125 0.040625
2 0.3796875 0.4578125 0.075 0.259375
0 0.384375 0.35625 0.028125 0.0359375
2 0.446875 0.4421875 0.046875 0.196875
0 0.4515625 0.371875 0.021875 0.028125
2 0.459375 0.459375 0.0765625 0.221875
0 0.46875 0.36875 0.021875 0.028125
2 0.4859375 0.4890625 0.08125 0.2875
0 0.4875 0.371875 0.0375 0.0453125
2 0.5453125 0.4671875 0.08125 0.2578125
0 0.553125 0.3640625 0.028125 0.0375
2 0.84375 0.41875 0.01875 0.04375
0 0.84375 0.40625 0.0046875 0.00625
2 0.8625 0.4234375 0.028125 0.0609375
0 0.8609375 0.4 0.00625 0.00625
2 0.925 0.5453125 0.1359375 0.3453125
0 0.9328125 0.4015625 0.0390625 0.0546875
2 0.75 0.5171875 0.1640625 0.4046875
0 0.753125 0.3515625 0.046875 0.0625
0 0.625 0.3375 0.1046875 0.134375
0 0.59375 0.3359375 0.08125 0.1171875