2 0.1203125 0.58125 0.0875 0.2734375
0 0.121875 0.46875 0.034375 0.040625
2 0.1984375 0.5796875 0.0796875 0.2671875
0 0.203125 0.46875 0.03125 0.040625
2 0.26875 0.5796875 0.078125 0.259375
0 0.275 0.4734375 0.03125 0.0375
2 0.3375 0.575 0.071875 0.2640625
0 0.34375 0.4625 0.0328125 0.034375
2 0.4 0.58125 0.071875 0.2515625
0 0.403125 0.4765625 0.03125 0.0375
2 0.4609375 0.5640625 0.096875 0.29375
0 0.4609375 0.44375 0.0328125 0.0421875
2 0.534375 0.578125 0.071875 0.2625
0 0.5375 0.4703125 0.0296875 0.0390625
2 0.603125 0.5796875 0.075 0.25625
0 0.6015625 0.471875 0.03125 0.0375
2 0.6625 0.578125 0.0765625 0.253125
0 0.6609375 0.4734375 0.0296875 0.0359375
2 0.715625 0.575 0.0734375 0.2578125
0 0.715625 0.465625 0.0328125 0.0359375
2 0.784375 0.571875 0.084375 0.259375
0 0.7828125 0.4671875 0.0328125 0.0421875
2 0.9515625 0.4875 0.0328125 0.075
0 0.9453125 0.459375 0.0125 0.0140625
2 0.9234375 0.4890625 0.0296875 0.08125
0 0.925 0.4578125 0.0109375 0.0140625
2 0.903125 0.48125 0.0328125 0.0671875
0 0.8984375 0.4578125 0.0125 0.0140625
2 0.8796875 0.4796875 0.0296875 0.0640625
0 0.878125 0.4578125 0.0125 0.0140625
2 0.8640625 0.4796875 0.05 0.059375
0 0.8625 0.459375 0.0125 0.0140625
2 0.8515625 0.478125 0.04375 0.05625
0 0.8484375 0.4578125 0.0125 0.0140625
2 0.64375 0.4640625 0.0375 0.08125
0 0.64375 0.434375 0.0140625 0.015625
2 0.5046875 0.45625 0.03125 0.075
0 0.503125 0.428125 0.0125 0.0125
2 0.4796875 0.453125 0.0296875 0.06875
0 0.4796875 0.428125 0.0140625 0.0140625
2 0.4828125 0.4375 0.0265625 0.06875
0 0.4859375 0.4125 0.0109375 0.0125
2 0.4734375 0.434375 0.021875 0.0625
0 0.4703125 0.4109375 0.0109375 0.0125
2 0.453125 0.4296875 0.0265625 0.0640625
0 0.45625 0.40625 0.0125 0.0140625
2 0.43125 0.4453125 0.021875 0.0609375
0 0.434375 0.4234375 0.0109375 0.0125
2 0.403125 0.4484375 0.0453125 0.0734375
0 0.396875 0.425 0.0140625 0.0140625
2 0.371875 0.4453125 0.025 0.0609375
0 0.3734375 0.425 0.009375 0.0125
2 0.3828125 0.4421875 0.021875 0.053125
0 0.38125 0.4234375 0.00625 0.00625
2 0.3546875 0.440625 0.028125 0.0734375
0 0.3546875 0.4140625 0.0125 0.0140625
2 0.3390625 0.4484375 0.0171875 0.0640625
0 0.3390625 0.425 0.0125 0.0140625
2 0.35625 0.434375 0.0265625 0.06875
0 0.359375 0.409375 0.0109375 0.0125
2 0.3234375 0.4515625 0.0328125 0.0859375
0 0.328125 0.4171875 0.0109375 0.0109375
2 0.3296875 0.44375 0.0265625 0.075
0 0.3296875 0.44375 0.0265625 0.075
2 0.3 0.4484375 0.028125 0.0890625
0 0.3046875 0.4140625 0.0140625 0.0140625
2 0.3140625 0.440625 0.025 0.08125
0 0.315625 0.4078125 0.0125 0.0140625
2 0.39375 0.446875 0.025 0.065625
0 0.396875 0.4234375 0.0125 0.0140625