2 0.11875 0.4828125 0.1296875 0.359375
0 0.11875 0.3328125 0.0421875 0.053125
2 0.209375 0.4734375 0.13125 0.18125
0 0.1765625 0.403125 0.04375 0.0390625
2 0.265625 0.4859375 0.1296875 0.1984375
0 0.246875 0.40625 0.0375 0.0390625
2 0.340625 0.453125 0.0796875 0.1671875
0 0.3359375 0.39375 0.0296875 0.0359375
2 0.3953125 0.4609375 0.109375 0.1953125
0 0.4140625 0.3875 0.040625 0.04375
2 0.528125 0.4609375 0.0984375 0.18125
0 0.5234375 0.390625 0.03125 0.0375
2 0.61875 0.4703125 0.1328125 0.203125
0 0.60625 0.3921875 0.034375 0.04375
0 0.15625 0.5578125 0.159375 0.1703125
0 0.4828125 0.5109375 0.08125 0.1
2 0.571875 0.6359375 0.209375 0.36875
0 0.5859375 0.5078125 0.0734375 0.0921875
2 0.7296875 0.603125 0.178125 0.4171875
0 0.7359375 0.4375 0.05625 0.0765625
2 0.821875 0.5921875 0.1890625 0.38125
0 0.8328125 0.44375 0.0703125 0.0734375
0 0.80625 0.51875 0.1109375 0.13125
2 0.93125 0.55 0.1234375 0.3234375
0 0.928125 0.4265625 0.0546875 0.05625
0 0.9265625 0.421875 0.053125 0.0640625