2 0.04375 0.815625 0.015625 0.034375
0 0.04375 0.803125 0.0046875 0.0046875
2 0.0546875 0.8140625 0.0125 0.0375
0 0.05625 0.8 0.0046875 0.0046875
0 0.08125 0.8046875 0.0125 0.015625
2 0.1328125 0.8203125 0.025 0.05
0 0.1328125 0.8015625 0.00625 0.0078125
2 0.1078125 0.8125 0.0125 0.034375
0 0.1109375 0.8 0.0046875 0.00625
2 0.1796875 0.8125 0.0171875 0.03125
0 0.178125 0.8015625 0.003125 0.003125
2 0.16875 0.8140625 0.0109375 0.0296875
0 0.1671875 0.8 0.0046875 0.0046875
2 0.215625 0.8265625 0.034375 0.06875
0 0.2125 0.803125 0.0078125 0.009375
2 0.2234375 0.8125 0.0078125 0.025
0 0.225 0.8015625 0.003125 0.0046875
2 0.2296875 0.809375 0.0078125 0.0265625
0 0.2296875 0.8 0.003125 0.003125
2 0.2359375 0.809375 0.009375 0.025
0 0.2375 0.8 0.003125 0.003125
2 0.2390625 0.8109375 0.0078125 0.0234375
0 0.240625 0.8015625 0.003125 0.003125
2 0.2453125 0.809375 0.0078125 0.0265625
0 0.246875 0.8 0.003125 0.00625
2 0.2515625 0.8078125 0.009375 0.0265625
0 0.25 0.7984375 0.003125 0.0046875
2 0.259375 0.809375 0.0125 0.0234375
0 0.2609375 0.7984375 0.003125 0.003125
2 0.2953125 0.80625 0.0109375 0.028125
0 0.2953125 0.796875 0.003125 0.003125
2 0.303125 0.8078125 0.0078125 0.0234375
0 0.303125 0.7984375 0.003125 0.003125
2 0.3109375 0.8078125 0.009375 0.0296875
0 0.3109375 0.7953125 0.0046875 0.003125
2 0.3140625 0.809375 0.009375 0.0265625
0 0.315625 0.7984375 0.003125 0.003125
2 0.3265625 0.8078125 0.009375 0.028125
0 0.328125 0.7984375 0.003125 0.003125
2 0.35 0.8046875 0.0125 0.028125
0 0.3484375 0.79375 0.003125 0.0046875
2 0.4546875 0.8 0.0109375 0.028125
0 0.4546875 0.7921875 0.0046875 0.0046875
2 0.48125 0.8015625 0.0109375 0.0296875
0 0.48125 0.790625 0.003125 0.0046875
2 0.4859375 0.8046875 0.009375 0.028125
0 0.484375 0.7921875 0.003125 0.0046875
2 0.5125 0.8015625 0.0125 0.01875
0 0.515625 0.7953125 0.003125 0.0046875
2 0.5171875 0.803125 0.0140625 0.0203125
0 0.51875 0.7953125 0.003125 0.003125
2 0.546875 0.803125 0.0125 0.0234375
0 0.5453125 0.79375 0.003125 0.0046875
2 0.5515625 0.803125 0.015625 0.021875
0 0.55 0.7953125 0.003125 0.0046875
2 0.5703125 0.8015625 0.0109375 0.034375
0 0.571875 0.7875 0.003125 0.0046875
2 0.7015625 0.8046875 0.0109375 0.0328125
0 0.7015625 0.7921875 0.003125 0.0046875
2 0.7203125 0.80625 0.0125 0.028125
0 0.7171875 0.7953125 0.003125 0.0046875