2 0.0078125 0.6203125 0.0140625 0.0484375
0 0.0078125 0.6015625 0.00625 0.009375
2 0.0171875 0.6375 0.0296875 0.075
0 0.0171875 0.6078125 0.0125 0.0125
2 0.0265625 0.6265625 0.01875 0.0578125
0 0.0265625 0.6046875 0.0078125 0.009375
2 0.0859375 0.6328125 0.01875 0.059375
0 0.0859375 0.6078125 0.00625 0.00625
2 0.09375 0.63125 0.0328125 0.059375
0 0.1 0.6078125 0.0078125 0.009375
2 0.1265625 0.63125 0.03125 0.0796875
0 0.1234375 0.6 0.0125 0.0125
2 0.1390625 0.64375 0.0421875 0.0953125
0 0.1484375 0.60625 0.0140625 0.0171875
2 0.159375 0.63125 0.021875 0.0546875
0 0.159375 0.6109375 0.00625 0.009375
2 0.221875 0.6359375 0.034375 0.06875
0 0.2296875 0.6078125 0.009375 0.0078125
2 0.2375 0.64375 0.0265625 0.071875
0 0.240625 0.6171875 0.009375 0.0125
2 0.2546875 0.64375 0.0328125 0.0828125
0 0.25625 0.6125 0.0140625 0.015625
2 0.265625 0.6390625 0.0203125 0.06875
0 0.2671875 0.615625 0.0109375 0.0140625
2 0.275 0.6390625 0.021875 0.06875
0 0.2765625 0.6140625 0.0125 0.0125
2 0.290625 0.65 0.03125 0.08125
0 0.2890625 0.615625 0.0125 0.0109375
2 0.3046875 0.64375 0.0265625 0.06875
0 0.303125 0.6171875 0.0125 0.0109375
2 0.315625 0.640625 0.015625 0.05625
0 0.3171875 0.6203125 0.0078125 0.009375
2 0.325 0.65625 0.0328125 0.0921875
0 0.328125 0.61875 0.0109375 0.0140625
2 0.33125 0.6703125 0.03125 0.1078125
0 0.33125 0.625 0.0140625 0.015625
2 0.3375 0.6390625 0.021875 0.065625
0 0.3390625 0.6125 0.009375 0.009375
2 0.3546875 0.634375 0.01875 0.0609375
0 0.3578125 0.6125 0.009375 0.0125
2 0.35625 0.6671875 0.046875 0.1109375
0 0.3578125 0.621875 0.0140625 0.015625
2 0.3796875 0.6625 0.0328125 0.1078125
0 0.378125 0.6171875 0.0125 0.0140625
2 0.4 0.6625 0.0296875 0.096875
0 0.4015625 0.6234375 0.0125 0.015625
2 0.4046875 0.6765625 0.0375 0.1171875
0 0.4078125 0.628125 0.0140625 0.0171875
2 0.45 0.659375 0.0328125 0.0953125
0 0.4515625 0.61875 0.0125 0.0125
2 0.4546875 0.678125 0.0453125 0.11875
0 0.4546875 0.6296875 0.0140625 0.015625
2 0.490625 0.68125 0.0390625 0.10625
0 0.4859375 0.6375 0.015625 0.0171875
2 0.478125 0.6546875 0.0171875 0.0765625
0 0.4796875 0.6234375 0.009375 0.009375
2 0.4921875 0.6515625 0.0171875 0.071875
0 0.490625 0.6234375 0.009375 0.0109375
2 0.5125 0.671875 0.040625 0.1109375
0 0.5140625 0.6265625 0.0140625 0.015625
2 0.525 0.6625 0.0453125 0.109375
0 0.521875 0.6171875 0.0125 0.0140625
2 0.53125 0.6625 0.0234375 0.0953125
0 0.5296875 0.6234375 0.009375 0.0109375
2 0.546875 0.671875 0.028125 0.0953125
0 0.5453125 0.63125 0.0109375 0.0140625
2 0.565625 0.665625 0.0296875 0.1015625
0 0.565625 0.6234375 0.0125 0.0125
2 0.6484375 0.671875 0.0328125 0.1171875
0 0.64375 0.621875 0.0125 0.0140625
2 0.64375 0.66875 0.0328125 0.1109375
0 0.65 0.6203125 0.0125 0.0140625
2 0.6765625 0.671875 0.0359375 0.109375
0 0.6765625 0.6265625 0.0125 0.0140625
2 0.725 0.678125 0.04375 0.1
0 0.728125 0.640625 0.0140625 0.015625
2 0.7953125 0.725 0.053125 0.196875
0 0.7984375 0.6453125 0.025 0.0328125
2 0.8296875 0.684375 0.0390625 0.1109375
0 0.834375 0.6390625 0.0125 0.0171875
2 0.859375 0.6921875 0.040625 0.1703125
0 0.8546875 0.6203125 0.01875 0.025
2 0.95 0.6984375 0.046875 0.1578125
0 0.9484375 0.6296875 0.0203125 0.01875
2 0.946875 0.7 0.06875 0.146875
0 0.940625 0.640625 0.01875 0.0234375
2 0.9640625 0.7015625 0.059375 0.134375
0 0.9578125 0.6453125 0.0171875 0.01875