2 0.9046875 0.571875 0.059375 0.1640625
0 0.903125 0.503125 0.0171875 0.021875
2 0.8609375 0.5765625 0.065625 0.1765625
0 0.8625 0.5046875 0.0234375 0.0234375
2 0.853125 0.5703125 0.071875 0.1765625
0 0.8640625 0.503125 0.01875 0.0234375
2 0.7953125 0.5671875 0.0515625 0.1734375
0 0.7984375 0.503125 0.01875 0.0203125
2 0.815625 0.5609375 0.0671875 0.16875
0 0.8140625 0.49375 0.0203125 0.0265625
2 0.390625 0.6109375 0.0609375 0.1984375
0 0.3890625 0.5328125 0.021875 0.025
2 0.3390625 0.59375 0.0609375 0.184375
0 0.3328125 0.5203125 0.0203125 0.021875
2 0.303125 0.6109375 0.0703125 0.19375
0 0.2921875 0.53125 0.0265625 0.03125
2 0.2703125 0.603125 0.0546875 0.1609375
0 0.265625 0.5359375 0.01875 0.0234375
2 0.2546875 0.6078125 0.053125 0.1765625
0 0.253125 0.5359375 0.01875 0.0234375
2 0.2859375 0.6140625 0.0828125 0.196875
0 0.278125 0.5328125 0.0234375 0.0234375
2 0.1734375 0.61875 0.0859375 0.1953125
0 0.171875 0.5359375 0.0203125 0.025
2 0.1296875 0.6109375 0.05625 0.146875
0 0.1328125 0.5515625 0.015625 0.021875
2 0.0921875 0.6109375 0.053125 0.1609375
0 0.0859375 0.54375 0.0171875 0.0203125
2 0.1 0.6171875 0.0484375 0.1859375
0 0.10625 0.5390625 0.021875 0.0234375
2 0.0390625 0.621875 0.0609375 0.18125
0 0.0484375 0.546875 0.01875 0.0265625