2 0.3015625 0.6484375 0.0859375 0.2734375
0 0.3203125 0.534375 0.034375 0.040625
2 0.384375 0.659375 0.109375 0.28125
0 0.3890625 0.5421875 0.0359375 0.0390625
2 0.4703125 0.659375 0.0765625 0.2734375
0 0.465625 0.54375 0.0296875 0.034375
0 0.5484375 0.5578125 0.0546875 0.0640625
2 0.5671875 0.6671875 0.090625 0.2734375
0 0.5796875 0.5625 0.0375 0.0453125
2 0.6609375 0.659375 0.09375 0.2578125
0 0.653125 0.5515625 0.0359375 0.0390625
2 0.7453125 0.6671875 0.090625 0.25
0 0.75 0.5640625 0.0296875 0.034375
0 0.771875 0.5171875 0.059375 0.06875
2 0.8421875 0.665625 0.0828125 0.259375
0 0.834375 0.5609375 0.0328125 0.040625