2 0.0375 0.4359375 0.0734375 0.3203125
0 0.015625 0.303125 0.03125 0.0453125
2 0.18125 0.5125 0.115625 0.365625
0 0.1828125 0.3640625 0.0421875 0.0453125
2 0.090625 0.4359375 0.0921875 0.2359375
0 0.096875 0.334375 0.025 0.0296875
2 0.134375 0.4453125 0.0765625 0.2453125
0 0.1375 0.3453125 0.0359375 0.040625
2 0.065625 0.375 0.0375 0.10625
0 0.0671875 0.33125 0.0109375 0.0125
2 0.1640625 0.41875 0.0765625 0.2265625
0 0.1640625 0.3234375 0.03125 0.03125
2 0.2109375 0.3796875 0.0296875 0.1453125
0 0.2140625 0.3203125 0.015625 0.0203125
2 0.234375 0.43125 0.0546875 0.228125
0 0.2375 0.3359375 0.028125 0.034375
2 0.2703125 0.4421875 0.0609375 0.215625
0 0.2796875 0.3515625 0.03125 0.03125
2 0.2515625 0.3546875 0.021875 0.0765625
0 0.2546875 0.3234375 0.009375 0.009375
2 0.3390625 0.4671875 0.1296875 0.34375
0 0.3171875 0.3171875 0.040625 0.0421875
2 0.3625 0.44375 0.0546875 0.2265625
0 0.35625 0.3484375 0.021875 0.0296875
2 0.3890625 0.3734375 0.0390625 0.1125
0 0.3921875 0.328125 0.0140625 0.015625
2 0.425 0.4421875 0.0796875 0.2328125
0 0.425 0.34375 0.0296875 0.0328125
2 0.453125 0.3640625 0.040625 0.09375
0 0.4546875 0.3265625 0.0125 0.015625
2 0.5109375 0.5671875 0.1421875 0.453125
0 0.5203125 0.3703125 0.0484375 0.053125
2 0.5125 0.546875 0.1953125 0.4828125
0 0.51875 0.3734375 0.05625 0.0609375
2 0.4828125 0.4375 0.084375 0.2640625
0 0.48125 0.321875 0.0296875 0.0328125
2 0.5859375 0.4390625 0.0875 0.290625
0 0.5796875 0.3171875 0.0328125 0.0390625
2 0.6234375 0.45 0.05625 0.2328125
0 0.621875 0.3515625 0.01875 0.0234375
2 0.6703125 0.45 0.075 0.2390625
0 0.66875 0.346875 0.0265625 0.0328125
2 0.7140625 0.4390625 0.071875 0.2453125
0 0.7140625 0.334375 0.03125 0.0328125
2 0.79375 0.475 0.0734375 0.2046875
0 0.790625 0.390625 0.0265625 0.0359375
2 0.8546875 0.453125 0.0734375 0.25625
0 0.8625 0.3453125 0.0265625 0.0359375
2 0.8625 0.4421875 0.103125 0.2375
0 0.865625 0.3421875 0.0296875 0.0328125
2 0.784375 0.384375 0.0609375 0.1375
0 0.778125 0.3265625 0.0171875 0.01875
2 0.765625 0.3765625 0.0484375 0.1375
0 0.7671875 0.321875 0.015625 0.0203125
2 0.8 0.3859375 0.0453125 0.125
0 0.790625 0.334375 0.015625 0.0171875
2 0.846875 0.35 0.021875 0.05
0 0.8484375 0.3296875 0.00625 0.00625
2 0.9421875 0.45 0.0734375 0.2796875
0 0.946875 0.3390625 0.03125 0.034375
0 0.971875 0.3296875 0.028125 0.04375
2 0.9109375 0.3734375 0.0359375 0.1015625
0 0.9109375 0.33125 0.0125 0.0125
2 0.8796875 0.3828125 0.0453125 0.1484375
0 0.8796875 0.3203125 0.01875 0.0171875
2 0.74375 0.3515625 0.021875 0.0609375
0 0.74375 0.3265625 0.0078125 0.009375
2 0.8125 0.3484375 0.0203125 0.0484375
0 0.8125 0.3296875 0.0078125 0.00625