0 0.240625 0.3765625 0.0859375 0.1125
2 0.365625 0.3921875 0.1921875 0.45
0 0.334375 0.2140625 0.0609375 0.0890625
2 0.4609375 0.44375 0.209375 0.4234375
0 0.4484375 0.28125 0.0609375 0.0828125
2 0.5 0.3546875 0.1421875 0.375
0 0.4765625 0.196875 0.053125 0.0578125
2 0.60625 0.384375 0.1484375 0.4203125
0 0.578125 0.2140625 0.0484375 0.0703125
2 0.740625 0.490625 0.1921875 0.496875
0 0.7421875 0.30625 0.0890625 0.125
0 0.8765625 0.36875 0.175 0.2109375
2 0.89375 0.4390625 0.1703125 0.5453125
0 0.88125 0.209375 0.075 0.0828125