2 0.1671875 0.5640625 0.225 0.5109375
0 0.1515625 0.365625 0.05625 0.0625
2 0.3328125 0.625 0.18125 0.3875
0 0.34375 0.4859375 0.040625 0.0515625
2 0.475 0.615625 0.1765625 0.365625
0 0.446875 0.490625 0.0484375 0.053125
2 0.5828125 0.5640625 0.134375 0.434375
0 0.5734375 0.396875 0.0390625 0.059375
2 0.684375 0.55625 0.134375 0.3984375
0 0.6671875 0.3984375 0.040625 0.0578125
2 0.8 0.5265625 0.1703125 0.4125
0 0.7890625 0.3625 0.0453125 0.059375
0 0.903125 0.3890625 0.0375 0.05
2 0.7171875 0.51875 0.0953125 0.3203125
0 0.7171875 0.3875 0.034375 0.0453125
2 0.6359375 0.515625 0.1046875 0.340625
0 0.634375 0.384375 0.0375 0.0453125
2 0.603125 0.4046875 0.14375 0.303125
0 0.5890625 0.325 0.0296875 0.0390625
2 0.49375 0.44375 0.1265625 0.28125
0 0.49375 0.3359375 0.034375 0.040625
2 0.3640625 0.5015625 0.1 0.25625
0 0.365625 0.396875 0.0296875 0.0375
2 0.315625 0.4875 0.0859375 0.2421875
0 0.315625 0.396875 0.028125 0.0390625
2 0.2578125 0.5046875 0.121875 0.2859375
0 0.2625 0.4 0.0390625 0.053125