2 0.90625 0.7125 0.0875 0.159375
0 0.9046875 0.65625 0.0328125 0.0421875
2 0.9296875 0.696875 0.0953125 0.2125
0 0.9453125 0.6140625 0.0390625 0.0484375
0 0.5609375 0.4484375 0.0796875 0.10625
0 0.3203125 0.515625 0.071875 0.0953125
2 0.240625 0.6765625 0.1296875 0.2421875
0 0.2421875 0.5765625 0.0328125 0.0328125
2 0.4375 0.665625 0.1328125 0.2546875
0 0.4421875 0.5671875 0.0359375 0.040625
2 0.5359375 0.671875 0.1125 0.2453125
0 0.5390625 0.571875 0.0296875 0.040625
2 0.9375 0.4140625 0.0828125 0.1546875
0 0.934375 0.3578125 0.0265625 0.0375
2 0.86875 0.41875 0.0765625 0.1453125
0 0.8875 0.3703125 0.028125 0.0328125
2 0.7703125 0.4140625 0.0828125 0.1546875
0 0.7765625 0.359375 0.0265625 0.03125
2 0.70625 0.4125 0.0796875 0.1578125
0 0.709375 0.353125 0.025 0.0296875
2 0.6296875 0.4234375 0.0671875 0.1375
0 0.6234375 0.3765625 0.025 0.0328125
2 0.565625 0.4234375 0.0765625 0.1375
0 0.559375 0.375 0.0265625 0.034375
2 0.359375 0.3921875 0.0984375 0.209375
0 0.3671875 0.3 0.021875 0.0171875
2 0.2984375 0.4 0.0703125 0.190625
0 0.315625 0.328125 0.03125 0.0375
2 0.1921875 0.3921875 0.0796875 0.2046875
0 0.2015625 0.309375 0.025 0.0328125
2 0.115625 0.384375 0.0828125 0.2234375
0 0.11875 0.290625 0.028125 0.0265625