0 0.9234375 0.7859375 0.0078125 0.0109375
2 0.7890625 0.7828125 0.021875 0.04375
0 0.790625 0.765625 0.0078125 0.0078125
0 0.765625 0.790625 0.009375 0.0109375
0 0.5390625 0.8015625 0.0078125 0.0078125
2 0.3796875 0.7859375 0.0171875 0.0359375
0 0.3796875 0.7734375 0.00625 0.0078125
2 0.3484375 0.784375 0.0171875 0.0375
0 0.353125 0.771875 0.00625 0.0046875
2 0.278125 0.771875 0.0140625 0.034375
0 0.2765625 0.7578125 0.0046875 0.0046875
2 0.209375 0.78125 0.0140625 0.040625
0 0.209375 0.765625 0.0046875 0.0046875
2 0.1671875 0.775 0.015625 0.040625
0 0.1671875 0.7609375 0.0046875 0.00625
2 0.209375 0.7609375 0.0125 0.03125
0 0.2078125 0.7515625 0.0046875 0.0046875
2 0.2 0.7296875 0.0140625 0.028125
0 0.203125 0.71875 0.0046875 0.0046875
2 0.58125 0.6859375 0.0140625 0.025
0 0.584375 0.6796875 0.0046875 0.0046875
2 0.7 0.69375 0.009375 0.028125
0 0.7015625 0.6859375 0.00625 0.00625
2 0.709375 0.696875 0.0140625 0.0296875
0 0.709375 0.6875 0.0046875 0.0046875
2 0.9203125 0.7078125 0.0125 0.028125
0 0.921875 0.6984375 0.0046875 0.0046875
2 0.8515625 0.6859375 0.0140625 0.025
0 0.85 0.6765625 0.0046875 0.0046875
2 0.84375 0.6984375 0.0140625 0.0234375
0 0.8453125 0.6921875 0.0046875 0.0046875
2 0.8296875 0.690625 0.0125 0.0265625
0 0.83125 0.68125 0.0046875 0.0046875
2 0.9875 0.5046875 0.0125 0.0234375
0 0.9875 0.496875 0.0046875 0.0046875
2 0.96875 0.6265625 0.0140625 0.0203125
0 0.9671875 0.6203125 0.0046875 0.0046875
2 0.0328125 0.7 0.021875 0.0328125
0 0.0359375 0.6890625 0.0046875 0.0046875