2 0.03125 0.7265625 0.0625 0.196875
0 0.01875 0.6453125 0.0234375 0.0234375
0 0.1328125 0.675 0.04375 0.0328125
0 0.20625 0.6765625 0.028125 0.03125
2 0.221875 0.6984375 0.0484375 0.1359375
0 0.225 0.64375 0.0171875 0.021875
2 0.1578125 0.6875 0.034375 0.0953125
0 0.1671875 0.6484375 0.0125 0.0125
2 0.125 0.6875 0.0359375 0.090625
0 0.125 0.65 0.0125 0.0125
2 0.1828125 0.678125 0.01875 0.06875
0 0.1859375 0.6515625 0.009375 0.0125
2 0.20625 0.678125 0.034375 0.0859375
0 0.20625 0.64375 0.0125 0.0125
2 0.2484375 0.6765625 0.021875 0.065625
0 0.246875 0.6515625 0.009375 0.009375
2 0.2640625 0.675 0.025 0.0609375
0 0.265625 0.6515625 0.009375 0.009375
2 0.2375 0.6796875 0.021875 0.078125
0 0.2359375 0.646875 0.00625 0.0078125
2 0.284375 0.6578125 0.0125 0.03125
0 0.284375 0.646875 0.0046875 0.0046875
2 0.290625 0.6578125 0.0125 0.0328125
0 0.2921875 0.646875 0.0046875 0.0046875
2 0.3015625 0.659375 0.015625 0.040625
0 0.3015625 0.64375 0.00625 0.00625
2 0.3140625 0.66875 0.03125 0.059375
0 0.315625 0.646875 0.00625 0.00625
2 0.3390625 0.7328125 0.0765625 0.1890625
0 0.34375 0.6578125 0.0265625 0.028125
2 0.6875 0.721875 0.0578125 0.1546875
0 0.6859375 0.6578125 0.01875 0.0203125
2 0.75625 0.71875 0.096875 0.175
0 0.7375 0.6421875 0.021875 0.0203125
0 0.93125 0.6734375 0.040625 0.0375
2 0.70625 0.69375 0.040625 0.0984375
0 0.7046875 0.6546875 0.0125 0.015625
2 0.5984375 0.6796875 0.034375 0.0703125
0 0.6015625 0.65 0.0078125 0.0078125
2 0.6390625 0.675 0.0375 0.08125
0 0.6390625 0.640625 0.009375 0.009375
2 0.5734375 0.6703125 0.021875 0.059375
0 0.56875 0.646875 0.0078125 0.0078125
2 0.6203125 0.6671875 0.015625 0.0453125
0 0.61875 0.65 0.00625 0.00625