2 0.175 0.65625 0.0140625 0.08125
0 0.171875 0.6265625 0.0109375 0.0125
2 0.2078125 0.65 0.01875 0.046875
0 0.2109375 0.63125 0.009375 0.0078125
2 0.225 0.6515625 0.0203125 0.0453125
0 0.225 0.6375 0.00625 0.0078125
2 0.240625 0.65 0.0171875 0.0453125
0 0.24375 0.634375 0.0078125 0.0078125
2 0.2671875 0.65 0.0140625 0.0484375
0 0.2703125 0.63125 0.0046875 0.0046875
2 0.315625 0.6484375 0.0140625 0.040625
0 0.3171875 0.6328125 0.0046875 0.0046875
2 0.328125 0.646875 0.0203125 0.0453125
0 0.33125 0.63125 0.0078125 0.009375
2 0.353125 0.6546875 0.0234375 0.0515625
0 0.353125 0.6359375 0.0078125 0.009375
2 0.4734375 0.653125 0.0171875 0.05625
0 0.475 0.6296875 0.00625 0.00625
2 0.59375 0.6546875 0.0265625 0.0515625
0 0.596875 0.634375 0.00625 0.0078125
2 0.5890625 0.65625 0.0265625 0.05
0 0.590625 0.6296875 0.009375 0.009375
2 0.740625 0.6515625 0.0140625 0.0375
0 0.740625 0.6390625 0.0046875 0.0046875
2 0.7890625 0.65625 0.015625 0.0453125
0 0.790625 0.6390625 0.0046875 0.0046875
2 0.8125 0.6578125 0.0203125 0.0421875
0 0.8140625 0.64375 0.0046875 0.00625
2 0.6328125 0.6453125 0.01875 0.0359375
0 0.6328125 0.6328125 0.0046875 0.0078125