2 0.728125 0.578125 0.146875 0.509375
0 0.71875 0.3625 0.053125 0.078125
2 0.7828125 0.4609375 0.128125 0.496875
0 0.7703125 0.2515625 0.065625 0.0640625
2 0.6578125 0.41875 0.175 0.4609375
0 0.6015625 0.2296875 0.0578125 0.078125
2 0.5140625 0.434375 0.2296875 0.525
0 0.5140625 0.2734375 0.0609375 0.0671875
2 0.428125 0.3078125 0.1359375 0.2828125
0 0.440625 0.175 0.0375 0.0171875
2 0.428125 0.4890625 0.175 0.4
0 0.3953125 0.3265625 0.0515625 0.0640625
2 0.2484375 0.4703125 0.2078125 0.403125
0 0.275 0.309375 0.053125 0.071875