2 0.7109375 0.6296875 0.1296875 0.3984375
0 0.7015625 0.4640625 0.04375 0.0484375
2 0.775 0.596875 0.090625 0.2640625
0 0.771875 0.48125 0.0328125 0.0359375
2 0.81875 0.575 0.0375 0.1046875
0 0.815625 0.5296875 0.0125 0.0125
2 0.85 0.5765625 0.0234375 0.0609375
0 0.853125 0.5546875 0.0078125 0.0109375
2 0.69375 0.5921875 0.1265625 0.3078125
0 0.7 0.4578125 0.0328125 0.0390625
2 0.565625 0.596875 0.096875 0.2890625
0 0.575 0.471875 0.0359375 0.0328125
2 0.6125 0.5796875 0.0546875 0.1625
0 0.615625 0.5125 0.0171875 0.0203125
2 0.48125 0.615625 0.0921875 0.3484375
0 0.4828125 0.4671875 0.0390625 0.0453125
2 0.43125 0.5859375 0.0671875 0.159375
0 0.43125 0.521875 0.015625 0.01875
2 0.3671875 0.59375 0.0921875 0.309375
0 0.371875 0.4640625 0.034375 0.0421875
2 0.2921875 0.590625 0.078125 0.1765625
0 0.29375 0.5171875 0.0234375 0.021875
2 0.2484375 0.578125 0.05 0.1453125
0 0.259375 0.5171875 0.0203125 0.021875
2 0.2125 0.5890625 0.0671875 0.165625
0 0.2234375 0.51875 0.01875 0.0203125
2 0.1796875 0.584375 0.0734375 0.15625
0 0.1984375 0.521875 0.0203125 0.0234375
2 0.0828125 0.5921875 0.1140625 0.2359375
0 0.096875 0.49375 0.028125 0.03125
2 0.0359375 0.5828125 0.0703125 0.1765625
0 0.034375 0.515625 0.028125 0.0296875
2 0.021875 0.58046875 0.04375 0.2296875
0 0.0171875 0.4890625 0.0296875 0.0390625
2 0.3265625 0.5875 0.0453125 0.11875
0 0.328125 0.540625 0.0140625 0.0171875
2 0.646875 0.5765625 0.0359375 0.109375
0 0.646875 0.53125 0.0140625 0.0140625