0 0.0609375 0.4984375 0.121875 0.2015625
0 0.215625 0.5453125 0.075 0.0875
2 0.228125 0.5546875 0.0796875 0.215625
0 0.2390625 0.471875 0.04375 0.046875
0 0.4046875 0.50625 0.08125 0.0953125
0 0.540625 0.5125 0.046875 0.0609375
2 0.609375 0.5984375 0.103125 0.3453125
0 0.6125 0.453125 0.0375 0.04375
2 0.68125 0.678125 0.1375 0.35625
0 0.665625 0.528125 0.0484375 0.0515625
0 0.7484375 0.746875 0.05 0.05
2 0.71875 0.55 0.1078125 0.253125
0 0.7125 0.45625 0.0390625 0.05
2 0.784375 0.575 0.08125 0.3328125
0 0.7859375 0.434375 0.0375 0.04375
0 0.8296875 0.44375 0.0625 0.071875