2 0.2109375 0.7375 0.0296875 0.053125
0 0.2171875 0.7171875 0.009375 0.009375
2 0.2875 0.7453125 0.028125 0.0578125
0 0.2796875 0.721875 0.0078125 0.009375
2 0.28125 0.7375 0.025 0.046875
0 0.2859375 0.71875 0.00625 0.0078125
2 0.334375 0.7640625 0.0203125 0.025
0 0.3359375 0.75625 0.0078125 0.0078125
2 0.321875 0.7546875 0.0265625 0.0609375
0 0.3265625 0.7296875 0.0078125 0.009375
2 0.309375 0.7375 0.0171875 0.0421875
0 0.309375 0.7203125 0.0078125 0.009375
2 0.3046875 0.7359375 0.01875 0.0453125
0 0.30625 0.71875 0.00625 0.00625
2 0.3171875 0.734375 0.0140625 0.05
0 0.3171875 0.7140625 0.00625 0.0078125
2 0.36875 0.771875 0.046875 0.109375
0 0.3765625 0.7265625 0.0125 0.0140625
2 0.3828125 0.765625 0.034375 0.0890625
0 0.3875 0.73125 0.0109375 0.0125
2 0.3953125 0.76875 0.0265625 0.0953125
0 0.4 0.73125 0.0109375 0.0140625
2 0.4078125 0.75625 0.01875 0.075
0 0.409375 0.725 0.009375 0.009375
2 0.4140625 0.765625 0.0296875 0.08125
0 0.41875 0.734375 0.0078125 0.009375
2 0.4234375 0.76875 0.0265625 0.0890625
0 0.428125 0.73125 0.009375 0.0109375
2 0.4328125 0.759375 0.0203125 0.08125
0 0.4328125 0.725 0.0078125 0.0109375
2 0.4046875 0.73125 0.01875 0.0421875
0 0.4046875 0.715625 0.0046875 0.00625
2 0.4484375 0.7578125 0.01875 0.053125
0 0.45 0.7359375 0.0078125 0.009375
2 0.4625 0.778125 0.0453125 0.1046875
0 0.465625 0.7359375 0.0140625 0.0171875
2 0.4671875 0.7546875 0.0265625 0.08125
0 0.46875 0.721875 0.009375 0.0125
2 0.484375 0.765625 0.0265625 0.090625
0 0.4875 0.7296875 0.009375 0.0140625
2 0.5 0.759375 0.0234375 0.0953125
0 0.5015625 0.7203125 0.0109375 0.0140625
2 0.503125 0.7828125 0.0359375 0.08125
0 0.5015625 0.7515625 0.0109375 0.0140625
2 0.50625 0.7703125 0.0375 0.0984375
0 0.5171875 0.73125 0.0125 0.0171875
2 0.51875 0.759375 0.028125 0.0828125
0 0.515625 0.725 0.0109375 0.0125
2 0.515625 0.71875 0.0109375 0.0265625
0 0.5140625 0.709375 0.003125 0.003125
2 0.5515625 0.7203125 0.0125 0.03125
0 0.553125 0.709375 0.0046875 0.0046875
2 0.5703125 0.7234375 0.0109375 0.0328125
0 0.5703125 0.709375 0.0046875 0.0046875
2 0.5796875 0.76875 0.028125 0.084375
0 0.5828125 0.7328125 0.0109375 0.0125
2 0.6015625 0.7796875 0.0515625 0.1078125
0 0.6 0.7359375 0.0125 0.015625
2 0.6015625 0.775 0.0484375 0.103125
0 0.5984375 0.73125 0.0109375 0.0125
2 0.6921875 0.759375 0.0390625 0.090625
0 0.6859375 0.7234375 0.0109375 0.0125
2 0.725 0.8 0.046875 0.13125
0 0.7171875 0.7453125 0.0171875 0.01875
2 0.771875 0.778125 0.0546875 0.09375
0 0.759375 0.7390625 0.0140625 0.0140625
2 0.75 0.7765625 0.0484375 0.090625
0 0.74375 0.7390625 0.0109375 0.0125
2 0.7578125 0.7671875 0.040625 0.0953125
0 0.753125 0.728125 0.0125 0.0125
2 0.675 0.7171875 0.0125 0.0203125
0 0.6734375 0.709375 0.003125 0.003125
2 0.625 0.725 0.009375 0.025
0 0.6265625 0.7171875 0.003125 0.003125
2 0.6015625 0.7234375 0.0109375 0.0296875
0 0.6015625 0.7125 0.0046875 0.0046875
2 0.7359375 0.7171875 0.0078125 0.01875
0 0.734375 0.7109375 0.003125 0.003125