2 0.56875 0.5171875 0.0296875 0.0875
0 0.5703125 0.4796875 0.009375 0.0125
2 0.5796875 0.5140625 0.028125 0.0890625
0 0.5765625 0.4765625 0.0109375 0.0125
2 0.525 0.503125 0.0234375 0.065625
0 0.5265625 0.478125 0.009375 0.0109375
2 0.5421875 0.5125 0.01875 0.071875
0 0.5421875 0.484375 0.009375 0.0125
2 0.55625 0.5140625 0.021875 0.078125
0 0.553125 0.48125 0.009375 0.0109375
2 0.55 0.471875 0.025 0.0546875
0 0.546875 0.45 0.00625 0.009375
2 0.528125 0.4640625 0.021875 0.0671875
0 0.528125 0.4375 0.00625 0.009375
2 0.5453125 0.446875 0.021875 0.0546875
0 0.54375 0.428125 0.00625 0.009375
2 0.459375 0.5109375 0.01875 0.0734375
0 0.4609375 0.4796875 0.009375 0.0078125
2 0.4 0.53125 0.0359375 0.1078125
0 0.39375 0.4875 0.0125 0.0140625
2 0.3859375 0.5453125 0.05625 0.090625
0 0.378125 0.509375 0.0140625 0.015625
2 0.3578125 0.5375 0.0625 0.13125
0 0.346875 0.4828125 0.015625 0.01875
2 0.3 0.5171875 0.0390625 0.0984375
0 0.2984375 0.4875 0.0125 0.0125
2 0.284375 0.5546875 0.0828125 0.175
0 0.2890625 0.4796875 0.025 0.0265625
2 0.2109375 0.5328125 0.0421875 0.1171875
0 0.20625 0.484375 0.015625 0.015625
2 0.115625 0.553125 0.059375 0.140625
0 0.1125 0.4953125 0.01875 0.0203125
2 0.059375 0.525 0.034375 0.084375
0 0.0609375 0.4890625 0.0140625 0.0125
2 0.021875 0.525 0.034375 0.0890625
0 0.0125 0.4890625 0.0109375 0.0140625
2 0.0953125 0.521875 0.025 0.075
0 0.096875 0.49375 0.0109375 0.0109375
2 0.6609375 0.4875 0.00625 0.0125
0 0.6609375 0.4828125 0.0015625 0.0015625
2 0.634375 0.4875 0.0046875 0.0109375
0 0.6359375 0.484375 0.0015625 0.0015625
2 0.7140625 0.4875 0.0046875 0.0125
0 0.715625 0.48125 0.0015625 0.003125
2 0.5515625 0.403125 0.0171875 0.0421875
0 0.5484375 0.3859375 0.00625 0.00625
2 0.00625 0.5296875 0.0125 0.10625
0 0.003125 0.4875 0.00625 0.0140625