2 0.2078125 0.609375 0.1265625 0.428125
0 0.2203125 0.4234375 0.0421875 0.0515625
2 0.2859375 0.603125 0.2515625 0.409375
0 0.290625 0.4328125 0.04375 0.0578125
2 0.3625 0.6203125 0.125 0.3875
0 0.365625 0.4578125 0.040625 0.053125
2 0.428125 0.6234375 0.1421875 0.415625
0 0.4359375 0.4453125 0.04375 0.05625
2 0.51875 0.609375 0.284375 0.44375
0 0.515625 0.428125 0.0484375 0.0671875
2 0.6 0.628125 0.1203125 0.3953125
0 0.6015625 0.4625 0.0421875 0.0546875
2 0.6546875 0.609375 0.1328125 0.428125
0 0.65 0.4328125 0.0453125 0.059375
2 0.753125 0.63125 0.1578125 0.425
0 0.728125 0.4546875 0.0453125 0.0578125
2 0.85 0.621875 0.16875 0.4328125
0 0.853125 0.4390625 0.05 0.0625