0 0.0453125 0.715625 0.0875 0.0984375
0 0.19375 0.715625 0.06875 0.0703125
0 0.353125 0.7203125 0.08125 0.0875
0 0.5125 0.7765625 0.059375 0.0796875
0 0.8578125 0.728125 0.071875 0.08125
0 0.6578125 0.7046875 0.053125 0.0703125
0 0.471875 0.6625 0.0453125 0.05625
0 0.559375 0.675 0.0484375 0.05625
0 0.515625 0.6734375 0.0375 0.040625
0 0.759375 0.6625 0.053125 0.05
0 0.6828125 0.6734375 0.04375 0.053125
0 0.8109375 0.6453125 0.046875 0.05625
2 0.8734375 0.71875 0.0875 0.2875
0 0.8796875 0.6125 0.0375 0.0375
0 0.9609375 0.6609375 0.05625 0.0609375
2 0.1109375 0.6953125 0.0609375 0.140625
0 0.1109375 0.6390625 0.025 0.021875
0 0.159375 0.66875 0.04375 0.0453125
0 0.21875 0.6515625 0.0359375 0.040625
0 0.2734375 0.6796875 0.053125 0.053125
0 0.3171875 0.703125 0.0640625 0.0734375
2 0.0234375 0.696875 0.04375 0.13125
0 0.0234375 0.64375 0.0171875 0.0171875
2 0.134375 0.671875 0.034375 0.096875
0 0.13125 0.6375 0.015625 0.0203125
2 0.146875 0.646875 0.0265625 0.084375
0 0.1453125 0.615625 0.0140625 0.0140625
2 0.1875 0.6734375 0.03125 0.1078125
0 0.1953125 0.63125 0.0140625 0.0171875
2 0.2625 0.6984375 0.05625 0.128125
0 0.2734375 0.6453125 0.0140625 0.0203125
2 0.3859375 0.6859375 0.0421875 0.103125
0 0.3875 0.646875 0.0171875 0.021875
2 0.41875 0.6765625 0.03125 0.0875
0 0.41875 0.64375 0.0140625 0.0171875
2 0.4453125 0.671875 0.0375 0.10625
0 0.4453125 0.6328125 0.0171875 0.0203125
2 0.5421875 0.6625 0.0296875 0.1125
0 0.546875 0.6171875 0.0171875 0.0171875
2 0.5484375 0.665625 0.0265625 0.109375
0 0.553125 0.6203125 0.0140625 0.0171875
2 0.5671875 0.6546875 0.0296875 0.0828125
0 0.56875 0.621875 0.0140625 0.0140625
2 0.6921875 0.6375 0.028125 0.08125
0 0.6921875 0.6140625 0.009375 0.009375
2 0.38125 0.6703125 0.0421875 0.1078125
0 0.384375 0.628125 0.0140625 0.0171875
0 0.128125 0.6984375 0.0421875 0.04375
0 0.6078125 0.6578125 0.025 0.028125
2 0.2484375 0.6625 0.0375 0.0609375
0 0.240625 0.64375 0.0171875 0.01875
0 0.6203125 0.634375 0.0390625 0.0453125