2 0.14375 0.56875 0.159375 0.5296875
0 0.18125 0.35 0.0609375 0.071875
2 0.246875 0.521875 0.13125 0.515625
0 0.2546875 0.3140625 0.0625 0.078125
2 0.3265625 0.4984375 0.478125 0.5734375
0 0.390625 0.2609375 0.0578125 0.0796875
2 0.4171875 0.5390625 0.1203125 0.440625
0 0.4328125 0.3546875 0.0515625 0.065625
2 0.50625 0.509375 0.14375 0.5109375
0 0.496875 0.3015625 0.053125 0.065625
2 0.6203125 0.521875 0.1671875 0.5046875
0 0.6046875 0.3125 0.059375 0.078125
2 0.7265625 0.5359375 0.1703125 0.5421875
0 0.6828125 0.3125 0.065625 0.084375
0 0.7625 0.346875 0.0625 0.08125