2 0.090625 0.7140625 0.0078125 0.01875
0 0.090625 0.7078125 0.0046875 0.003125
2 0.1125 0.70625 0.009375 0.0296875
0 0.1140625 0.696875 0.0046875 0.0046875
2 0.1171875 0.71875 0.009375 0.0234375
0 0.1203125 0.7109375 0.003125 0.003125
2 0.1546875 0.7171875 0.009375 0.0203125
0 0.15625 0.709375 0.003125 0.003125
2 0.165625 0.715625 0.0078125 0.01875
0 0.1671875 0.709375 0.003125 0.003125
2 0.171875 0.71875 0.009375 0.028125
0 0.1765625 0.709375 0.003125 0.0046875
2 0.1875 0.71875 0.009375 0.028125
0 0.1890625 0.7078125 0.003125 0.0046875
2 0.1921875 0.7203125 0.0140625 0.0328125
0 0.1921875 0.7078125 0.0046875 0.0046875
2 0.203125 0.71875 0.0078125 0.0296875
0 0.203125 0.7078125 0.0046875 0.0046875
2 0.2078125 0.7203125 0.0125 0.03125
0 0.2078125 0.7078125 0.0046875 0.0046875
2 0.215625 0.7203125 0.009375 0.03125
0 0.215625 0.7078125 0.003125 0.0046875
2 0.2203125 0.71875 0.0109375 0.0328125
0 0.21875 0.70625 0.0046875 0.0046875
2 0.234375 0.7234375 0.0125 0.0328125
0 0.234375 0.7109375 0.0046875 0.0046875
2 0.2578125 0.725 0.0140625 0.0328125
0 0.259375 0.7125 0.0046875 0.0046875
2 0.26875 0.725 0.015625 0.0375
0 0.271875 0.709375 0.0046875 0.0046875
2 0.28125 0.7234375 0.0125 0.0328125
0 0.28125 0.7109375 0.0046875 0.0046875
2 0.2859375 0.7234375 0.009375 0.034375
0 0.2890625 0.709375 0.0046875 0.0046875
2 0.2953125 0.725 0.0125 0.034375
0 0.2953125 0.7125 0.0046875 0.0046875
2 0.3 0.725 0.0109375 0.0328125
0 0.3015625 0.7125 0.0046875 0.0046875
2 0.3078125 0.7234375 0.0140625 0.0359375
0 0.3109375 0.709375 0.00625 0.00625
2 0.3125 0.725 0.0140625 0.0328125
0 0.3140625 0.7125 0.0046875 0.00625
2 0.321875 0.725 0.0109375 0.0359375
0 0.3203125 0.709375 0.0046875 0.0046875
2 0.325 0.725 0.0140625 0.0421875
0 0.3265625 0.7078125 0.00625 0.00625
2 0.3359375 0.7234375 0.0109375 0.040625
0 0.3359375 0.7078125 0.00625 0.00625
2 0.35 0.7265625 0.0109375 0.0359375
0 0.3515625 0.7125 0.00625 0.0046875
2 0.359375 0.725 0.0109375 0.0390625
0 0.359375 0.709375 0.00625 0.00625
2 0.365625 0.725 0.009375 0.0296875
0 0.365625 0.7125 0.0046875 0.0046875
2 0.371875 0.7265625 0.009375 0.0328125
0 0.375 0.7140625 0.0046875 0.0046875
2 0.378125 0.725 0.0109375 0.0296875
0 0.3796875 0.7125 0.0046875 0.0046875
2 0.3875 0.725 0.0109375 0.034375
0 0.3890625 0.7109375 0.0046875 0.0046875
2 0.403125 0.725 0.0078125 0.034375
0 0.403125 0.7109375 0.0046875 0.0046875
2 0.409375 0.725 0.0109375 0.03125
0 0.409375 0.7140625 0.0046875 0.0046875
2 0.421875 0.7234375 0.009375 0.028125
0 0.4234375 0.7125 0.0046875 0.0046875
2 0.4546875 0.7234375 0.015625 0.040625
0 0.4578125 0.7078125 0.00625 0.0078125
2 0.4765625 0.725 0.015625 0.0375
0 0.4796875 0.709375 0.0046875 0.00625
2 0.4734375 0.721875 0.0109375 0.0296875
0 0.4734375 0.7125 0.0046875 0.0046875
2 0.4796875 0.7234375 0.0109375 0.0359375
0 0.48125 0.709375 0.00625 0.00625
2 0.4984375 0.7234375 0.0125 0.034375
0 0.4984375 0.709375 0.0046875 0.0046875
2 0.509375 0.721875 0.0109375 0.0296875
0 0.5109375 0.7125 0.0046875 0.0046875
2 0.5171875 0.725 0.015625 0.0390625
0 0.5171875 0.709375 0.00625 0.00625
2 0.528125 0.725 0.015625 0.0328125
0 0.5328125 0.7125 0.0046875 0.0046875
2 0.534375 0.7203125 0.009375 0.028125
0 0.5359375 0.709375 0.0046875 0.0046875
2 0.540625 0.7234375 0.0140625 0.034375
0 0.540625 0.7109375 0.0046875 0.00625
2 0.5609375 0.725 0.015625 0.0375
0 0.559375 0.7109375 0.0046875 0.0046875
2 0.571875 0.725 0.0140625 0.0390625
0 0.5734375 0.709375 0.00625 0.00625
2 0.584375 0.7265625 0.015625 0.0359375
0 0.584375 0.7125 0.00625 0.00625
2 0.615625 0.7234375 0.015625 0.03125
0 0.615625 0.7109375 0.0046875 0.0046875
2 0.625 0.7234375 0.0109375 0.0296875
0 0.6234375 0.7125 0.0046875 0.0046875
2 0.634375 0.721875 0.0125 0.0328125
0 0.634375 0.709375 0.0046875 0.0046875
2 0.665625 0.721875 0.0125 0.01875
0 0.6671875 0.7140625 0.0046875 0.003125
2 0.675 0.7265625 0.0109375 0.03125
0 0.675 0.7140625 0.0046875 0.0046875
2 0.7 0.7171875 0.0078125 0.0171875
0 0.7 0.709375 0.003125 0.003125
2 0.71875 0.71875 0.0078125 0.021875
0 0.71875 0.7109375 0.003125 0.003125
2 0.734375 0.7203125 0.009375 0.015625
0 0.7328125 0.715625 0.003125 0.003125
2 0.74375 0.7234375 0.0109375 0.03125
0 0.7453125 0.7125 0.0046875 0.0046875
2 0.759375 0.71875 0.0109375 0.025
0 0.759375 0.709375 0.0046875 0.0046875
2 0.7671875 0.7171875 0.009375 0.021875
0 0.76875 0.709375 0.003125 0.003125
2 0.7734375 0.7171875 0.009375 0.025
0 0.775 0.7078125 0.003125 0.003125
2 0.784375 0.7203125 0.0078125 0.0203125
0 0.7828125 0.7140625 0.003125 0.003125
2 0.7890625 0.71875 0.009375 0.0203125
0 0.7875 0.7125 0.003125 0.0046875
2 0.7953125 0.725 0.0109375 0.025
0 0.7953125 0.725 0.0109375 0.025
2 0.8078125 0.71875 0.0078125 0.0171875
0 0.8078125 0.71875 0.0078125 0.0171875
2 0.815625 0.721875 0.009375 0.0171875
0 0.815625 0.7171875 0.003125 0.003125
2 0.8515625 0.721875 0.009375 0.021875
0 0.853125 0.7125 0.003125 0.003125
2 0.859375 0.721875 0.009375 0.0265625
0 0.859375 0.7109375 0.003125 0.003125
2 0.865625 0.721875 0.01875 0.0296875
0 0.8671875 0.709375 0.0046875 0.0046875
2 0.978125 0.721875 0.009375 0.0234375
0 0.978125 0.715625 0.0046875 0.0046875