0 0.74375 0.7109375 0.021875 0.025
2 0.6984375 0.8234375 0.0875 0.2109375
0 0.671875 0.740625 0.0171875 0.0234375
0 0.659375 0.7765625 0.0375 0.046875
0 0.5421875 0.775 0.0359375 0.0453125
0 0.48125 0.740625 0.021875 0.03125
2 0.3625 0.840625 0.0640625 0.1828125
0 0.3515625 0.7703125 0.0203125 0.0234375
2 0.4078125 0.846875 0.0640625 0.2
0 0.4125 0.7671875 0.01875 0.028125
2 0.459375 0.8375 0.0453125 0.2171875
0 0.4578125 0.7484375 0.025 0.03125
2 0.434375 0.8234375 0.0359375 0.15625
0 0.4359375 0.759375 0.0125 0.021875
2 0.51875 0.7875 0.0421875 0.1265625
0 0.5140625 0.7375 0.0140625 0.01875
2 0.5921875 0.828125 0.0625 0.2125
0 0.58125 0.7390625 0.021875 0.028125
2 0.559375 0.75 0.01875 0.0515625
0 0.553125 0.728125 0.00625 0.0078125
2 0.6359375 0.74375 0.01875 0.0640625
0 0.634375 0.71875 0.009375 0.009375
2 0.646875 0.74375 0.01875 0.0609375
0 0.6484375 0.7171875 0.00625 0.0078125
2 0.665625 0.740625 0.01875 0.0625
0 0.6640625 0.7140625 0.00625 0.00625
2 0.68125 0.734375 0.028125 0.0546875
0 0.671875 0.7125 0.0078125 0.009375
2 0.534375 0.7515625 0.0140625 0.053125
0 0.5359375 0.7328125 0.0078125 0.009375
2 0.31875 0.78125 0.0203125 0.05625
0 0.3203125 0.7578125 0.0078125 0.009375
2 0.325 0.7765625 0.01875 0.0546875
0 0.325 0.7546875 0.0078125 0.009375
2 0.346875 0.7734375 0.01875 0.046875
0 0.3484375 0.7546875 0.00625 0.00625
2 0.2125 0.7734375 0.0140625 0.0375
0 0.2140625 0.759375 0.0046875 0.0046875