0 0.14375 0.4109375 0.0515625 0.05625
2 0.184375 0.5640625 0.2015625 0.3609375
0 0.2015625 0.4140625 0.0453125 0.053125
2 0.2546875 0.559375 0.2015625 0.359375
0 0.2640625 0.4125 0.0390625 0.05
2 0.34375 0.525 0.196875 0.3234375
0 0.334375 0.396875 0.034375 0.046875
2 0.415625 0.51875 0.1859375 0.3328125
0 0.403125 0.3796875 0.040625 0.0515625
2 0.4796875 0.521875 0.1859375 0.328125
0 0.475 0.3828125 0.0375 0.0453125
2 0.54375 0.509375 0.2171875 0.3609375
0 0.5359375 0.35625 0.040625 0.05
2 0.6171875 0.49375 0.1875 0.31875
0 0.6203125 0.3640625 0.0359375 0.046875
2 0.6890625 0.5140625 0.18125 0.2953125
0 0.678125 0.390625 0.0375 0.05
2 0.75 0.5171875 0.103125 0.35
0 0.75 0.3671875 0.0375 0.040625
2 0.8421875 0.521875 0.1171875 0.3625
0 0.828125 0.3703125 0.0453125 0.05625
2 0.9125 0.51875 0.1328125 0.3765625
0 0.903125 0.3609375 0.053125 0.059375
2 0.553125 0.5296875 0.1140625 0.321875
0 0.5546875 0.4 0.0390625 0.05
2 0.7359375 0.534375 0.1015625 0.315625
0 0.7515625 0.40625 0.0375 0.046875
2 0.271875 0.6359375 0.14375 0.2578125
0 0.2703125 0.5390625 0.0515625 0.0578125
2 0.353125 0.63125 0.140625 0.2328125
0 0.3484375 0.546875 0.0453125 0.0625
2 0.4671875 0.63125 0.1203125 0.2453125
0 0.4484375 0.5390625 0.0359375 0.053125
2 0.5328125 0.609375 0.1203125 0.2765625
0 0.5234375 0.5046875 0.040625 0.059375
2 0.6484375 0.603125 0.1390625 0.2296875
0 0.6359375 0.51875 0.046875 0.0625
2 0.7859375 0.6203125 0.1390625 0.2546875
0 0.7625 0.525 0.04375 0.0546875
2 0.8859375 0.6328125 0.15625 0.2578125
0 0.865625 0.540625 0.0484375 0.0609375