2 0.496875 0.5953125 0.23125 0.4015625
0 0.5765625 0.4296875 0.053125 0.0625
2 0.878125 0.4796875 0.0953125 0.240625
0 0.871875 0.378125 0.028125 0.03125
2 0.7796875 0.4765625 0.084375 0.2453125
0 0.7953125 0.3765625 0.0234375 0.03125
2 0.73125 0.428125 0.06875 0.1625
0 0.7390625 0.3578125 0.01875 0.01875
2 0.7765625 0.4328125 0.05 0.146875
0 0.771875 0.3734375 0.021875 0.0234375
2 0.640625 0.45625 0.06875 0.2046875
0 0.64375 0.371875 0.0234375 0.0296875
2 0.6140625 0.4328125 0.046875 0.1640625
0 0.6140625 0.3640625 0.01875 0.0203125
2 0.5609375 0.471875 0.071875 0.215625
0 0.5609375 0.3859375 0.03125 0.040625
2 0.5734375 0.4390625 0.078125 0.2046875
0 0.578125 0.359375 0.025 0.0359375
2 0.5453125 0.4015625 0.04375 0.1046875
0 0.5484375 0.3578125 0.0125 0.0109375
2 0.4875 0.4015625 0.0359375 0.103125
0 0.4859375 0.3609375 0.0140625 0.015625
2 0.425 0.4375 0.0375 0.0859375
0 0.428125 0.4046875 0.0140625 0.0171875
2 0.390625 0.421875 0.0421875 0.11875
0 0.3921875 0.3734375 0.0140625 0.015625
2 0.4546875 0.403125 0.040625 0.0890625
0 0.4515625 0.365625 0.0125 0.0125
2 0.421875 0.4140625 0.040625 0.1078125
0 0.415625 0.36875 0.0140625 0.0171875
2 0.365625 0.4078125 0.0234375 0.0765625
0 0.365625 0.3765625 0.0109375 0.0109375
2 0.321875 0.3765625 0.028125 0.0578125
0 0.328125 0.3546875 0.0078125 0.0078125
2 0.340625 0.3765625 0.021875 0.059375
0 0.3421875 0.3515625 0.0078125 0.0078125
2 0.3875 0.3609375 0.01875 0.0421875
0 0.3890625 0.3453125 0.00625 0.0078125