0 0.7421875 0.7171875 0.0109375 0.009375
0 0.7171875 0.709375 0.009375 0.0078125
2 0.8546875 0.74375 0.0234375 0.0609375
0 0.8546875 0.71875 0.0078125 0.009375
2 0.8640625 0.740625 0.0203125 0.059375
0 0.865625 0.715625 0.009375 0.009375
2 0.878125 0.7375 0.0296875 0.059375
0 0.8734375 0.7140625 0.009375 0.0109375
2 0.9390625 0.7359375 0.0359375 0.06875
0 0.934375 0.7109375 0.0140625 0.0140625
2 0.9140625 0.7375 0.01875 0.0484375
0 0.9140625 0.71875 0.0078125 0.0078125
2 0.9203125 0.7375 0.025 0.0546875
0 0.9265625 0.7171875 0.009375 0.0109375
2 0.453125 0.7109375 0.01875 0.0375
0 0.453125 0.6984375 0.00625 0.00625
0 0.184375 0.63125 0.046875 0.04375
0 0.0828125 0.6109375 0.05625 0.0625
0 0.5703125 0.7046875 0.01875 0.01875