2 0.153125 0.3484375 0.0953125 0.23125
0 0.15 0.2609375 0.034375 0.0453125
2 0.0953125 0.440625 0.153125 0.25625
0 0.084375 0.346875 0.0515625 0.059375
2 0.153125 0.4171875 0.1140625 0.2171875
0 0.15 0.334375 0.0390625 0.04375
2 0.23125 0.4515625 0.1609375 0.259375
0 0.21875 0.359375 0.053125 0.0546875
2 0.2828125 0.3875 0.090625 0.190625
0 0.275 0.31875 0.03125 0.0453125
2 0.3953125 0.3984375 0.090625 0.1828125
0 0.403125 0.334375 0.03125 0.040625
2 0.490625 0.4015625 0.128125 0.2125
0 0.503125 0.3203125 0.0375 0.046875
2 0.571875 0.4203125 0.146875 0.228125
0 0.6203125 0.334375 0.04375 0.046875
2 0.6328125 0.478125 0.153125 0.2984375
0 0.6125 0.371875 0.0640625 0.078125
2 0.7875 0.490625 0.240625 0.340625
0 0.853125 0.365625 0.0796875 0.084375
0 0.9296875 0.440625 0.10625 0.1265625
0 0.80625 0.484375 0.1140625 0.121875
0 0.0953125 0.41875 0.0921875 0.1140625
0 0.228125 0.421875 0.10625 0.1359375