2 0.1625 0.678125 0.04375 0.0921875
0 0.15625 0.6453125 0.0140625 0.0140625
2 0.20625 0.6765625 0.04375 0.09375
0 0.203125 0.640625 0.0125 0.0125
2 0.221875 0.675 0.05 0.0921875
0 0.2328125 0.64375 0.009375 0.0109375
2 0.4140625 0.6671875 0.04375 0.0953125
0 0.41875 0.6296875 0.0109375 0.0125
2 0.5625 0.66875 0.028125 0.0953125
0 0.5671875 0.63125 0.0125 0.0125
2 0.5796875 0.665625 0.028125 0.075
0 0.5828125 0.6390625 0.0125 0.0125
2 0.6328125 0.66875 0.04375 0.0984375
0 0.6328125 0.6328125 0.0140625 0.015625
2 0.71875 0.6765625 0.0484375 0.1
0 0.71875 0.6375 0.0140625 0.015625
2 0.896875 0.6703125 0.0296875 0.078125
0 0.9015625 0.640625 0.0109375 0.0109375
2 0.9203125 0.6765625 0.028125 0.0921875
0 0.91875 0.6421875 0.0109375 0.0125
2 0.9359375 0.6734375 0.025 0.0828125
0 0.9296875 0.640625 0.009375 0.0125
2 0.9765625 0.675 0.0375 0.09375
0 0.98125 0.6328125 0.009375 0.0078125