2 0.06875 0.521875 0.1359375 0.5109375
0 0.06875 0.3078125 0.0609375 0.06875
2 0.1609375 0.51875 0.128125 0.475
0 0.1671875 0.3171875 0.053125 0.0609375
2 0.24375 0.5265625 0.1 0.4125
0 0.25 0.3546875 0.0546875 0.0609375
2 0.34375 0.509375 0.11875 0.4578125
0 0.353125 0.315625 0.0453125 0.05625
2 0.4421875 0.5375 0.115625 0.4140625
0 0.4421875 0.3640625 0.0453125 0.059375
2 0.4953125 0.54375 0.1625 0.41875
0 0.525 0.365625 0.046875 0.0609375
2 0.60625 0.5359375 0.0984375 0.475
0 0.590625 0.3359375 0.0484375 0.0671875
2 0.634375 0.4859375 0.0828125 0.34375
0 0.6328125 0.346875 0.0421875 0.053125
2 0.6828125 0.5609375 0.0953125 0.4609375
0 0.68125 0.3671875 0.0515625 0.0671875
2 0.7515625 0.540625 0.1234375 0.5
0 0.746875 0.328125 0.0515625 0.065625
0 0.8140625 0.359375 0.065625 0.08125
0 0.925 0.3375 0.06875 0.090625