2 0.68125 0.5765625 0.0078125 0.0234375
0 0.68125 0.5671875 0.003125 0.003125
2 0.6921875 0.6140625 0.021875 0.06875
0 0.69375 0.5875 0.009375 0.00625
2 0.6859375 0.603125 0.0171875 0.0390625
0 0.684375 0.5875 0.00625 0.0046875
2 0.66875 0.60625 0.0203125 0.05
0 0.6671875 0.5859375 0.00625 0.00625
2 0.646875 0.609375 0.021875 0.0484375
0 0.646875 0.5890625 0.00625 0.00625
2 0.63125 0.6 0.0140625 0.0375
0 0.63125 0.5875 0.0046875 0.00625
2 0.61875 0.603125 0.0109375 0.03125
0 0.6171875 0.590625 0.003125 0.0046875
2 0.609375 0.60625 0.0203125 0.0484375
0 0.6078125 0.5890625 0.00625 0.0078125
2 0.5890625 0.609375 0.01875 0.0484375
0 0.5890625 0.5890625 0.00625 0.0078125
2 0.5640625 0.6171875 0.0390625 0.0859375
0 0.571875 0.5828125 0.0109375 0.0125
2 0.5421875 0.625 0.0484375 0.059375
0 0.53125 0.603125 0.0109375 0.0125
2 0.546875 0.6203125 0.0421875 0.0640625
0 0.5328125 0.596875 0.0109375 0.0109375
2 0.503125 0.628125 0.04375 0.0953125
0 0.5078125 0.590625 0.0125 0.0140625
2 0.496875 0.6171875 0.0421875 0.0671875
0 0.50625 0.590625 0.0109375 0.0125
2 0.4890625 0.609375 0.0296875 0.0859375
0 0.4890625 0.5734375 0.009375 0.0109375
2 0.4734375 0.609375 0.021875 0.0703125
0 0.4734375 0.58125 0.0078125 0.009375
2 0.453125 0.6109375 0.025 0.0671875
0 0.453125 0.584375 0.009375 0.0109375
2 0.4265625 0.6125 0.021875 0.065625
0 0.4296875 0.5859375 0.0078125 0.0109375
2 0.4046875 0.6234375 0.0390625 0.1109375
0 0.4078125 0.578125 0.0125 0.0171875
2 0.375 0.6203125 0.0375 0.10625
0 0.3765625 0.575 0.0125 0.0125
2 0.35 0.61875 0.0375 0.1
0 0.3515625 0.5765625 0.0125 0.0140625
2 0.34375 0.6203125 0.0546875 0.1140625
0 0.3359375 0.5734375 0.0125 0.015625
2 0.33125 0.6171875 0.05 0.0875
0 0.340625 0.5796875 0.0109375 0.0109375
2 0.284375 0.61875 0.034375 0.090625
0 0.2859375 0.5828125 0.0109375 0.0140625
2 0.246875 0.6171875 0.0359375 0.090625
0 0.2484375 0.58125 0.0109375 0.0125
2 0.2 0.6140625 0.0359375 0.0859375
0 0.1953125 0.5796875 0.009375 0.0109375
2 0.1890625 0.5953125 0.0265625 0.0671875
0 0.1875 0.5703125 0.0078125 0.0109375
2 0.153125 0.6 0.0203125 0.0625
0 0.1546875 0.575 0.009375 0.009375
2 0.134375 0.6015625 0.021875 0.065625
0 0.1359375 0.575 0.009375 0.0109375
2 0.1265625 0.65625 0.0640625 0.178125
0 0.11875 0.58125 0.0203125 0.0234375
2 0.0828125 0.66875 0.0609375 0.140625
0 0.0828125 0.6140625 0.021875 0.0265625
2 0.0328125 0.6640625 0.065625 0.1265625
0 0.0453125 0.6140625 0.025 0.025
2 0.0609375 0.625 0.0859375 0.125
0 0.078125 0.575 0.0140625 0.015625
2 0.0328125 0.6140625 0.04375 0.109375
0 0.0328125 0.56875 0.0125 0.015625
2 0.0078125 0.61640625 0.015625 0.0859375
0 0.003125 0.5796875 0.0046875 0.009375
2 0.21875 0.6671875 0.0765625 0.2015625
0 0.2125 0.5859375 0.0265625 0.034375
2 0.175 0.66875 0.0765625 0.196875
0 0.1765625 0.5890625 0.021875 0.03125
2 0.790625 0.65625 0.0484375 0.1328125
0 0.796875 0.6015625 0.0171875 0.0203125
2 0.8 0.634375 0.0453125 0.134375
0 0.803125 0.5796875 0.0140625 0.01875
2 0.89375 0.65625 0.0453125 0.1140625
0 0.890625 0.6109375 0.0140625 0.01875
2 0.8265625 0.609375 0.0296875 0.0546875
0 0.8265625 0.5859375 0.00625 0.00625
2 0.8640625 0.6140625 0.0359375 0.078125
0 0.8640625 0.5796875 0.009375 0.009375
2 0.9140625 0.6140625 0.03125 0.0765625
0 0.9140625 0.5828125 0.0109375 0.0109375
2 0.5453125 0.6 0.0109375 0.034375
0 0.5453125 0.5859375 0.0046875 0.0046875
2 0.55625 0.6078125 0.03125 0.0703125
0 0.5578125 0.578125 0.0078125 0.0078125
2 0.625 0.5984375 0.0140625 0.0359375
0 0.6265625 0.584375 0.003125 0.0046875
2 0.640625 0.60625 0.015625 0.0453125
0 0.6421875 0.5890625 0.00625 0.0078125
2 0.6515625 0.603125 0.0140625 0.040625
0 0.653125 0.5875 0.0046875 0.00625
2 0.8640625 0.6140625 0.0234375 0.0765625
0 0.8640625 0.58125 0.009375 0.0109375