2 0.075 0.70625 0.15 0.321875
0 0.0546875 0.5953125 0.065625 0.075
2 0.0484375 0.5953125 0.096875 0.4
0 0.0359375 0.43125 0.04375 0.05
2 0.2046875 0.6890625 0.134375 0.303125
0 0.225 0.575 0.0421875 0.059375
2 0.1453125 0.5796875 0.134375 0.4
0 0.1640625 0.4125 0.046875 0.0515625
2 0.234375 0.5890625 0.1109375 0.340625
0 0.2375 0.4453125 0.040625 0.0453125
2 0.3515625 0.659375 0.1390625 0.3421875
0 0.346875 0.5234375 0.05 0.0578125
2 0.30625 0.5546875 0.1109375 0.30625
0 0.3125 0.428125 0.04375 0.0453125
2 0.45625 0.6578125 0.1390625 0.2484375
0 0.45625 0.5625 0.0375 0.05
2 0.4140625 0.5765625 0.1203125 0.321875
0 0.4140625 0.4375 0.0375 0.04375
2 0.3859375 0.546875 0.090625 0.2859375
0 0.3828125 0.428125 0.034375 0.0390625
2 0.46875 0.5234375 0.0984375 0.2796875
0 0.471875 0.415625 0.0328125 0.0328125
2 0.4984375 0.553125 0.0765625 0.3234375
0 0.5015625 0.415625 0.0328125 0.04375
2 0.5453125 0.534375 0.084375 0.290625
0 0.5375 0.4109375 0.03125 0.0375
2 0.603125 0.6203125 0.1125 0.225
0 0.6109375 0.5328125 0.034375 0.046875
2 0.56875 0.53125 0.0640625 0.278125
0 0.5734375 0.4125 0.0296875 0.0375
2 0.684375 0.6015625 0.1109375 0.215625
0 0.6828125 0.525 0.0421875 0.0484375
2 0.61875 0.503125 0.103125 0.225
0 0.6234375 0.4203125 0.025 0.0296875
2 0.665625 0.546875 0.1078125 0.2671875
0 0.6625 0.434375 0.03125 0.034375
2 0.7203125 0.534375 0.0828125 0.2515625
0 0.715625 0.4328125 0.0296875 0.0359375
2 0.79375 0.5859375 0.096875 0.1890625
0 0.790625 0.515625 0.03125 0.0390625
2 0.7265625 0.5203125 0.0796875 0.271875
0 0.73125 0.403125 0.0296875 0.034375
2 0.778125 0.5171875 0.05625 0.2421875
0 0.7734375 0.4171875 0.028125 0.03125
2 0.8 0.4921875 0.0578125 0.175
0 0.8 0.4296875 0.0234375 0.0328125
2 0.8203125 0.5625 0.06875 0.1890625
0 0.825 0.4921875 0.0296875 0.040625
2 0.8234375 0.5125 0.053125 0.190625
0 0.825 0.4359375 0.025 0.03125
2 0.8875 0.58125 0.096875 0.184375
0 0.890625 0.5109375 0.0328125 0.040625
2 0.8828125 0.525 0.075 0.2296875
0 0.8875 0.43125 0.03125 0.0375
2 0.8671875 0.4890625 0.0796875 0.20625
0 0.8703125 0.4046875 0.028125 0.03125
2 0.9359375 0.5125 0.1 0.24375
0 0.9296875 0.409375 0.0296875 0.0328125