2 0.1578125 0.671875 0.1578125 0.3953125
0 0.15 0.5046875 0.0546875 0.05625
2 0.175 0.6328125 0.1296875 0.34375
0 0.1828125 0.490625 0.0421875 0.0515625
2 0.315625 0.665625 0.1375 0.38125
0 0.3015625 0.509375 0.04375 0.059375
2 0.275 0.6328125 0.1015625 0.29375
0 0.2703125 0.5125 0.040625 0.046875
2 0.3546875 0.615625 0.10625 0.3125
0 0.359375 0.4859375 0.0390625 0.04375
2 0.4484375 0.68125 0.1375 0.409375
0 0.4484375 0.5140625 0.0453125 0.0640625
2 0.684375 0.65 0.1078125 0.3078125
0 0.6875 0.5265625 0.0359375 0.0484375
2 0.6203125 0.59375 0.0890625 0.2703125
0 0.6234375 0.4828125 0.03125 0.0390625
2 0.684375 0.6125 0.109375 0.2671875
0 0.6984375 0.5015625 0.0296875 0.040625
2 0.8125 0.625 0.1265625 0.2875
0 0.809375 0.5140625 0.0296875 0.034375
2 0.8734375 0.6125 0.1 0.2515625
0 0.8765625 0.509375 0.0296875 0.0375
2 0.5140625 0.528125 0.0484375 0.15
0 0.51875 0.4671875 0.0203125 0.0234375
2 0.5546875 0.5296875 0.05 0.1453125
0 0.5609375 0.4703125 0.01875 0.0234375
2 0.5828125 0.50625 0.0375 0.11875
0 0.58125 0.4609375 0.0125 0.015625
2 0.5921875 0.484375 0.03125 0.08125
0 0.5953125 0.45 0.009375 0.0125
2 0.6359375 0.4796875 0.0296875 0.075
0 0.6375 0.45 0.0109375 0.0125
2 0.7359375 0.553125 0.0671875 0.2265625
0 0.7390625 0.45625 0.0203125 0.028125
2 0.85625 0.5078125 0.04375 0.115625
0 0.8578125 0.4609375 0.0125 0.015625
2 0.8328125 0.5015625 0.034375 0.090625
0 0.8328125 0.465625 0.0109375 0.0125
2 0.7921875 0.503125 0.04375 0.11875
0 0.79375 0.453125 0.0125 0.015625
2 0.6671875 0.509375 0.040625 0.1015625
0 0.66875 0.4671875 0.0140625 0.01875
2 0.69375 0.4859375 0.034375 0.0859375
0 0.6953125 0.45 0.0125 0.0125
2 0.7125 0.4921875 0.03125 0.0859375
0 0.7109375 0.4578125 0.0125 0.0140625
2 0.75625 0.49375 0.0421875 0.1046875
0 0.753125 0.4515625 0.0125 0.01875