2 0.8015625 0.4546875 0.15 0.409375
0 0.8046875 0.28125 0.04375 0.05625
2 0.853125 0.440625 0.0921875 0.2671875
0 0.8453125 0.3296875 0.0296875 0.034375
2 0.725 0.44375 0.06875 0.2609375
0 0.7203125 0.3359375 0.034375 0.0375
2 0.63125 0.53125 0.1796875 0.5171875
0 0.6625 0.31875 0.0609375 0.08125
2 0.540625 0.5109375 0.115625 0.4828125
0 0.5265625 0.3078125 0.05625 0.06875
2 0.6046875 0.49375 0.1140625 0.4234375
0 0.6140625 0.3140625 0.05 0.059375
2 0.425 0.521875 0.2 0.5390625
0 0.453125 0.3015625 0.0734375 0.08125
2 0.190625 0.521875 0.2703125 0.5765625
0 0.1984375 0.2875 0.075 0.0828125
2 0.234375 0.490625 0.184375 0.515625
0 0.240625 0.271875 0.053125 0.071875
2 0.30625 0.475 0.121875 0.440625
0 0.3171875 0.290625 0.0515625 0.0609375
2 0.3921875 0.465625 0.190625 0.515625
0 0.4125 0.253125 0.0578125 0.0671875