2 0.0296875 0.5578125 0.059375 0.2703125
0 0.0265625 0.4453125 0.0359375 0.0421875
2 0.08125 0.559375 0.078125 0.2515625
0 0.0828125 0.453125 0.0328125 0.0359375
2 0.1453125 0.55 0.0765625 0.253125
0 0.146875 0.446875 0.03125 0.0375
2 0.2390625 0.5625 0.06875 0.2328125
0 0.2328125 0.4671875 0.028125 0.034375
2 0.196875 0.5484375 0.0546875 0.2390625
0 0.1984375 0.4484375 0.028125 0.0359375
2 0.1 0.54375 0.071875 0.259375
0 0.10625 0.4328125 0.028125 0.03125
2 0.1890625 0.5359375 0.0796875 0.2609375
0 0.1703125 0.4375 0.0265625 0.034375
2 0.24375 0.5453125 0.040625 0.221875
0 0.2421875 0.4515625 0.028125 0.0328125
2 0.2640625 0.5453125 0.0328125 0.228125
0 0.2625 0.4484375 0.021875 0.028125
2 0.2921875 0.534375 0.078125 0.25625
0 0.3078125 0.4359375 0.025 0.0296875
2 0.2890625 0.5515625 0.065625 0.240625
0 0.2875 0.453125 0.028125 0.034375
2 0.3375 0.559375 0.0796875 0.234375
0 0.3328125 0.4625 0.028125 0.0375
2 0.39375 0.5546875 0.0640625 0.23125
0 0.403125 0.4578125 0.028125 0.0328125
2 0.3296875 0.5453125 0.059375 0.225
0 0.3328125 0.4484375 0.0234375 0.028125
2 0.3734375 0.540625 0.065625 0.2390625
0 0.375 0.440625 0.0265625 0.034375
2 0.384375 0.521875 0.075 0.234375
0 0.40625 0.43125 0.0234375 0.028125
2 0.4296875 0.53125 0.0390625 0.21875
0 0.428125 0.440625 0.025 0.03125
2 0.4484375 0.546875 0.071875 0.240625
0 0.446875 0.4453125 0.028125 0.034375
2 0.4890625 0.5546875 0.071875 0.240625
0 0.4921875 0.453125 0.025 0.034375
2 0.484375 0.5328125 0.0546875 0.2296875
0 0.4828125 0.4375 0.025 0.028125
2 0.515625 0.540625 0.0484375 0.2390625
0 0.5171875 0.440625 0.0265625 0.034375
2 0.546875 0.5515625 0.0640625 0.2375
0 0.5453125 0.453125 0.0296875 0.034375
2 0.5921875 0.5546875 0.05625 0.228125
0 0.596875 0.4609375 0.028125 0.0328125
2 0.565625 0.5265625 0.059375 0.228125
0 0.5546875 0.4296875 0.0234375 0.028125
2 0.64375 0.55625 0.06875 0.234375
0 0.64375 0.4578125 0.0203125 0.0296875
2 0.621875 0.5484375 0.046875 0.2234375
0 0.6171875 0.453125 0.0265625 0.028125
2 0.603125 0.5015625 0.0296875 0.1625
0 0.603125 0.4375 0.025 0.028125
2 0.6203125 0.5 0.034375 0.15625
0 0.6234375 0.434375 0.01875 0.0234375
2 0.6671875 0.5390625 0.0453125 0.234375
0 0.6609375 0.4375 0.0234375 0.03125
2 0.69375 0.55625 0.065625 0.2359375
0 0.6828125 0.4578125 0.0265625 0.0328125
2 0.6921875 0.51875 0.0453125 0.2078125
0 0.6859375 0.4328125 0.025 0.0265625
2 0.7578125 0.528125 0.0609375 0.246875
0 0.746875 0.4234375 0.028125 0.0328125
2 0.7234375 0.5453125 0.059375 0.2359375
0 0.721875 0.446875 0.025 0.0328125
2 0.78125 0.5484375 0.06875 0.2484375
0 0.765625 0.4453125 0.028125 0.034375
2 0.821875 0.5453125 0.0734375 0.2484375
0 0.815625 0.440625 0.028125 0.034375
2 0.8484375 0.5453125 0.0453125 0.234375
0 0.8453125 0.4484375 0.0265625 0.034375
2 0.8859375 0.5328125 0.075 0.2484375
0 0.8859375 0.4296875 0.028125 0.0359375
2 0.8796875 0.5546875 0.059375 0.24375
0 0.875 0.4578125 0.0328125 0.0375
2 0.9375 0.5484375 0.075 0.2625
0 0.925 0.4375 0.0328125 0.040625
0 0.98125 0.4390625 0.0296875 0.040625