2 0.034375 0.65 0.0484375 0.1765625
0 0.0421875 0.575 0.025 0.0234375
2 0.03125 0.6359375 0.059375 0.1484375
0 0.0515625 0.575 0.0171875 0.0234375
2 0.0640625 0.6671875 0.05625 0.196875
0 0.0734375 0.5828125 0.0234375 0.025
2 0.0984375 0.646875 0.05625 0.1671875
0 0.1 0.575 0.021875 0.021875
2 0.1828125 0.625 0.0375 0.1046875
0 0.1859375 0.5828125 0.0109375 0.0125
2 0.209375 0.6265625 0.0453125 0.1265625
0 0.209375 0.5734375 0.015625 0.015625
2 0.2484375 0.6328125 0.034375 0.1140625
0 0.25 0.5890625 0.0140625 0.01875
2 0.2953125 0.640625 0.0390625 0.1203125
0 0.29375 0.590625 0.015625 0.015625
2 0.3953125 0.6375 0.053125 0.1140625
0 0.396875 0.590625 0.0140625 0.0140625
2 0.45625 0.634375 0.0375 0.1359375
0 0.45625 0.578125 0.015625 0.01875
2 0.4609375 0.64375 0.0375 0.1375
0 0.4625 0.590625 0.021875 0.025
2 0.478125 0.6328125 0.0421875 0.14375
0 0.48125 0.5734375 0.0140625 0.01875
2 0.515625 0.6171875 0.0484375 0.096875
0 0.5109375 0.5796875 0.0140625 0.015625
2 0.6 0.628125 0.034375 0.1109375
0 0.596875 0.5828125 0.015625 0.015625
2 0.71875 0.6078125 0.03125 0.08125
0 0.7203125 0.575 0.0140625 0.0140625
2 0.8296875 0.65625 0.0859375 0.1453125
0 0.828125 0.5953125 0.021875 0.021875
2 0.4515625 0.7046875 0.1359375 0.246875
0 0.428125 0.6078125 0.0296875 0.034375
0 0.55 0.5953125 0.0328125 0.0390625
2 0.6078125 0.6828125 0.1015625 0.225
0 0.5796875 0.5890625 0.0265625 0.0296875
0 0.6765625 0.60625 0.0390625 0.0453125
0 0.7484375 0.6015625 0.05625 0.065625
0 0.88125 0.6328125 0.053125 0.046875