0 0.753125 0.4109375 0.09375 0.10625
0 0.9 0.36875 0.0765625 0.090625
2 0.659375 0.559375 0.16875 0.396875
0 0.6734375 0.4 0.0578125 0.065625
2 0.6234375 0.471875 0.06875 0.325
0 0.628125 0.3375 0.040625 0.040625
2 0.6765625 0.4984375 0.121875 0.328125
0 0.696875 0.35625 0.040625 0.0421875
2 0.7046875 0.4234375 0.1015625 0.253125
0 0.7078125 0.321875 0.03125 0.040625
2 0.5359375 0.49375 0.121875 0.340625
0 0.54375 0.35 0.04375 0.05
2 0.5515625 0.446875 0.1078125 0.28125
0 0.5640625 0.3328125 0.03125 0.0375
2 0.475 0.434375 0.084375 0.21875
0 0.475 0.3421875 0.021875 0.028125
2 0.43125 0.415625 0.0671875 0.1875
0 0.43125 0.3375 0.0203125 0.0234375
2 0.3953125 0.621875 0.1171875 0.2984375
0 0.40625 0.5015625 0.04375 0.05
2 0.290625 0.571875 0.1625 0.4125
0 0.296875 0.4 0.0515625 0.065625
2 0.16875 0.528125 0.1625 0.409375
0 0.175 0.353125 0.04375 0.053125
2 0.284375 0.4828125 0.1203125 0.33125
0 0.275 0.3421875 0.0390625 0.046875
2 0.371875 0.4828125 0.1015625 0.290625
0 0.3671875 0.36875 0.028125 0.04375
2 0.3953125 0.4296875 0.071875 0.225
0 0.390625 0.3390625 0.03125 0.0375
2 0.34375 0.40625 0.0546875 0.16875
0 0.346875 0.3421875 0.0234375 0.025
2 0.3296875 0.384375 0.05625 0.128125
0 0.33125 0.3296875 0.01875 0.0203125
2 0.0609375 0.475 0.121875 0.2875
0 0.0390625 0.35625 0.040625 0.0484375
2 0.115625 0.440625 0.08125 0.2359375
0 0.1109375 0.34375 0.025 0.0328125
2 0.04375 0.4421875 0.0875 0.24375
0 0.0484375 0.340625 0.028125 0.040625
2 0.015625 0.3828125 0.03125 0.1234375
0 0.0109375 0.3296875 0.0140625 0.015625
2 0.2234375 0.4140625 0.0625 0.203125
0 0.21875 0.328125 0.0203125 0.028125
2 0.0578125 0.309375 0.0140625 0.028125
0 0.0546875 0.2984375 0.0046875 0.0046875
2 0.0453125 0.309375 0.009375 0.025
0 0.04375 0.3015625 0.003125 0.003125