0 0.20625 0.4359375 0.05625 0.0765625
0 0.353125 0.465625 0.0609375 0.075
0 0.6296875 0.521875 0.06875 0.0984375
2 0.63125 0.5765625 0.1296875 0.328125
0 0.6390625 0.446875 0.0453125 0.059375
0 0.8796875 0.5234375 0.05625 0.0625
2 0.8 0.55625 0.1328125 0.35625
0 0.80625 0.4109375 0.04375 0.0515625
2 0.89375 0.425 0.0515625 0.1328125
0 0.890625 0.36875 0.0171875 0.0171875
2 0.8515625 0.4140625 0.0421875 0.1109375
0 0.853125 0.3671875 0.0125 0.0125
2 0.7375 0.428125 0.04375 0.1234375
0 0.7421875 0.3765625 0.0140625 0.0171875
2 0.7671875 0.425 0.05 0.125
0 0.771875 0.3765625 0.0171875 0.0203125
2 0.8 0.421875 0.04375 0.1359375
0 0.7953125 0.3640625 0.015625 0.015625
2 0.6765625 0.428125 0.05625 0.109375
0 0.675 0.384375 0.015625 0.0171875
2 0.5671875 0.478125 0.0796875 0.21875
0 0.56875 0.38125 0.0234375 0.025
2 0.63125 0.4015625 0.0296875 0.0640625
0 0.6359375 0.375 0.009375 0.009375
2 0.5 0.4625 0.0765625 0.1640625
0 0.509375 0.3953125 0.0171875 0.0171875
2 0.4328125 0.4703125 0.0765625 0.15625
0 0.4453125 0.4078125 0.0171875 0.0171875
2 0.325 0.5609375 0.11875 0.3515625
0 0.325 0.4109375 0.0421875 0.046875
2 0.4515625 0.4171875 0.04375 0.1046875
0 0.4484375 0.3765625 0.0140625 0.0171875