0 0.11875 0.5921875 0.0453125 0.059375
0 0.215625 0.5796875 0.06875 0.071875
0 0.3625 0.58125 0.05 0.0703125
0 0.340625 0.5265625 0.0515625 0.05
2 0.1328125 0.6671875 0.06875 0.2
0 0.1390625 0.584375 0.0203125 0.025
0 0.4109375 0.5796875 0.0375 0.0453125
2 0.4796875 0.6640625 0.1203125 0.309375
0 0.478125 0.5359375 0.03125 0.0390625
0 0.5296875 0.5609375 0.0484375 0.05625
0 0.5953125 0.5453125 0.05 0.0546875
2 0.653125 0.65625 0.0796875 0.2203125
0 0.6515625 0.5609375 0.0265625 0.028125
0 0.7453125 0.509375 0.05625 0.0609375
2 0.8125 0.65625 0.0765625 0.1890625
0 0.80625 0.578125 0.0171875 0.015625
2 0.83125 0.65625 0.0609375 0.1859375
0 0.8296875 0.5796875 0.0171875 0.0171875
2 0.8703125 0.640625 0.053125 0.15
0 0.865625 0.5765625 0.015625 0.0171875
2 0.8828125 0.63125 0.0296875 0.1109375
0 0.8828125 0.5875 0.0140625 0.0171875
2 0.9078125 0.634375 0.0375 0.1375
0 0.90625 0.578125 0.0171875 0.0171875
2 0.91875 0.64375 0.05625 0.1375
0 0.9203125 0.5875 0.0171875 0.01875
2 0.9265625 0.63125 0.05 0.1421875
0 0.925 0.5734375 0.015625 0.0171875
0 0.9640625 0.5859375 0.040625 0.0609375