2 0.80625 0.6078125 0.0390625 0.090625
0 0.80625 0.575 0.015625 0.015625
2 0.709375 0.6265625 0.04375 0.1171875
0 0.715625 0.5828125 0.0140625 0.015625
2 0.6953125 0.5671875 0.03125 0.0734375
0 0.69375 0.540625 0.0078125 0.0125
2 0.6125 0.5734375 0.03125 0.078125
0 0.6140625 0.5453125 0.0125 0.0125
2 0.6265625 0.5375 0.0234375 0.05625
0 0.6265625 0.51875 0.0109375 0.009375
2 0.559375 0.5484375 0.028125 0.0609375
0 0.5609375 0.5265625 0.0078125 0.009375
2 0.571875 0.515625 0.021875 0.0484375
0 0.5703125 0.4984375 0.00625 0.009375
2 0.521875 0.5109375 0.0234375 0.0515625
0 0.5203125 0.490625 0.00625 0.009375
2 0.515625 0.521875 0.0234375 0.053125
0 0.515625 0.503125 0.0078125 0.009375
2 0.4921875 0.4921875 0.01875 0.0421875
0 0.4921875 0.4765625 0.00625 0.00625
2 0.4734375 0.475 0.0171875 0.0390625
0 0.471875 0.4609375 0.0046875 0.0078125
2 0.4515625 0.4875 0.015625 0.03125
0 0.4515625 0.478125 0.003125 0.0046875
2 0.209375 0.525 0.021875 0.0515625
0 0.209375 0.50625 0.0078125 0.0078125
2 0.2265625 0.503125 0.0171875 0.0421875
0 0.2265625 0.4859375 0.00625 0.0078125
2 0.2078125 0.4796875 0.015625 0.034375
0 0.20625 0.46875 0.00625 0.0078125
2 0.1578125 0.5328125 0.0203125 0.0484375
0 0.1578125 0.515625 0.0078125 0.009375
2 0.021875 0.6046875 0.0265625 0.0734375
0 0.021875 0.575 0.0078125 0.0109375
2 0.059375 0.58125 0.0234375 0.0640625
0 0.059375 0.5546875 0.00625 0.0078125
2 0.0609375 0.5640625 0.015625 0.05625
0 0.059375 0.5421875 0.00625 0.0078125
2 0.0921875 0.559375 0.0203125 0.05625
0 0.09375 0.5359375 0.00625 0.0078125
2 0.115625 0.5453125 0.0171875 0.04375
0 0.1171875 0.528125 0.0046875 0.00625
2 0.128125 0.53125 0.015625 0.04375
0 0.128125 0.5140625 0.0046875 0.00625
2 0.146875 0.515625 0.0171875 0.040625
0 0.146875 0.4984375 0.0046875 0.0046875
2 0.1578125 0.50625 0.0140625 0.040625
0 0.1578125 0.490625 0.0046875 0.00625
2 0.1671875 0.503125 0.0125 0.0359375
0 0.1671875 0.4875 0.0046875 0.0046875
2 0.175 0.4953125 0.0125 0.0328125
0 0.175 0.4828125 0.003125 0.0046875
2 0.3875 0.471875 0.0125 0.0265625
0 0.3875 0.4625 0.0046875 0.0046875
2 0.8109375 0.5328125 0.021875 0.0515625
0 0.809375 0.5109375 0.00625 0.00625
2 0.7640625 0.496875 0.0171875 0.040625
0 0.7640625 0.4828125 0.00625 0.0078125
2 0.8578125 0.5265625 0.0234375 0.05625
0 0.859375 0.50625 0.0078125 0.0109375
2 0.9671875 0.575 0.021875 0.0609375
0 0.9671875 0.55 0.00625 0.0078125
2 0.915625 0.5234375 0.0234375 0.0546875
0 0.915625 0.503125 0.0078125 0.009375
2 0.525 0.4703125 0.009375 0.01875
0 0.5265625 0.4640625 0.003125 0.003125
2 0.515625 0.4640625 0.0109375 0.021875
0 0.515625 0.45625 0.003125 0.003125
2 0.496875 0.459375 0.0109375 0.01875
0 0.496875 0.4515625 0.003125 0.003125
2 0.4625 0.453125 0.009375 0.0171875
0 0.4625 0.4453125 0.0015625 0.0015625
2 0.4453125 0.45 0.0078125 0.015625
0 0.446875 0.4421875 0.003125 0.003125
2 0.140625 0.5078125 0.009375 0.0390625
0 0.1375 0.4921875 0.0046875 0.00625
2 0.1125 0.509375 0.0125 0.04375
0 0.1125 0.4921875 0.0046875 0.0046875
2 0.0953125 0.521875 0.0125 0.040625
0 0.096875 0.50625 0.00625 0.00625
2 0.0921875 0.55 0.0140625 0.05
0 0.0921875 0.5296875 0.00625 0.00625
2 0.109375 0.53125 0.0140625 0.05
0 0.109375 0.5125 0.0046875 0.00625
2 0.1234375 0.521875 0.0109375 0.046875
0 0.121875 0.503125 0.0046875 0.0046875
2 0.0296875 0.596875 0.01875 0.075
0 0.0296875 0.5640625 0.009375 0.0125
2 0.028125 0.5875 0.0140625 0.0703125
0 0.028125 0.5609375 0.00625 0.0078125
2 0.7421875 0.478125 0.0203125 0.0390625
0 0.740625 0.4625 0.00625 0.0078125
2 0.4375 0.4828125 0.0171875 0.028125
0 0.4375 0.475 0.00625 0.0078125