2 0.0046875 0.6109375 0.009375 0.0296875
0 0.0015625 0.6015625 0.003125 0.0046875
2 0.0265625 0.6078125 0.0203125 0.0375
0 0.028125 0.5921875 0.0046875 0.00625
2 0.040625 0.603125 0.009375 0.0171875
0 0.0390625 0.6 0.0015625 0.0015625
2 0.05625 0.609375 0.0125 0.0296875
0 0.0578125 0.5984375 0.0046875 0.0046875
2 0.06875 0.609375 0.0109375 0.03125
0 0.06875 0.5984375 0.0046875 0.0046875
2 0.103125 0.6109375 0.0125 0.0296875
0 0.103125 0.6 0.0046875 0.0046875
2 0.128125 0.609375 0.0140625 0.03125
0 0.1265625 0.596875 0.0046875 0.0046875
2 0.1640625 0.6078125 0.0125 0.0234375
0 0.1640625 0.6 0.003125 0.003125
2 0.1671875 0.6078125 0.0078125 0.021875
0 0.1671875 0.6015625 0.003125 0.003125
2 0.2 0.64375 0.0671875 0.121875
0 0.178125 0.59375 0.0171875 0.0203125
2 0.2171875 0.6515625 0.0671875 0.121875
0 0.209375 0.6015625 0.0171875 0.01875
2 0.2421875 0.609375 0.0078125 0.021875
0 0.24375 0.6015625 0.003125 0.003125
2 0.25625 0.6078125 0.009375 0.0296875
0 0.2578125 0.596875 0.003125 0.003125
2 0.2734375 0.65625 0.0875 0.1609375
0 0.278125 0.5890625 0.0203125 0.025
2 0.3734375 0.609375 0.0078125 0.028125
0 0.3734375 0.5984375 0.003125 0.003125
2 0.440625 0.6453125 0.04375 0.15
0 0.43125 0.5859375 0.01875 0.0234375
2 0.459375 0.6171875 0.028125 0.0640625
0 0.459375 0.5921875 0.009375 0.009375
2 0.484375 0.6078125 0.0078125 0.021875
0 0.4859375 0.6 0.003125 0.003125
2 0.51875 0.6609375 0.0625 0.1796875
0 0.5140625 0.5890625 0.025 0.028125
2 0.55625 0.6328125 0.046875 0.121875
0 0.553125 0.584375 0.0171875 0.01875
2 0.5734375 0.653125 0.0578125 0.178125
0 0.5671875 0.5796875 0.0234375 0.0265625
2 0.59375 0.6078125 0.0078125 0.025
0 0.5953125 0.6 0.0015625 0.0015625
2 0.6046875 0.609375 0.009375 0.025
0 0.60625 0.6015625 0.003125 0.003125
2 0.6125 0.6078125 0.0078125 0.0234375
0 0.6140625 0.6 0.003125 0.003125
2 0.615625 0.6078125 0.0109375 0.0234375
0 0.615625 0.5984375 0.003125 0.003125
2 0.61875 0.6078125 0.009375 0.0234375
0 0.61875 0.6 0.003125 0.003125
2 0.6515625 0.6078125 0.009375 0.0234375
0 0.65 0.6 0.003125 0.003125
2 0.690625 0.6109375 0.009375 0.028125
0 0.690625 0.6 0.0046875 0.003125
2 0.7078125 0.609375 0.009375 0.034375
0 0.7078125 0.596875 0.0046875 0.003125
2 0.709375 0.6109375 0.0171875 0.0359375
0 0.7078125 0.596875 0.0046875 0.0046875
2 0.7421875 0.6453125 0.05625 0.2015625
0 0.740625 0.5625 0.0234375 0.03125
2 0.8171875 0.6109375 0.028125 0.0359375
0 0.81875 0.596875 0.003125 0.003125
2 0.8265625 0.6078125 0.0109375 0.028125
0 0.8265625 0.6 0.003125 0.003125
2 0.821875 0.66875 0.0953125 0.159375
0 0.8390625 0.60625 0.021875 0.0296875
2 0.8390625 0.665625 0.0859375 0.2078125
0 0.846875 0.5796875 0.0296875 0.0359375
2 0.8953125 0.684375 0.1421875 0.2265625
0 0.8953125 0.5921875 0.034375 0.0375
2 0.95 0.6765625 0.084375 0.303125
0 0.9296875 0.5546875 0.0390625 0.05
0 0.965625 0.5578125 0.0359375 0.0375