2 0.1734375 0.315625 0.06875 0.18125
0 0.1734375 0.315625 0.06875 0.18125
2 0.1703125 0.44375 0.0640625 0.1734375
0 0.1703125 0.44375 0.0640625 0.1734375
2 0.8328125 0.3046875 0.065625 0.1609375
0 0.8328125 0.3046875 0.065625 0.1609375
2 0.840625 0.43125 0.0640625 0.159375
0 0.840625 0.43125 0.0640625 0.159375
2 0.8375 0.5796875 0.078125 0.1890625
0 0.8375 0.5796875 0.078125 0.1890625
0 0.921875 0.6546875 0.021875 0.0234375
0 0.9109375 0.646875 0.0203125 0.025
0 0.6421875 0.6453125 0.01875 0.021875
2 0.565625 0.7 0.0640625 0.1328125
0 0.5640625 0.6453125 0.0171875 0.01875
2 0.565625 0.6703125 0.0453125 0.0984375
0 0.5609375 0.63125 0.0140625 0.015625
2 0.50625 0.678125 0.04375 0.10625
0 0.5 0.6375 0.0171875 0.0171875
2 0.4484375 0.690625 0.046875 0.121875
0 0.4453125 0.6421875 0.0125 0.0171875
0 0.3890625 0.6328125 0.01875 0.025
2 0.3296875 0.690625 0.0703125 0.140625
0 0.33125 0.6328125 0.01875 0.0203125
2 0.165625 0.5734375 0.065625 0.18125
0 0.165625 0.5734375 0.065625 0.18125