2 0.0484375 0.325 0.0640625 0.1375
0 0.04375 0.2765625 0.0203125 0.028125
2 0.0140625 0.290625 0.028125 0.11875
0 0.00625 0.2453125 0.0109375 0.0234375
2 0.1578125 0.4859375 0.2453125 0.5171875
0 0.134375 0.275 0.0671875 0.0875
2 0.2109375 0.3296875 0.0625 0.11875
0 0.1984375 0.290625 0.025 0.0328125
2 0.1953125 0.265625 0.0578125 0.0953125
0 0.1890625 0.225 0.01875 0.0109375
2 0.2453125 0.265625 0.04375 0.0953125
0 0.2421875 0.2265625 0.021875 0.015625
2 0.29375 0.2640625 0.053125 0.0921875
0 0.2875 0.2234375 0.021875 0.0109375
2 0.3234375 0.2828125 0.065625 0.1203125
0 0.31875 0.2390625 0.0234375 0.0296875
2 0.3203125 0.3125 0.0625 0.115625
0 0.3171875 0.2703125 0.025 0.025
2 0.2859375 0.4984375 0.271875 0.490625
0 0.2703125 0.296875 0.065625 0.08125
2 0.3859375 0.490625 0.2875 0.4734375
0 0.3765625 0.3 0.0625 0.084375
2 0.478125 0.4984375 0.3078125 0.45625
0 0.4828125 0.30625 0.0578125 0.071875
2 0.5421875 0.478125 0.23125 0.4625
0 0.5578125 0.2921875 0.0515625 0.0765625
2 0.6109375 0.5046875 0.315625 0.4171875
0 0.596875 0.340625 0.0625 0.0875
2 0.7171875 0.515625 0.3890625 0.5015625
0 0.696875 0.3109375 0.0609375 0.0859375
2 0.79375 0.4953125 0.2859375 0.5421875
0 0.803125 0.2703125 0.065625 0.0859375
0 0.4359375 0.471875 0.0578125 0.078125
2 0.3921875 0.5765625 0.271875 0.3890625
0 0.4359375 0.4734375 0.059375 0.075
0 0.503125 0.490625 0.065625 0.0875
2 0.3390625 0.2640625 0.05625 0.0890625
0 0.31875 0.2421875 0.021875 0.025
2 0.4375 0.2640625 0.0453125 0.0921875
0 0.440625 0.225 0.0203125 0.0109375
2 0.5046875 0.3234375 0.0828125 0.2078125
0 0.5 0.225 0.025 0.0125
2 0.54375 0.3015625 0.0578125 0.1640625
0 0.540625 0.225 0.028125 0.0125
2 0.6203125 0.3 0.0984375 0.1609375
0 0.6125 0.225 0.025 0.0109375
2 0.7921875 0.30625 0.0796875 0.175
0 0.796875 0.2265625 0.0296875 0.015625
2 0.8640625 0.2703125 0.0484375 0.103125
0 0.8671875 0.2234375 0.01875 0.009375
0 0.9484375 0.35 0.0328125 0.0390625
2 0.9375 0.26875 0.0515625 0.1
0 0.93125 0.225 0.0265625 0.0125
2 0.9078125 0.296875 0.0671875 0.1171875
0 0.909375 0.253125 0.0203125 0.025
2 0.665625 0.29375 0.0828125 0.1484375
0 0.64375 0.225 0.025 0.0125