0 0.3359375 0.696875 0.040625 0.05
0 0.384375 0.7703125 0.03125 0.040625
0 0.5703125 0.6140625 0.078125 0.0828125
2 0.7640625 0.8734375 0.078125 0.24375
0 0.7640625 0.778125 0.0328125 0.0328125
2 0.671875 0.8515625 0.065625 0.21875
0 0.66875 0.759375 0.0234375 0.0296875
2 0.7296875 0.828125 0.071875 0.2421875
0 0.73125 0.7265625 0.0296875 0.0359375
2 0.7875 0.75 0.040625 0.1140625
0 0.7859375 0.7109375 0.025 0.028125
2 0.7140625 0.78125 0.0796875 0.20625
0 0.7125 0.6984375 0.03125 0.034375
2 0.6890625 0.721875 0.053125 0.1640625
0 0.6859375 0.659375 0.0265625 0.03125
2 0.715625 0.3453125 0.0640625 0.1421875
0 0.709375 0.2921875 0.0203125 0.0234375
2 0.778125 0.36875 0.0640625 0.134375
0 0.7765625 0.3171875 0.021875 0.021875
2 0.41875 0.46875 0.4671875 0.9140625
0 0.3734375 0.1921875 0.096875 0.0828125
2 0.1671875 0.0015625 0.0015625 0.0015625
0 0.3734375 0.19375 0.1 0.090625