0 0.3703125 0.5203125 0.046875 0.0375
2 0.4234375 0.5 0.1796875 0.3140625
0 0.465625 0.3828125 0.0421875 0.0375
0 0.7578125 0.478125 0.040625 0.03125
0 0.946875 0.6765625 0.0203125 0.025
2 0.4 0.50625 0.0578125 0.13125
0 0.40625 0.453125 0.0171875 0.0234375
2 0.109375 0.3375 0.028125 0.0609375
0 0.1140625 0.315625 0.0078125 0.009375
2 0.1421875 0.35 0.028125 0.0625
0 0.1453125 0.325 0.0078125 0.0109375
2 0.0359375 0.325 0.028125 0.0625
0 0.0421875 0.3015625 0.0078125 0.009375
2 0.0140625 0.3265625 0.0234375 0.0609375
0 0.0171875 0.3046875 0.0078125 0.0109375
2 0.0546875 0.3296875 0.025 0.059375
0 0.0578125 0.3078125 0.0078125 0.009375
2 0.21875 0.3671875 0.025 0.0625
0 0.225 0.3453125 0.009375 0.0109375
2 0.2796875 0.3875 0.025 0.0671875
0 0.2828125 0.3625 0.0078125 0.0109375
2 0.2984375 0.3953125 0.03125 0.0625
0 0.303125 0.3703125 0.0078125 0.0078125
2 0.321875 0.3984375 0.0203125 0.0625
0 0.3265625 0.3765625 0.0078125 0.0109375
2 0.353125 0.4046875 0.0234375 0.0609375
0 0.3578125 0.38125 0.0078125 0.009375
2 0.375 0.4078125 0.01875 0.0671875
0 0.375 0.3890625 0.00625 0.0078125
2 0.390625 0.41875 0.0234375 0.0671875
0 0.39375 0.39375 0.0078125 0.009375
2 0.4140625 0.4171875 0.0265625 0.0671875
0 0.41875 0.3890625 0.0078125 0.0078125
2 0.53125 0.459375 0.03125 0.0625
0 0.5359375 0.434375 0.0078125 0.009375
2 0.525 0.4484375 0.0265625 0.0609375
0 0.53125 0.425 0.009375 0.0109375
2 0.565625 0.4578125 0.0234375 0.05625
0 0.5703125 0.4359375 0.0078125 0.0078125
2 0.5546875 0.45625 0.0234375 0.0578125
0 0.559375 0.434375 0.00625 0.0078125
2 0.575 0.45625 0.0203125 0.0578125
0 0.5796875 0.4328125 0.0078125 0.0078125
2 0.59375 0.4578125 0.0265625 0.05625
0 0.596875 0.4359375 0.0078125 0.0078125
2 0.934375 0.6484375 0.0296875 0.059375
0 0.9359375 0.628125 0.0125 0.0140625
2 0.95625 0.653125 0.028125 0.053125
0 0.9625 0.6359375 0.0109375 0.0125
2 0.98125 0.6671875 0.03125 0.05625
0 0.984375 0.6453125 0.0109375 0.0125
2 0.81875 0.63125 0.0328125 0.0734375
0 0.81875 0.603125 0.009375 0.0125
2 0.79375 0.6359375 0.028125 0.0734375
0 0.796875 0.6078125 0.0109375 0.0140625
2 0.7703125 0.63125 0.028125 0.0796875
0 0.7734375 0.603125 0.0109375 0.0109375
2 0.6921875 0.6109375 0.0296875 0.0828125
0 0.696875 0.58125 0.0140625 0.0171875
2 0.6484375 0.5875 0.0390625 0.0796875
0 0.6578125 0.5578125 0.009375 0.0140625
2 0.065625 0.4203125 0.046875 0.0859375
0 0.071875 0.3828125 0.0109375 0.0109375
2 0.0265625 0.415625 0.028125 0.071875
0 0.03125 0.3875 0.009375 0.0125
2 0.0140625 0.4359375 0.028125 0.0828125
0 0.0109375 0.4046875 0.0109375 0.015625
2 0.0109375 0.3921875 0.0203125 0.0796875
0 0.009375 0.3609375 0.0109375 0.0125
2 0.00625 0.4109375 0.0125 0.0640625
0 0.003125 0.38828125 0.00625 0.0140625
2 0.0234375 0.3984375 0.0296875 0.071875
0 0.028125 0.3734375 0.0109375 0.0140625
2 0.1765625 0.4109375 0.03125 0.0828125
0 0.1796875 0.3796875 0.0078125 0.0109375
2 0.125 0.390625 0.0328125 0.0765625
0 0.134375 0.3609375 0.0109375 0.0109375
2 0.1296875 0.4171875 0.028125 0.0703125
0 0.134375 0.390625 0.009375 0.0125
2 0.2421875 0.3796875 0.0234375 0.065625
0 0.2453125 0.3546875 0.0109375 0.0109375
2 0.25625 0.3890625 0.0203125 0.059375
0 0.259375 0.365625 0.0078125 0.0078125
2 0.1546875 0.3609375 0.0234375 0.0625
0 0.1609375 0.3359375 0.0078125 0.009375
2 0.1796875 0.3625 0.0234375 0.0625
0 0.184375 0.3375 0.009375 0.009375
2 0.196875 0.36875 0.01875 0.059375
0 0.2 0.346875 0.0078125 0.0109375
2 0.20625 0.38125 0.025 0.06875
0 0.2078125 0.3546875 0.009375 0.0109375
2 0.5046875 0.440625 0.0203125 0.0546875
0 0.50625 0.41875 0.0078125 0.009375
2 0.3359375 0.409375 0.0203125 0.05625
0 0.340625 0.3875 0.0078125 0.00625
2 0.0171875 0.3203125 0.025 0.0578125
0 0.0234375 0.2984375 0.009375 0.0109375
2 0.0078125 0.34375 0.015625 0.0640625
0 0.00625 0.3203125 0.009375 0.0125
2 0.00625 0.328125 0.0125 0.0546875
0 0.0046875 0.3078125 0.009375 0.0109375
2 0.975 0.5375 0.0296875 0.05625
0 0.9796875 0.5171875 0.00625 0.0078125
2 0.975 0.5484375 0.0234375 0.053125
0 0.9765625 0.528125 0.0078125 0.009375
2 0.803125 0.58125 0.0296875 0.0765625
0 0.809375 0.553125 0.0078125 0.009375
2 0.0921875 0.4703125 0.0359375 0.0890625
0 0.0953125 0.434375 0.0125 0.0140625
2 0.3453125 0.5328125 0.0328125 0.0828125
0 0.35 0.5 0.0109375 0.0125
2 0.0671875 0.3359375 0.025 0.05625
0 0.0734375 0.315625 0.0078125 0.009375
2 0.0203125 0.340625 0.0234375 0.05625
0 0.025 0.3203125 0.0109375 0.0109375
2 0.040625 0.3484375 0.0265625 0.0578125
0 0.04375 0.3265625 0.0078125 0.0109375
2 0.61875 0.4609375 0.021875 0.046875
0 0.621875 0.44375 0.00625 0.0078125
2 0.790625 0.503125 0.021875 0.053125
0 0.7921875 0.484375 0.0078125 0.0109375
2 0.7828125 0.5109375 0.021875 0.0578125
0 0.7859375 0.4875 0.0078125 0.0078125
2 0.7078125 0.4953125 0.025 0.0625
0 0.709375 0.471875 0.00625 0.0078125
2 0.671875 0.4859375 0.01875 0.05
0 0.675 0.46875 0.00625 0.009375
2 0.6578125 0.4875 0.01875 0.046875
0 0.659375 0.4703125 0.0078125 0.0078125