0 0.05625 0.6265625 0.053125 0.06875
0 0.184375 0.5671875 0.046875 0.0515625
0 0.2890625 0.5578125 0.0375 0.0421875
0 0.3328125 0.5515625 0.0375 0.0515625
0 0.421875 0.5984375 0.0453125 0.053125
0 0.5546875 0.5734375 0.0375 0.0546875
0 0.671875 0.7375 0.0671875 0.0859375
0 0.69375 0.584375 0.0375 0.0453125
0 0.7828125 0.66875 0.0546875 0.08125
0 0.8765625 0.6890625 0.071875 0.0921875
0 0.9078125 0.6546875 0.0515625 0.0703125
2 0.85625 0.6359375 0.0984375 0.2828125
0 0.8359375 0.5109375 0.0234375 0.028125
2 0.5609375 0.5875 0.1109375 0.1921875
0 0.5578125 0.509375 0.0265625 0.03125
2 0.48125 0.575 0.0734375 0.203125
0 0.4890625 0.4875 0.0203125 0.025
2 0.38125 0.5265625 0.0625 0.15
0 0.38125 0.4640625 0.0171875 0.01875
2 0.35 0.528125 0.05 0.1453125
0 0.353125 0.4671875 0.01875 0.021875
2 0.31875 0.4734375 0.0390625 0.11875
0 0.3171875 0.4234375 0.0125 0.0171875
2 0.284375 0.5203125 0.053125 0.1375
0 0.284375 0.4625 0.015625 0.0171875
2 0.2921875 0.478125 0.0453125 0.1125
0 0.296875 0.43125 0.0109375 0.0140625
2 0.275 0.465625 0.0421875 0.0828125
0 0.2828125 0.4328125 0.009375 0.0109375
2 0.24375 0.46875 0.0359375 0.08125
0 0.246875 0.4390625 0.0078125 0.009375
2 0.23125 0.4703125 0.0390625 0.109375
0 0.23125 0.4234375 0.0140625 0.015625
2 0.221875 0.4828125 0.040625 0.109375
0 0.225 0.4359375 0.0140625 0.015625
2 0.2296875 0.5921875 0.0703125 0.2109375
0 0.2328125 0.50625 0.028125 0.034375
2 0.2 0.4984375 0.04375 0.125
0 0.2015625 0.4484375 0.0140625 0.01875
2 0.1796875 0.4625 0.0375 0.09375
0 0.1828125 0.4234375 0.009375 0.0109375
2 0.175 0.4546875 0.034375 0.0984375
0 0.175 0.415625 0.0109375 0.0125
2 0.15625 0.5109375 0.046875 0.1328125
0 0.1640625 0.45625 0.015625 0.0203125
2 0.140625 0.5046875 0.0453125 0.1359375
0 0.1421875 0.4515625 0.0171875 0.01875
2 0.1109375 0.584375 0.0984375 0.234375
0 0.1125 0.48125 0.0296875 0.0296875
2 0.0734375 0.5859375 0.0578125 0.1984375
0 0.075 0.503125 0.025 0.0265625
2 0.021875 0.49609375 0.04375 0.1296875
0 0.021875 0.44375 0.01875 0.01875
2 0.0359375 0.496875 0.040625 0.1265625
0 0.034375 0.4453125 0.0140625 0.01875
2 0.1125 0.4859375 0.0484375 0.121875
0 0.1140625 0.434375 0.0125 0.0171875
2 0.1390625 0.4796875 0.0359375 0.1125
0 0.1375 0.43125 0.015625 0.015625
2 0.153125 0.46875 0.0359375 0.1
0 0.1546875 0.428125 0.0125 0.015625
2 0.1484375 0.4203125 0.0171875 0.05625
0 0.15 0.3984375 0.00625 0.0078125
2 0.1328125 0.453125 0.03125 0.09375
0 0.1328125 0.4140625 0.009375 0.0109375
2 0.125 0.4421875 0.021875 0.078125
0 0.125 0.4078125 0.0078125 0.009375
2 0.1265625 0.4265625 0.021875 0.0609375
0 0.1265625 0.4015625 0.0078125 0.0078125
2 0.1234375 0.41875 0.021875 0.0671875
0 0.121875 0.390625 0.00625 0.0078125
2 0.1109375 0.421875 0.0140625 0.0546875
0 0.1125 0.3984375 0.00625 0.00625
2 0.103125 0.4765625 0.04375 0.121875
0 0.10625 0.425 0.0109375 0.0171875
2 0.1046875 0.4453125 0.0296875 0.078125
0 0.1046875 0.4125 0.0078125 0.009375
2 0.096875 0.4375 0.03125 0.075
0 0.0984375 0.409375 0.0078125 0.0125
2 0.084375 0.4375 0.0234375 0.065625
0 0.0859375 0.4109375 0.009375 0.009375
2 0.084375 0.4265625 0.0234375 0.0671875
0 0.084375 0.4 0.00625 0.0078125
2 0.0828125 0.41875 0.025 0.0609375
0 0.084375 0.39375 0.0078125 0.0078125
2 0.0609375 0.45 0.0234375 0.0734375
0 0.059375 0.41875 0.0078125 0.0109375
2 0.06875 0.44375 0.021875 0.0859375
0 0.0671875 0.409375 0.009375 0.0125
2 0.059375 0.428125 0.0203125 0.0640625
0 0.059375 0.4015625 0.00625 0.0078125
2 0.0703125 0.4171875 0.0171875 0.053125
0 0.0703125 0.39375 0.00625 0.00625
2 0.046875 0.425 0.025 0.0796875
0 0.0453125 0.390625 0.00625 0.0078125
2 0.04375 0.446875 0.03125 0.0828125
0 0.046875 0.4140625 0.009375 0.0125
2 0.0421875 0.4390625 0.028125 0.078125
0 0.0421875 0.4078125 0.0109375 0.0109375
2 0.0265625 0.4 0.0171875 0.0453125
0 0.0296875 0.38125 0.0046875 0.0046875
2 0.025 0.4078125 0.01875 0.0421875
0 0.025 0.390625 0.0046875 0.00625
2 0.0109375 0.4375 0.0203125 0.0765625
0 0.0140625 0.4078125 0.009375 0.0109375
2 0.0109375 0.459375 0.0203125 0.1
0 0.009375 0.41875 0.0125 0.0140625
2 0.0890625 0.434375 0.025 0.071875
0 0.090625 0.40625 0.0078125 0.009375
2 0.1515625 0.446875 0.0234375 0.084375
0 0.15 0.4125 0.009375 0.0109375