2 0.2375 0.5390625 0.0453125 0.15625
0 0.23125 0.4734375 0.0234375 0.0234375
2 0.3578125 0.5 0.01875 0.028125
0 0.359375 0.490625 0.0046875 0.0046875
2 0.3859375 0.49375 0.015625 0.04375
0 0.3875 0.4765625 0.00625 0.00625
2 0.4046875 0.5046875 0.025 0.0515625
0 0.3984375 0.4859375 0.00625 0.0078125
2 0.4265625 0.5078125 0.01875 0.0328125
0 0.428125 0.4984375 0.00625 0.00625
2 0.43125 0.5015625 0.0140625 0.028125
0 0.4296875 0.49375 0.00625 0.0078125
2 0.3828125 0.5234375 0.021875 0.028125
0 0.3859375 0.5171875 0.00625 0.00625
2 0.4984375 0.490625 0.0296875 0.0234375
0 0.496875 0.4859375 0.0078125 0.0078125
2 0.578125 0.5078125 0.0171875 0.0265625
0 0.5765625 0.5 0.00625 0.00625