2 0.8859375 0.6625 0.1203125 0.265625
0 0.865625 0.5578125 0.0390625 0.046875
2 0.7984375 0.65625 0.10625 0.2359375
0 0.790625 0.5640625 0.0359375 0.04375
2 0.7140625 0.65625 0.128125 0.2359375
0 0.7015625 0.5640625 0.0359375 0.04375
2 0.6109375 0.65 0.1078125 0.246875
0 0.6078125 0.55625 0.034375 0.0453125
2 0.8703125 0.60625 0.0984375 0.3234375
0 0.8625 0.4765625 0.034375 0.04375
2 0.7921875 0.6140625 0.0828125 0.315625
0 0.790625 0.4859375 0.034375 0.0453125
2 0.709375 0.6046875 0.09375 0.2859375
0 0.7125 0.4875 0.034375 0.0421875
2 0.6546875 0.6 0.0875 0.2953125
0 0.65 0.4765625 0.034375 0.040625
2 0.56875 0.5953125 0.103125 0.2984375
0 0.56875 0.4734375 0.034375 0.0421875
2 0.4359375 0.6546875 0.125 0.2328125
0 0.4234375 0.5640625 0.0328125 0.0453125
2 0.3390625 0.659375 0.1171875 0.23125
0 0.3390625 0.5703125 0.03125 0.0453125
2 0.2484375 0.671875 0.1015625 0.228125
0 0.2453125 0.584375 0.0328125 0.0453125
2 0.140625 0.6765625 0.1234375 0.2140625
0 0.140625 0.59375 0.0328125 0.046875
2 0.103125 0.603125 0.121875 0.3234375
0 0.1109375 0.4640625 0.0328125 0.04375
2 0.1984375 0.60625 0.109375 0.325
0 0.203125 0.4734375 0.0328125 0.0453125
2 0.2890625 0.6203125 0.0890625 0.303125
0 0.303125 0.4953125 0.0328125 0.0421875
2 0.375 0.61875 0.0953125 0.309375
0 0.378125 0.4859375 0.0296875 0.040625
2 0.4171875 0.6015625 0.0796875 0.29375
0 0.4125 0.4765625 0.03125 0.0390625
2 0.33125 0.596875 0.0734375 0.2921875
0 0.3296875 0.4765625 0.028125 0.0421875
2 0.2953125 0.5859375 0.06875 0.28125
0 0.2953125 0.4671875 0.028125 0.034375
2 0.2484375 0.5859375 0.071875 0.2796875
0 0.2421875 0.4703125 0.0296875 0.0375
2 0.15625 0.5609375 0.075 0.2484375
0 0.153125 0.4609375 0.034375 0.040625
2 0.440625 0.578125 0.0734375 0.2515625
0 0.43125 0.475 0.028125 0.0390625