2 0.084375 0.5015625 0.115625 0.3765625
0 0.078125 0.346875 0.040625 0.0515625
2 0.0359375 0.5234375 0.071875 0.4234375
0 0.0203125 0.3453125 0.0390625 0.059375
2 0.01875 0.56171875 0.0375 0.4515625
0 0.009375 0.3703125 0.01875 0.059375
0 0.303125 0.2296875 0.153125 0.228125
0 0.6734375 0.296875 0.140625 0.2
2 0.828125 0.4640625 0.121875 0.4046875
0 0.821875 0.3015625 0.0484375 0.0578125
2 0.9125 0.4859375 0.096875 0.44375
0 0.9265625 0.3 0.0515625 0.0703125
0 0.965625 0.3328125 0.065625 0.0640625