2 0.1234375 0.5640625 0.0703125 0.165625
0 0.1171875 0.496875 0.0203125 0.0203125
2 0.1578125 0.6296875 0.0859375 0.203125
0 0.140625 0.546875 0.0296875 0.028125
2 0.190625 0.571875 0.053125 0.1421875
0 0.1890625 0.5125 0.0203125 0.0203125
2 0.240625 0.63125 0.09375 0.246875
0 0.25 0.5234375 0.025 0.025
2 0.2578125 0.590625 0.0625 0.1671875
0 0.265625 0.5203125 0.0234375 0.0234375
2 0.29375 0.596875 0.059375 0.1734375
0 0.30625 0.5265625 0.021875 0.0265625
2 0.3125 0.60625 0.0734375 0.203125
0 0.30625 0.525 0.0234375 0.0296875
2 0.3515625 0.5953125 0.0625 0.18125
0 0.3453125 0.521875 0.025 0.0296875
2 0.40625 0.6046875 0.06875 0.2203125
0 0.4046875 0.5140625 0.028125 0.03125
2 0.4640625 0.578125 0.0640625 0.1734375
0 0.4671875 0.509375 0.0234375 0.025
2 0.5703125 0.6203125 0.065625 0.18125
0 0.5671875 0.5390625 0.028125 0.0296875
0 0.5296875 0.6125 0.0609375 0.078125
0 0.6484375 0.6015625 0.078125 0.10625