2 0.33125 0.575 0.18125 0.2015625
0 0.3125 0.5140625 0.0546875 0.08125
2 0.1625 0.465625 0.325 0.596875
0 0.1421875 0.2546875 0.0859375 0.1171875
0 0.453125 0.571875 0.0921875 0.115625
2 0.4921875 0.475 0.125 0.3140625
0 0.5078125 0.3546875 0.05625 0.0640625
2 0.5875 0.4671875 0.1328125 0.365625
0 0.5625 0.3234375 0.05 0.059375
2 0.671875 0.396875 0.2671875 0.459375
0 0.64375 0.196875 0.065625 0.0609375
2 0.63125 0.534375 0.2640625 0.34375
0 0.5734375 0.4171875 0.0734375 0.1
0 0.8734375 0.2890625 0.0703125 0.1
0 0.815625 0.5671875 0.0953125 0.11875