2 0.0875 0.834375 0.0953125 0.2421875
0 0.1 0.734375 0.028125 0.0390625
2 0.121875 0.8515625 0.0953125 0.246875
0 0.13125 0.753125 0.0296875 0.040625
2 0.1875 0.85 0.0859375 0.2375
0 0.1921875 0.7546875 0.03125 0.0375
2 0.271875 0.840625 0.0890625 0.2546875
0 0.26875 0.7375 0.025 0.0328125
2 0.43125 0.8625 0.140625 0.271875
0 0.4359375 0.753125 0.0375 0.0390625
2 0.40625 0.83125 0.065625 0.2015625
0 0.396875 0.75 0.0265625 0.03125
2 0.3625 0.825 0.0578125 0.1984375
0 0.3625 0.825 0.0578125 0.1984375
2 0.4390625 0.80625 0.0625 0.1984375
0 0.4359375 0.721875 0.021875 0.0203125
2 0.4734375 0.771875 0.025 0.0828125
0 0.475 0.7421875 0.0140625 0.015625
2 0.5171875 0.81875 0.10625 0.2421875
0 0.5375 0.721875 0.0296875 0.0359375
2 0.609375 0.8375 0.0671875 0.2234375
0 0.60625 0.7453125 0.0296875 0.034375
2 0.584375 0.8515625 0.059375 0.228125
0 0.5859375 0.759375 0.028125 0.028125
2 0.5375 0.878125 0.0859375 0.228125
0 0.5421875 0.784375 0.03125 0.0359375
2 0.6640625 0.84375 0.09375 0.2484375
0 0.665625 0.740625 0.0328125 0.0359375
2 0.734375 0.853125 0.1140625 0.2640625
0 0.734375 0.7453125 0.03125 0.04375
2 0.8234375 0.8515625 0.084375 0.228125
0 0.81875 0.75625 0.0265625 0.03125
2 0.775 0.809375 0.0578125 0.178125
0 0.771875 0.7359375 0.0265625 0.025
2 0.703125 0.784375 0.0515625 0.165625
0 0.709375 0.715625 0.0234375 0.0234375
2 0.8515625 0.8 0.078125 0.16875
0 0.8515625 0.7328125 0.025 0.028125
2 0.834375 0.828125 0.090625 0.184375
0 0.8625 0.765625 0.0265625 0.028125
2 0.94609375 0.86484375 0.1078125 0.2546875
0 0.96875 0.759375 0.0328125 0.03125
2 0.3984375 0.815625 0.053125 0.1640625
0 0.396875 0.75 0.0265625 0.028125