2 0.015625 0.69375 0.03125 0.1078125
0 0.003125 0.646875 0.00625 0.015625
2 0.053125 0.68125 0.0421875 0.1046875
0 0.053125 0.640625 0.0125 0.0171875
2 0.075 0.684375 0.05625 0.096875
0 0.06875 0.6515625 0.0125 0.0140625
2 0.1078125 0.6765625 0.028125 0.10625
0 0.1125 0.634375 0.0125 0.015625
2 0.1171875 0.678125 0.0296875 0.1015625
0 0.1125 0.6359375 0.0125 0.01875
2 0.1359375 0.678125 0.034375 0.0953125
0 0.1328125 0.6375 0.0109375 0.0125
2 0.1640625 0.6765625 0.053125 0.1203125
0 0.153125 0.628125 0.0140625 0.015625
2 0.1734375 0.6734375 0.040625 0.10625
0 0.16875 0.63125 0.0125 0.015625
2 0.2015625 0.678125 0.0265625 0.0890625
0 0.196875 0.640625 0.0109375 0.0140625
2 0.2078125 0.6625 0.0359375 0.0875
0 0.2015625 0.628125 0.0109375 0.0125
2 0.2234375 0.659375 0.0265625 0.0875
0 0.228125 0.6234375 0.009375 0.009375
2 0.2625 0.6609375 0.0359375 0.1
0 0.2640625 0.621875 0.0140625 0.015625
2 0.284375 0.6546875 0.0296875 0.0953125
0 0.284375 0.6140625 0.0109375 0.0125
2 0.3 0.653125 0.028125 0.0890625
0 0.296875 0.621875 0.0109375 0.0125
2 0.315625 0.6515625 0.034375 0.0953125
0 0.3109375 0.6125 0.0109375 0.0140625
2 0.325 0.6453125 0.03125 0.09375
0 0.31875 0.6046875 0.0109375 0.0109375
2 0.340625 0.6484375 0.0234375 0.090625
0 0.3375 0.6109375 0.0109375 0.0125
2 0.3640625 0.65 0.040625 0.1015625
0 0.359375 0.6078125 0.0125 0.015625
2 0.3859375 0.634375 0.0328125 0.1046875
0 0.3796875 0.590625 0.0125 0.015625
2 0.384375 0.6421875 0.0328125 0.0875
0 0.3765625 0.60625 0.0109375 0.0125
2 0.4078125 0.6296875 0.021875 0.084375
0 0.4046875 0.596875 0.0078125 0.009375
2 0.4265625 0.628125 0.028125 0.0953125
0 0.4203125 0.5875 0.0109375 0.0140625
2 0.4484375 0.6328125 0.025 0.084375
0 0.4484375 0.5984375 0.0109375 0.0109375
2 0.440625 0.6203125 0.025 0.08125
0 0.4390625 0.5921875 0.0078125 0.0125
2 0.4640625 0.6203125 0.0296875 0.0796875
0 0.459375 0.5890625 0.0109375 0.0125
2 0.490625 0.61875 0.034375 0.0890625
0 0.4796875 0.58125 0.009375 0.0109375
2 0.5046875 0.6171875 0.0328125 0.0859375
0 0.4984375 0.58125 0.0109375 0.0125
2 0.521875 0.615625 0.025 0.090625
0 0.5171875 0.578125 0.0109375 0.0125
2 0.5640625 0.625 0.04375 0.115625
0 0.5515625 0.5765625 0.0125 0.015625
2 0.5625 0.609375 0.03125 0.084375
0 0.559375 0.5734375 0.0078125 0.009375
2 0.5765625 0.603125 0.025 0.0671875
0 0.5703125 0.5734375 0.009375 0.0109375
2 0.6421875 0.6171875 0.0359375 0.09375
0 0.6390625 0.5796875 0.0140625 0.015625
2 0.659375 0.5859375 0.021875 0.0609375
0 0.6546875 0.5671875 0.0046875 0.00625
2 0.70625 0.5703125 0.025 0.0515625
0 0.703125 0.5515625 0.0078125 0.0078125
2 0.73125 0.5765625 0.0234375 0.065625
0 0.725 0.5484375 0.0078125 0.009375
2 0.7390625 0.575 0.025 0.0625
0 0.7328125 0.5484375 0.0078125 0.0078125
2 0.7671875 0.5671875 0.0265625 0.0515625
0 0.765625 0.546875 0.0046875 0.0046875
2 0.8171875 0.5609375 0.025 0.0578125
0 0.8109375 0.5375 0.00625 0.0078125
2 0.8328125 0.559375 0.0265625 0.053125
0 0.828125 0.540625 0.0078125 0.00625
2 0.8640625 0.55 0.0203125 0.0484375
0 0.859375 0.5296875 0.00625 0.00625
2 0.8578125 0.5515625 0.0203125 0.0484375
0 0.85625 0.5328125 0.0046875 0.00625
0 0.7875 0.5515625 0.028125 0.025
2 0.88125 0.5453125 0.01875 0.0453125
0 0.8765625 0.5265625 0.00625 0.00625
2 0.925 0.5390625 0.0203125 0.05
0 0.9203125 0.5203125 0.00625 0.0046875
2 0.9109375 0.590625 0.0625 0.115625
0 0.8875 0.55 0.0125 0.015625
0 0.9546875 0.54375 0.015625 0.01875
0 0.98125 0.55625 0.0125 0.015625
2 0.2828125 0.6578125 0.03125 0.1109375
0 0.278125 0.6125 0.0125 0.015625
2 0.321875 0.6578125 0.0265625 0.090625
0 0.31875 0.6203125 0.0109375 0.0140625
2 0.2234375 0.6609375 0.0265625 0.0796875
0 0.2203125 0.6296875 0.009375 0.0125
2 0.0203125 0.6671875 0.0265625 0.065625
0 0.0203125 0.6421875 0.0109375 0.0109375