2 0.8453125 0.553125 0.1578125 0.4796875
0 0.8203125 0.3453125 0.0578125 0.0640625
2 0.7796875 0.5375 0.1921875 0.45
0 0.728125 0.35 0.05 0.071875
2 0.6609375 0.5859375 0.1703125 0.49375
0 0.659375 0.3765625 0.0578125 0.06875
2 0.5828125 0.571875 0.1546875 0.490625
0 0.596875 0.3578125 0.0515625 0.0578125
2 0.5375 0.5890625 0.1453125 0.4484375
0 0.5453125 0.3984375 0.05 0.0640625
2 0.428125 0.6140625 0.19375 0.4796875
0 0.41875 0.4171875 0.053125 0.0671875
2 0.490625 0.5734375 0.1390625 0.503125
0 0.478125 0.3609375 0.0515625 0.071875
2 0.40625 0.575 0.115625 0.503125
0 0.4203125 0.3609375 0.0546875 0.0640625
2 0.296875 0.60625 0.1515625 0.4703125
0 0.3 0.4203125 0.0515625 0.0671875
2 0.1671875 0.5796875 0.18125 0.5015625
0 0.209375 0.371875 0.0578125 0.0640625
2 0.0390625 0.50078125 0.078125 0.2265625
0 0.009375 0.40546875 0.01875 0.0359375
2 0.0515625 0.4609375 0.0609375 0.1203125
0 0.0609375 0.4171875 0.025 0.028125