2 0.2234375 0.6484375 0.0734375 0.10625
0 0.23125 0.609375 0.01875 0.0203125
2 0.375 0.6671875 0.1109375 0.225
0 0.3671875 0.5765625 0.028125 0.028125
2 0.3234375 0.6078125 0.0515625 0.1171875
0 0.3203125 0.5609375 0.015625 0.0203125
2 0.484375 0.5953125 0.0421875 0.1015625
0 0.48125 0.553125 0.0125 0.015625
2 0.53125 0.6140625 0.04375 0.0875
0 0.53125 0.5796875 0.0109375 0.015625
2 0.5671875 0.6078125 0.0328125 0.103125
0 0.5671875 0.565625 0.0109375 0.0140625
2 0.596875 0.5953125 0.046875 0.1234375
0 0.5953125 0.54375 0.0125 0.015625
2 0.590625 0.56875 0.0265625 0.06875
0 0.5890625 0.5453125 0.009375 0.0140625
2 0.6171875 0.58125 0.0234375 0.0875
0 0.615625 0.5453125 0.0109375 0.0125
2 0.640625 0.6015625 0.0375 0.121875
0 0.640625 0.553125 0.0125 0.0171875
2 0.640625 0.596875 0.0390625 0.1203125
0 0.640625 0.5484375 0.0109375 0.015625
2 0.6859375 0.603125 0.0484375 0.1296875
0 0.6828125 0.5515625 0.0140625 0.0203125
2 0.6890625 0.596875 0.0421875 0.121875
0 0.6859375 0.54375 0.0125 0.015625
2 0.690625 0.571875 0.0421875 0.0953125
0 0.6890625 0.5328125 0.009375 0.0125
2 0.7328125 0.5671875 0.0234375 0.0828125
0 0.734375 0.5328125 0.0109375 0.0125
2 0.7515625 0.5625 0.0265625 0.0625
0 0.753125 0.5375 0.009375 0.0078125
2 0.7515625 0.6140625 0.0515625 0.14375
0 0.7453125 0.553125 0.0171875 0.021875
2 0.76875 0.61875 0.0609375 0.153125
0 0.7671875 0.5546875 0.01875 0.0234375
2 0.7859375 0.5921875 0.0453125 0.134375
0 0.784375 0.5359375 0.015625 0.01875
2 0.8125 0.6265625 0.046875 0.1515625
0 0.8109375 0.565625 0.015625 0.0234375
2 0.8125 0.5890625 0.0453125 0.13125
0 0.8109375 0.5328125 0.015625 0.0171875
2 0.8453125 0.596875 0.0421875 0.1203125
0 0.8453125 0.546875 0.0140625 0.0171875
2 0.8546875 0.609375 0.04375 0.1453125
0 0.8546875 0.55 0.0171875 0.021875
2 0.8671875 0.64375 0.0671875 0.1609375
0 0.88125 0.578125 0.0234375 0.0265625
2 0.8796875 0.60625 0.0453125 0.1421875
0 0.8765625 0.546875 0.015625 0.015625
2 0.915625 0.6453125 0.0484375 0.1828125
0 0.9140625 0.571875 0.0265625 0.028125
2 0.946875 0.659375 0.0515625 0.1859375
0 0.9453125 0.5828125 0.03125 0.0328125
2 0.915625 0.5875 0.040625 0.1125
0 0.9203125 0.540625 0.015625 0.01875
2 0.9484375 0.61875 0.0421875 0.1453125
0 0.9453125 0.5578125 0.01875 0.021875
2 0.9765625 0.590625 0.04375 0.1359375
0 0.9765625 0.5328125 0.015625 0.0171875
2 0.7171875 0.5828125 0.0390625 0.0921875
0 0.7171875 0.546875 0.0109375 0.0140625