2 0.03125 0.6203125 0.0625 0.3046875
0 0.0265625 0.4953125 0.0359375 0.046875
2 0.075 0.6453125 0.1203125 0.3609375
0 0.0734375 0.5 0.046875 0.0546875
0 0.146875 0.54375 0.0546875 0.065625
2 0.203125 0.55625 0.0859375 0.09375
0 0.1765625 0.5296875 0.021875 0.025
2 0.3859375 0.5765625 0.0640625 0.19375
0 0.3859375 0.4953125 0.0203125 0.0265625
2 0.4171875 0.5859375 0.075 0.19375
0 0.41875 0.5078125 0.025 0.028125
2 0.4609375 0.5796875 0.0734375 0.2453125
0 0.45625 0.4828125 0.0265625 0.0359375
2 0.4953125 0.5875 0.125 0.2546875
0 0.49375 0.478125 0.0296875 0.0328125
2 0.5265625 0.5671875 0.0453125 0.16875
0 0.528125 0.496875 0.021875 0.025
2 0.6578125 0.5671875 0.0859375 0.2078125
0 0.659375 0.48125 0.021875 0.028125
2 0.6390625 0.5125 0.03125 0.0828125
0 0.640625 0.4828125 0.009375 0.0125
2 0.715625 0.5296875 0.0375 0.103125
0 0.7171875 0.4875 0.009375 0.015625
2 0.75 0.5265625 0.0390625 0.1109375
0 0.746875 0.48125 0.0125 0.015625
2 0.7875 0.5265625 0.040625 0.121875
0 0.7796875 0.4765625 0.015625 0.0171875
2 0.809375 0.540625 0.0609375 0.1609375
0 0.821875 0.471875 0.0203125 0.0203125
2 0.85 0.5515625 0.0703125 0.1828125
0 0.846875 0.4734375 0.021875 0.0234375
2 0.871875 0.5515625 0.0515625 0.1765625
0 0.8703125 0.490625 0.0234375 0.0265625
2 0.9375 0.5875 0.08125 0.2125
0 0.93125 0.496875 0.0265625 0.0296875
2 0.9265625 0.55625 0.096875 0.2
0 0.9140625 0.471875 0.0234375 0.0265625
2 0.95625 0.56875 0.0640625 0.16875
0 0.9578125 0.5015625 0.01875 0.025
0 0.9875 0.465625 0.0171875 0.0171875
2 0.9671875 0.490625 0.025 0.0625
0 0.965625 0.465625 0.0078125 0.009375