2 0.096875 0.296875 0.1140625 0.25
0 0.0859375 0.2078125 0.04375 0.0515625
2 0.2109375 0.296875 0.1234375 0.2484375
0 0.2 0.2046875 0.0421875 0.05625
2 0.2 0.346875 0.1 0.2078125
0 0.203125 0.275 0.0421875 0.05
2 0.30625 0.3640625 0.0984375 0.21875
0 0.309375 0.2796875 0.04375 0.046875
2 0.4125 0.2671875 0.1109375 0.2
0 0.4125 0.1859375 0.0421875 0.0359375
2 0.403125 0.3609375 0.09375 0.2265625
0 0.4015625 0.271875 0.0375 0.0453125
2 0.4921875 0.359375 0.0953125 0.2296875
0 0.4921875 0.26875 0.0359375 0.0484375
2 0.5578125 0.275 0.115625 0.215625
0 0.5515625 0.1859375 0.040625 0.0375
2 0.6953125 0.3796875 0.1234375 0.234375
0 0.6953125 0.2984375 0.0453125 0.05625
2 0.7890625 0.35 0.1359375 0.2484375
0 0.7984375 0.2609375 0.04375 0.06875
2 0.840625 0.3765625 0.1765625 0.2078125
0 0.871875 0.303125 0.04375 0.05
2 0.0375 0.4703125 0.0734375 0.2453125
0 0.0265625 0.3859375 0.0390625 0.0625
2 0.109375 0.4609375 0.115625 0.2234375
0 0.08125 0.3796875 0.0484375 0.059375
2 0.2125 0.5171875 0.1015625 0.23125
0 0.190625 0.434375 0.0421875 0.0578125
0 0.0875 0.64375 0.046875 0.05625
0 0.2453125 0.6765625 0.046875 0.053125
0 0.140625 0.4109375 0.1078125 0.10625
0 0.396875 0.4203125 0.084375 0.1109375
0 0.434375 0.509375 0.0828125 0.103125
0 0.6171875 0.3875 0.0875 0.10625
0 0.846875 0.3796875 0.1015625 0.1109375