2 0.1140625 0.7390625 0.0375 0.071875
0 0.1203125 0.7125 0.0078125 0.0109375
2 0.178125 0.740625 0.028125 0.053125
0 0.178125 0.721875 0.00625 0.0078125
2 0.2109375 0.746875 0.0234375 0.046875
0 0.2125 0.73125 0.0078125 0.0109375
2 0.228125 0.7484375 0.0203125 0.0421875
0 0.225 0.7328125 0.009375 0.009375
2 0.275 0.7359375 0.01875 0.0375
0 0.2765625 0.7203125 0.0046875 0.00625
2 0.45 0.73125 0.0140625 0.0328125
0 0.45 0.7203125 0.0046875 0.00625
2 0.5015625 0.7421875 0.015625 0.034375
0 0.503125 0.7296875 0.00625 0.00625
2 0.525 0.7296875 0.0171875 0.0421875
0 0.521875 0.7171875 0.00625 0.00625
2 0.5515625 0.7328125 0.0140625 0.0265625
0 0.553125 0.7265625 0.00625 0.00625
2 0.596875 0.734375 0.015625 0.04375
0 0.5984375 0.7171875 0.00625 0.00625
2 0.6546875 0.7296875 0.01875 0.0421875
0 0.6546875 0.7171875 0.00625 0.00625
2 0.69375 0.7328125 0.0171875 0.040625
0 0.6953125 0.7171875 0.00625 0.0078125
2 0.76875 0.728125 0.01875 0.065625
0 0.7671875 0.70625 0.0078125 0.0109375
2 0.78125 0.7328125 0.01875 0.0578125
0 0.7796875 0.709375 0.0078125 0.009375
2 0.9796875 0.7484375 0.0328125 0.0984375
0 0.9765625 0.7078125 0.0125 0.0125
2 0.9890625 0.71875 0.015625 0.03125
0 0.9859375 0.7078125 0.0046875 0.0046875
2 0.9671875 0.7453125 0.0265625 0.090625
0 0.9671875 0.7109375 0.0125 0.0140625
2 0.93125 0.75 0.046875 0.0625
0 0.9203125 0.7296875 0.009375 0.009375
2 0.9328125 0.721875 0.0171875 0.04375
0 0.93125 0.7046875 0.00625 0.00625
2 0.50625 0.7328125 0.0171875 0.0375
0 0.50625 0.7203125 0.00625 0.0078125