2 0.0703125 0.5484375 0.1375 0.275
0 0.0765625 0.434375 0.03125 0.0390625
2 0.171875 0.5484375 0.1515625 0.2671875
0 0.1734375 0.4375 0.0328125 0.0453125
2 0.2703125 0.4734375 0.0671875 0.125
0 0.278125 0.421875 0.0140625 0.01875
2 0.3203125 0.4515625 0.071875 0.11875
0 0.3109375 0.403125 0.0140625 0.015625
2 0.365625 0.4734375 0.078125 0.1234375
0 0.3390625 0.4234375 0.0171875 0.021875
2 0.5140625 0.4796875 0.1015625 0.15625
0 0.4828125 0.415625 0.0203125 0.025
2 0.5859375 0.4921875 0.0875 0.203125
0 0.5609375 0.4078125 0.025 0.03125
2 0.6453125 0.5703125 0.278125 0.3578125
0 0.603125 0.425 0.053125 0.0609375
2 0.8578125 0.540625 0.165625 0.3359375
0 0.8203125 0.4015625 0.04375 0.053125
2 0.3484375 0.4546875 0.0296875 0.0703125
0 0.346875 0.4265625 0.0125 0.0140625
2 0.346875 0.4359375 0.025 0.06875
0 0.3453125 0.409375 0.009375 0.0109375
2 0.375 0.4390625 0.025 0.0671875
0 0.371875 0.4125 0.009375 0.0109375
2 0.3875 0.453125 0.04375 0.0671875
0 0.384375 0.428125 0.0109375 0.0125
2 0.3859375 0.4515625 0.0328125 0.0359375
0 0.38125 0.440625 0.009375 0.0109375
2 0.4203125 0.434375 0.028125 0.08125
0 0.4171875 0.4015625 0.009375 0.0109375
2 0.4234375 0.45 0.03125 0.06875
0 0.4203125 0.4234375 0.0109375 0.0140625
2 0.4453125 0.4375 0.0265625 0.078125
0 0.4421875 0.4046875 0.0078125 0.0109375
2 0.475 0.4484375 0.028125 0.0609375
0 0.4734375 0.425 0.009375 0.0109375
2 0.6828125 0.4390625 0.03125 0.084375
0 0.6828125 0.403125 0.0109375 0.0125
2 0.696875 0.4359375 0.0328125 0.090625
0 0.6953125 0.396875 0.009375 0.0109375
2 0.7203125 0.4390625 0.0265625 0.084375
0 0.71875 0.4046875 0.009375 0.0125
2 0.7453125 0.440625 0.0265625 0.08125
0 0.7453125 0.40625 0.009375 0.0109375
2 0.7734375 0.4359375 0.0234375 0.0859375
0 0.7765625 0.403125 0.0109375 0.0125
2 0.790625 0.4359375 0.0328125 0.084375
0 0.79375 0.4015625 0.0078125 0.0109375
2 0.8109375 0.4375 0.025 0.0859375
0 0.809375 0.4015625 0.0109375 0.0125
2 0.84375 0.4328125 0.0234375 0.08125
0 0.8421875 0.4 0.0109375 0.0140625
2 0.865625 0.4359375 0.0234375 0.0765625
0 0.8671875 0.40625 0.0078125 0.0109375
2 0.878125 0.4328125 0.0296875 0.0875
0 0.8765625 0.396875 0.009375 0.0125
2 0.8984375 0.4375 0.034375 0.0796875
0 0.896875 0.4046875 0.009375 0.0109375
2 0.91875 0.4375 0.034375 0.084375
0 0.9125 0.403125 0.009375 0.0109375
2 0.959375 0.4359375 0.03125 0.08125
0 0.959375 0.403125 0.0078125 0.0125