0 0.225 0.39375 0.059375 0.075
0 0.359375 0.3421875 0.0625 0.078125
0 0.5515625 0.33125 0.059375 0.0765625
2 0.5 0.46875 0.1765625 0.4140625
0 0.5234375 0.3125 0.05 0.0609375
2 0.665625 0.4765625 0.1625 0.4421875
0 0.653125 0.303125 0.059375 0.078125
2 0.784375 0.434375 0.1234375 0.3515625
0 0.775 0.2890625 0.040625 0.0515625
2 0.70625 0.415625 0.08125 0.271875
0 0.70625 0.3109375 0.03125 0.0375
2 0.915625 0.4140625 0.109375 0.259375
0 0.90625 0.3125 0.0265625 0.03125
2 0.8515625 0.384375 0.059375 0.1875
0 0.846875 0.3140625 0.0203125 0.028125
2 0.7859375 0.4203125 0.0734375 0.2484375
0 0.7984375 0.3171875 0.03125 0.034375
2 0.878125 0.3765625 0.034375 0.1265625
0 0.878125 0.325 0.0140625 0.0203125
2 0.953125 0.3578125 0.0421875 0.09375
0 0.953125 0.3265625 0.0109375 0.0125