2 0.0296875 0.525 0.059375 0.534375
0 0.0109375 0.28984375 0.021875 0.0578125
2 0.1359375 0.5234375 0.1984375 0.5875
0 0.1296875 0.2859375 0.06875 0.0703125
2 0.1359375 0.5046875 0.1921875 0.5671875
0 0.140625 0.2640625 0.0671875 0.0671875
2 0.2625 0.5390625 0.1265625 0.4734375
0 0.2453125 0.3375 0.0640625 0.071875
2 0.275 0.509375 0.14375 0.4953125
0 0.2734375 0.303125 0.0578125 0.075
2 0.390625 0.5296875 0.146875 0.5234375
0 0.41875 0.3125 0.0578125 0.0671875
2 0.5625 0.5203125 0.2296875 0.5375
0 0.490625 0.2921875 0.053125 0.0703125
2 0.709375 0.5453125 0.153125 0.4765625
0 0.725 0.35 0.0515625 0.075
2 0.85 0.5234375 0.1625 0.5125
0 0.8515625 0.30625 0.0546875 0.071875
2 0.7 0.5 0.2 0.5484375
0 0.7375 0.26875 0.05625 0.0703125
2 0.909375 0.4828125 0.1421875 0.409375
0 0.8953125 0.315625 0.0484375 0.0609375