0 0.946875 0.55625 0.0296875 0.03125
2 0.9046875 0.6515625 0.0890625 0.2546875
0 0.903125 0.54375 0.0265625 0.0296875
0 0.8421875 0.5765625 0.04375 0.0421875
0 0.7765625 0.5703125 0.04375 0.0515625
0 0.6265625 0.559375 0.034375 0.0390625
0 0.1328125 0.5984375 0.03125 0.0375
2 0.265625 0.7 0.115625 0.2578125
0 0.265625 0.5890625 0.0296875 0.034375
2 0.3625 0.634375 0.0640625 0.1515625
0 0.3625 0.5703125 0.0171875 0.01875
2 0.2984375 0.634375 0.046875 0.1453125
0 0.2921875 0.5765625 0.01875 0.021875
2 0.1765625 0.6015625 0.0234375 0.065625
0 0.175 0.5734375 0.009375 0.009375
2 0.1984375 0.5984375 0.025 0.0625
0 0.2015625 0.5734375 0.0078125 0.0078125
2 0.409375 0.61875 0.0359375 0.1046875
0 0.4078125 0.5734375 0.0109375 0.0125
2 0.3859375 0.5859375 0.0171875 0.040625
0 0.3875 0.571875 0.00625 0.00625
2 0.4203125 0.5859375 0.015625 0.0484375
0 0.4203125 0.5671875 0.00625 0.00625
2 0.45625 0.590625 0.025 0.059375
0 0.4578125 0.5671875 0.00625 0.0078125
2 0.484375 0.596875 0.028125 0.0734375
0 0.484375 0.5671875 0.0078125 0.009375
2 0.5125 0.5953125 0.0265625 0.0609375
0 0.509375 0.5734375 0.0078125 0.009375
2 0.5265625 0.5890625 0.0234375 0.0640625
0 0.5265625 0.5640625 0.0078125 0.009375
2 0.5609375 0.590625 0.025 0.06875
0 0.5609375 0.5625 0.0078125 0.009375
2 0.578125 0.571875 0.0140625 0.0359375
0 0.5765625 0.559375 0.0046875 0.00625
2 0.325 0.59375 0.0203125 0.05625
0 0.321875 0.571875 0.0078125 0.0078125