0 0.1640625 0.3375 0.0625 0.0859375
2 0.228125 0.5125 0.11875 0.41875
0 0.2421875 0.3390625 0.0484375 0.0515625
2 0.309375 0.5234375 0.1265625 0.428125
0 0.3078125 0.3453125 0.05 0.065625
2 0.3640625 0.4484375 0.115625 0.3734375
0 0.359375 0.29375 0.0421875 0.0625
2 0.4328125 0.503125 0.134375 0.4546875
0 0.4328125 0.315625 0.0453125 0.0609375
2 0.525 0.5203125 0.134375 0.4515625
0 0.5140625 0.3296875 0.0515625 0.071875
2 0.6484375 0.5125 0.1375 0.45625
0 0.6453125 0.31875 0.0453125 0.06875
2 0.7703125 0.4984375 0.1671875 0.4421875
0 0.7375 0.3140625 0.0515625 0.06875
2 0.853125 0.546875 0.1515625 0.440625
0 0.84375 0.36875 0.053125 0.0546875
0 0.7296875 0.384375 0.0609375 0.0890625
0 0.5921875 0.421875 0.0609375 0.08125
0 0.4203125 0.3984375 0.05625 0.0796875