2 0.48125 0.56875 0.1171875 0.1328125
0 0.49375 0.5265625 0.0265625 0.0328125
2 0.3265625 0.5671875 0.0921875 0.24375
0 0.3265625 0.471875 0.0359375 0.0375
2 0.2390625 0.571875 0.0765625 0.2640625
0 0.2421875 0.4578125 0.034375 0.034375
2 0.1515625 0.5390625 0.06875 0.178125
0 0.1515625 0.4671875 0.021875 0.028125
2 0.040625 0.553125 0.0703125 0.1734375
0 0.04375 0.484375 0.0234375 0.028125
2 0.1828125 0.5203125 0.04375 0.121875
0 0.1859375 0.4734375 0.015625 0.0203125
2 0.1109375 0.5046875 0.034375 0.078125
0 0.1125 0.4734375 0.009375 0.0140625
2 0.06875 0.534375 0.046875 0.1296875
0 0.059375 0.484375 0.015625 0.0171875
2 0.0703125 0.5140625 0.0484375 0.1046875
0 0.0640625 0.471875 0.0125 0.0140625