2 0.90625 0.4703125 0.1578125 0.2359375
0 0.928125 0.378125 0.0390625 0.040625
2 0.7046875 0.496875 0.1140625 0.259375
0 0.728125 0.3921875 0.040625 0.040625
2 0.4828125 0.4671875 0.06875 0.18125
0 0.503125 0.3953125 0.021875 0.03125
2 0.4234375 0.459375 0.05625 0.1609375
0 0.4203125 0.3953125 0.0234375 0.0234375
2 0.3984375 0.496875 0.0875 0.23125
0 0.396875 0.403125 0.03125 0.040625
2 0.4421875 0.525 0.15625 0.2125
0 0.3984375 0.44375 0.034375 0.04375
2 0.3921875 0.553125 0.2453125 0.259375
0 0.3484375 0.4515625 0.0375 0.05
2 0.2984375 0.5125 0.1171875 0.190625
0 0.2828125 0.44375 0.0328125 0.04375
2 0.2484375 0.4515625 0.04375 0.090625
0 0.246875 0.415625 0.0140625 0.015625
2 0.309375 0.4328125 0.0203125 0.0515625
0 0.3125 0.415625 0.009375 0.0109375
2 0.353125 0.4390625 0.0296875 0.0734375
0 0.353125 0.4140625 0.009375 0.0109375
2 0.321875 0.44375 0.0359375 0.0703125
0 0.3234375 0.4171875 0.0140625 0.0171875
2 0.328125 0.440625 0.0203125 0.0734375
0 0.3234375 0.4171875 0.0140625 0.015625
2 0.2828125 0.4703125 0.075 0.1859375
0 0.2921875 0.3984375 0.021875 0.03125
2 0.2015625 0.4984375 0.0953125 0.275
0 0.209375 0.390625 0.0359375 0.0484375
0 0.115625 0.3265625 0.23125 0.215625