2 0.8015625 0.603125 0.1359375 0.353125
0 0.8125 0.471875 0.0578125 0.053125
2 0.640625 0.603125 0.1203125 0.33125
0 0.6453125 0.46875 0.0453125 0.059375
2 0.709375 0.5671875 0.115625 0.3515625
0 0.70625 0.4328125 0.046875 0.0640625
2 0.509375 0.58125 0.115625 0.3296875
0 0.50625 0.4640625 0.04375 0.053125
2 0.41875 0.603125 0.1234375 0.3296875
0 0.4171875 0.4796875 0.0484375 0.0515625
2 0.31875 0.603125 0.1234375 0.3875
0 0.3234375 0.4625 0.05 0.053125
2 0.234375 0.546875 0.2 0.453125
0 0.2609375 0.36875 0.0640625 0.0859375
2 0.33125 0.51875 0.1484375 0.3765625
0 0.346875 0.3703125 0.0484375 0.0671875
2 0.375 0.5734375 0.1109375 0.3453125
0 0.3953125 0.4390625 0.05 0.05625
2 0.46875 0.5515625 0.1140625 0.3453125
0 0.465625 0.421875 0.05 0.05625
2 0.55625 0.5609375 0.1359375 0.35625
0 0.53125 0.4234375 0.05 0.0609375
2 0.5578125 0.5234375 0.1140625 0.3359375
0 0.5671875 0.3921875 0.040625 0.053125
2 0.7984375 0.525 0.1546875 0.4453125
0 0.8125 0.35 0.053125 0.0640625
2 0.6640625 0.503125 0.1296875 0.4140625
0 0.653125 0.3390625 0.046875 0.053125
2 0.5703125 0.4578125 0.13125 0.4015625
0 0.5765625 0.29375 0.0421875 0.059375
2 0.459375 0.453125 0.2125 0.36875
0 0.453125 0.309375 0.04375 0.065625
2 0.325 0.4625 0.153125 0.3296875
0 0.31875 0.33125 0.0453125 0.05625