2 0.025 0.4953125 0.05 0.328125
0 0.0078125 0.353125 0.0140625 0.040625
2 0.1453125 0.3984375 0.0453125 0.1171875
0 0.1421875 0.35 0.015625 0.0171875
2 0.196875 0.396875 0.0578125 0.159375
0 0.19375 0.33125 0.01875 0.021875
2 0.1671875 0.3765625 0.0296875 0.096875
0 0.159375 0.3375 0.0125 0.0140625
2 0.1703125 0.3625 0.0203125 0.065625
0 0.171875 0.3375 0.0109375 0.0109375
0 0.3125 0.3859375 0.0640625 0.096875
2 0.403125 0.646875 0.1078125 0.353125
0 0.3921875 0.5125 0.05625 0.06875
2 0.328125 0.528125 0.16875 0.3953125
0 0.325 0.3546875 0.0359375 0.046875
2 0.39375 0.4203125 0.109375 0.1921875
0 0.396875 0.3671875 0.040625 0.04375
2 0.4625 0.4875 0.1234375 0.3890625
0 0.45625 0.3328125 0.0515625 0.0640625
2 0.54375 0.559375 0.1515625 0.496875
0 0.578125 0.3515625 0.065625 0.0734375
2 0.653125 0.5734375 0.228125 0.525
0 0.6703125 0.3625 0.075 0.0875
0 0.746875 0.3484375 0.0859375 0.1171875
2 0.8671875 0.6625 0.253125 0.38125
0 0.925 0.5359375 0.1109375 0.096875
0 0.9234375 0.534375 0.1140625 0.10625