2 0.0203125 0.4265625 0.040625 0.171875
0 0.0125 0.36015625 0.025 0.0359375
2 0.059375 0.425 0.078125 0.1703125
0 0.0625 0.3578125 0.0234375 0.0328125
2 0.046875 0.35 0.0703125 0.16875
0 0.040625 0.2875 0.028125 0.0328125
2 0.121875 0.4390625 0.075 0.14375
0 0.1296875 0.384375 0.025 0.0328125
2 0.1578125 0.321875 0.0734375 0.14375
0 0.1484375 0.265625 0.0203125 0.0265625
2 0.178125 0.3953125 0.059375 0.1609375
0 0.18125 0.3328125 0.025 0.0296875
2 0.2265625 0.4015625 0.06875 0.153125
0 0.228125 0.3421875 0.0234375 0.0296875
2 0.275 0.3953125 0.05625 0.1765625
0 0.271875 0.3234375 0.0296875 0.028125
2 0.31875 0.3234375 0.05625 0.14375
0 0.321875 0.2671875 0.021875 0.0296875
2 0.3703125 0.30625 0.08125 0.1390625
0 0.3796875 0.2546875 0.0234375 0.028125
2 0.328125 0.3890625 0.0703125 0.140625
0 0.321875 0.3390625 0.0265625 0.0296875
2 0.4078125 0.3421875 0.0671875 0.1421875
0 0.4078125 0.2921875 0.025 0.034375
2 0.471875 0.3421875 0.0671875 0.140625
0 0.471875 0.2890625 0.0234375 0.0296875
2 0.421875 0.4171875 0.1015625 0.178125
0 0.421875 0.35 0.0265625 0.0390625
2 0.5453125 0.3421875 0.0859375 0.1375
0 0.5484375 0.290625 0.0265625 0.0328125
2 0.6078125 0.3078125 0.078125 0.1515625
0 0.615625 0.2484375 0.01875 0.028125
2 0.6453125 0.3046875 0.0828125 0.1390625
0 0.659375 0.25 0.0234375 0.028125
2 0.7734375 0.3078125 0.0859375 0.1734375
0 0.784375 0.246875 0.0234375 0.03125
2 0.8484375 0.340625 0.0703125 0.146875
0 0.846875 0.284375 0.028125 0.03125
2 0.86875 0.3078125 0.0640625 0.1390625
0 0.8671875 0.25625 0.028125 0.0328125
2 0.9140625 0.3078125 0.0609375 0.1359375
0 0.9125 0.2546875 0.025 0.028125
2 0.9578125 0.30625 0.059375 0.134375
0 0.9609375 0.2546875 0.0234375 0.0296875
2 0.81875 0.4265625 0.08125 0.175
0 0.821875 0.35625 0.0265625 0.03125
2 0.8703125 0.4265625 0.078125 0.259375
0 0.871875 0.31875 0.0328125 0.0390625
2 0.95 0.4265625 0.0875 0.1765625
0 0.9578125 0.3578125 0.0328125 0.0375
2 0.6421875 0.5421875 0.234375 0.334375
0 0.65 0.415625 0.0625 0.0703125
2 0.4234375 0.5140625 0.2421875 0.26875
0 0.409375 0.4140625 0.0421875 0.0609375
2 0.45 0.6671875 0.3109375 0.278125
0 0.4390625 0.58125 0.071875 0.0859375
2 0.2546875 0.6234375 0.259375 0.3640625
0 0.2609375 0.4859375 0.0640625 0.0828125
0 0.071875 0.7265625 0.1078125 0.1234375