2 0.05 0.578125 0.0859375 0.3203125
0 0.0703125 0.446875 0.0390625 0.0484375
2 0.1125 0.6 0.1421875 0.278125
0 0.1171875 0.4890625 0.040625 0.0421875
0 0.13125 0.49375 0.0578125 0.05
2 0.253125 0.553125 0.1078125 0.284375
0 0.24375 0.4453125 0.034375 0.04375
0 0.2765625 0.496875 0.0390625 0.0453125
2 0.4421875 0.603125 0.09375 0.315625
0 0.4390625 0.4703125 0.0390625 0.0421875
0 0.4296875 0.50625 0.040625 0.0515625
0 0.4578125 0.503125 0.04375 0.0515625
2 0.6140625 0.60625 0.1109375 0.340625
0 0.6140625 0.4609375 0.0296875 0.034375
2 0.6875 0.603125 0.1171875 0.3375
0 0.690625 0.4640625 0.0390625 0.046875
2 0.725 0.571875 0.078125 0.296875
0 0.721875 0.453125 0.040625 0.0453125
2 0.8703125 0.590625 0.134375 0.3359375
0 0.8859375 0.453125 0.046875 0.0515625
0 0.915625 0.471875 0.040625 0.0484375
0 0.94375 0.4609375 0.0453125 0.046875
0 0.9421875 0.4609375 0.0453125 0.0484375