2 0.584375 0.690625 0.0078125 0.0109375
0 0.584375 0.6875 0.0015625 0.0015625
2 0.7671875 0.7140625 0.015625 0.03125
0 0.765625 0.703125 0.003125 0.003125
2 0.759375 0.7140625 0.0140625 0.03125
0 0.75625 0.7046875 0.0046875 0.0046875
2 0.73125 0.7171875 0.0171875 0.03125
0 0.728125 0.70625 0.0046875 0.00625
0 0.0140625 0.7984375 0.021875 0.021875
0 0.0390625 0.8140625 0.021875 0.021875
0 0.0296875 0.8015625 0.015625 0.0140625
0 0.06875 0.8015625 0.0234375 0.021875
0 0.1 0.8125 0.01875 0.01875
0 0.096875 0.8015625 0.0171875 0.0203125
0 0.1203125 0.8078125 0.0125 0.0171875
0 0.125 0.809375 0.0171875 0.0203125
0 0.134375 0.8125 0.0125 0.015625
0 0.1609375 0.8109375 0.0171875 0.01875
0 0.178125 0.8 0.015625 0.0171875
0 0.2125 0.8109375 0.0125 0.0140625
0 0.2 0.8046875 0.0125 0.0140625
0 0.2125 0.8109375 0.0125 0.0140625
0 0.2390625 0.796875 0.0125 0.015625
0 0.2546875 0.8078125 0.0109375 0.0125
0 0.278125 0.8 0.0125 0.015625
0 0.3078125 0.8015625 0.0125 0.015625
0 0.3390625 0.7984375 0.0125 0.0171875
0 0.41875 0.7359375 0.046875 0.0609375
0 0.4609375 0.7953125 0.0109375 0.015625
0 0.503125 0.7421875 0.04375 0.04375
0 0.58125 0.7828125 0.0171875 0.01875
0 0.6640625 0.690625 0.06875 0.05625
0 0.725 0.778125 0.0125 0.0140625
0 0.7328125 0.7703125 0.015625 0.01875
0 0.75625 0.7859375 0.0171875 0.0171875
0 0.796875 0.7828125 0.0171875 0.0203125
0 0.7984375 0.7703125 0.0171875 0.01875
0 0.8390625 0.7625 0.0203125 0.01875
0 0.85625 0.7703125 0.015625 0.015625
0 0.8828125 0.778125 0.015625 0.01875
0 0.896875 0.778125 0.021875 0.025
2 0.9078125 0.8125 0.040625 0.1125
0 0.903125 0.7671875 0.0171875 0.0171875
0 0.93125 0.7671875 0.021875 0.0203125
0 0.9796875 0.765625 0.0234375 0.021875
0 0.7625 0.7734375 0.0140625 0.01875
2 0.3890625 0.6078125 0.00625 0.0109375
0 0.390625 0.6046875 0.0015625 0.0015625