2 0.971875 0.284375 0.03125 0.0765625
0 0.971875 0.2546875 0.0078125 0.0078125
2 0.9734375 0.4109375 0.0359375 0.10625
0 0.971875 0.36875 0.015625 0.0171875
2 0.8921875 0.4015625 0.040625 0.128125
0 0.8953125 0.3578125 0.015625 0.01875
2 0.846875 0.41875 0.0734375 0.1765625
0 0.846875 0.3453125 0.0234375 0.0234375
2 0.7015625 0.5046875 0.225 0.6234375
0 0.6828125 0.2453125 0.065625 0.084375
2 0.5515625 0.4296875 0.0640625 0.2171875
0 0.55 0.3375 0.0234375 0.0265625
2 0.4203125 0.41875 0.0578125 0.1828125
0 0.41875 0.34375 0.0234375 0.028125
2 0.390625 0.4 0.05 0.1234375
0 0.39375 0.353125 0.0140625 0.0171875
2 0.35625 0.4015625 0.065625 0.140625
0 0.346875 0.3453125 0.01875 0.0203125
2 0.3125 0.2875 0.034375 0.0828125
0 0.3078125 0.25625 0.0140625 0.0171875
2 0.2921875 0.425 0.0578125 0.1921875
0 0.2984375 0.3484375 0.025 0.028125
2 0.2359375 0.396875 0.071875 0.1390625
0 0.2203125 0.3453125 0.015625 0.015625
2 0.234375 0.41875 0.0546875 0.1578125
0 0.2359375 0.3578125 0.021875 0.025
2 0.1609375 0.509375 0.1421875 0.453125
0 0.1578125 0.3140625 0.0515625 0.059375
2 0.0484375 0.41875 0.0484375 0.1296875
0 0.053125 0.36875 0.0171875 0.0203125
2 0.0671875 0.4171875 0.071875 0.1546875
0 0.065625 0.3578125 0.021875 0.025
2 0.090625 0.41875 0.0421875 0.1265625
0 0.0890625 0.36875 0.0171875 0.0171875