0 0.0203125 0.43125 0.0390625 0.0828125
2 0.1140625 0.528125 0.1421875 0.3453125
0 0.0921875 0.3984375 0.046875 0.04375
2 0.1890625 0.5203125 0.1078125 0.2734375
0 0.175 0.421875 0.0359375 0.046875
2 0.3234375 0.4890625 0.096875 0.275
0 0.3125 0.3828125 0.040625 0.0390625
2 0.4359375 0.4703125 0.1015625 0.3046875
0 0.4359375 0.35 0.0421875 0.0515625
2 0.6703125 0.4 0.0390625 0.103125
0 0.671875 0.3625 0.0171875 0.0234375
2 0.7734375 0.4453125 0.0546875 0.1140625
0 0.7640625 0.4046875 0.0203125 0.0265625
2 0.8625 0.45625 0.0859375 0.1421875
0 0.846875 0.40625 0.0234375 0.03125
2 0.89375 0.4171875 0.0453125 0.1171875
0 0.890625 0.375 0.021875 0.021875
2 0.5640625 0.43125 0.0515625 0.1296875
0 0.5640625 0.3765625 0.0171875 0.01875
2 0.259375 0.6625 0.2125 0.3171875
0 0.265625 0.5421875 0.0515625 0.0703125
2 0.321875 0.571875 0.0984375 0.228125
0 0.321875 0.4890625 0.04375 0.0578125
2 0.390625 0.5859375 0.1359375 0.271875
0 0.3875 0.478125 0.04375 0.0484375
0 0.4015625 0.5390625 0.053125 0.0640625
2 0.4890625 0.5609375 0.103125 0.21875
0 0.49375 0.4859375 0.0375 0.040625
2 0.5609375 0.5046875 0.0921875 0.184375
0 0.559375 0.4375 0.0359375 0.05
0 0.5421875 0.5421875 0.053125 0.0640625
2 0.646875 0.503125 0.0875 0.2
0 0.6421875 0.4265625 0.034375 0.0390625
2 0.671875 0.578125 0.109375 0.2234375
0 0.6796875 0.4953125 0.040625 0.0515625
0 0.6484375 0.559375 0.059375 0.0859375
2 0.778125 0.7125 0.1234375 0.171875
0 0.7578125 0.659375 0.0453125 0.059375
0 0.95 0.44375 0.0375 0.04375
2 0.8546875 0.6359375 0.2296875 0.3453125
0 0.8671875 0.5 0.059375 0.0671875
2 0.790625 0.6 0.1234375 0.20625
0 0.75625 0.5265625 0.0453125 0.053125
2 0.7484375 0.528125 0.103125 0.2265625
0 0.75 0.4390625 0.0359375 0.0453125
2 0.834375 0.528125 0.0921875 0.2
0 0.821875 0.4578125 0.0453125 0.0578125
2 0.6859375 0.4265625 0.1234375 0.1859375
0 0.6953125 0.35625 0.0328125 0.0390625