0 0.009375 0.6203125 0.01875 0.0390625
2 0.146875 0.6453125 0.040625 0.121875
0 0.15 0.596875 0.01875 0.0203125
0 0.1640625 0.6265625 0.0359375 0.0359375
2 0.2015625 0.7140625 0.071875 0.2203125
0 0.2015625 0.6203125 0.034375 0.0328125
2 0.3671875 0.7046875 0.1078125 0.2078125
0 0.3703125 0.61875 0.0265625 0.0328125
2 0.3703125 0.7015625 0.0984375 0.1890625
0 0.36875 0.6203125 0.025 0.03125
2 0.5640625 0.6765625 0.0734375 0.1390625
0 0.571875 0.6203125 0.0171875 0.0171875
2 0.7921875 0.671875 0.0578125 0.1390625
0 0.7859375 0.615625 0.015625 0.021875
2 0.9265625 0.66875 0.065625 0.1640625
0 0.921875 0.6015625 0.025 0.0265625
2 0.925 0.6609375 0.05 0.146875
0 0.921875 0.603125 0.0203125 0.021875