0 0.590625 0.58125 0.04375 0.040625
0 0.546875 0.5921875 0.0359375 0.0359375
2 0.2921875 0.6375 0.028125 0.084375
0 0.290625 0.6015625 0.0078125 0.009375
2 0.2625 0.640625 0.0296875 0.0828125
0 0.26875 0.6078125 0.0171875 0.0140625
2 0.25625 0.6296875 0.021875 0.0734375
0 0.259375 0.5984375 0.009375 0.0109375
2 0.2421875 0.6328125 0.025 0.0703125
0 0.2390625 0.60625 0.0109375 0.0109375
2 0.228125 0.6375 0.0203125 0.0640625
0 0.228125 0.6109375 0.0078125 0.0078125
2 0.2125 0.646875 0.0265625 0.0640625
0 0.2140625 0.621875 0.009375 0.0078125
2 0.2171875 0.6375 0.021875 0.065625
0 0.2171875 0.6109375 0.0109375 0.0109375
2 0.1671875 0.653125 0.015625 0.046875
0 0.1671875 0.6359375 0.00625 0.00625
2 0.128125 0.6453125 0.0265625 0.0671875
0 0.1296875 0.628125 0.0078125 0.0078125
2 0.1296875 0.6296875 0.0296875 0.0703125
0 0.128125 0.6015625 0.0078125 0.0109375
2 0.14375 0.63125 0.025 0.0640625
0 0.1453125 0.60625 0.0109375 0.0078125
2 0.10625 0.640625 0.025 0.0734375
0 0.1078125 0.6109375 0.0109375 0.0125
2 0.0578125 0.6453125 0.03125 0.0734375
0 0.059375 0.615625 0.0125 0.009375
2 0.021875 0.6390625 0.0359375 0.0921875
0 0.025 0.6015625 0.0109375 0.0109375
2 0.19375 0.6234375 0.01875 0.05625
0 0.19375 0.6015625 0.009375 0.009375
2 0.71875 0.6484375 0.0734375 0.228125
0 0.703125 0.55625 0.0328125 0.0390625