2 0.034375 0.53125 0.0515625 0.1296875
0 0.040625 0.478125 0.015625 0.01875
2 0.0125 0.52265625 0.025 0.0765625
0 0.0125 0.49375 0.0140625 0.0140625
2 0.0890625 0.5234375 0.046875 0.1265625
0 0.090625 0.4703125 0.015625 0.0203125
2 0.1625 0.53125 0.034375 0.090625
0 0.1625 0.49375 0.0109375 0.0125
2 0.10625 0.53125 0.034375 0.09375
0 0.109375 0.4921875 0.0109375 0.0125
2 0.115625 0.528125 0.0296875 0.09375
0 0.1140625 0.4890625 0.0140625 0.015625
2 0.134375 0.53125 0.0203125 0.071875
0 0.134375 0.5 0.0109375 0.009375
2 0.184375 0.534375 0.028125 0.05625
0 0.1859375 0.515625 0.0078125 0.009375
2 0.20625 0.53125 0.025 0.08125
0 0.2078125 0.496875 0.0109375 0.0125
2 0.190625 0.53125 0.0171875 0.0640625
0 0.190625 0.50625 0.00625 0.009375
2 0.2203125 0.528125 0.01875 0.06875
0 0.2171875 0.5 0.0078125 0.0078125
2 0.2375 0.53125 0.0203125 0.0609375
0 0.234375 0.5046875 0.0078125 0.00625
2 0.25625 0.521875 0.0578125 0.1421875
0 0.259375 0.4625 0.0203125 0.0234375
2 0.29375 0.5265625 0.0625 0.1265625
0 0.3015625 0.4734375 0.015625 0.01875
2 0.278125 0.5296875 0.0171875 0.0609375
0 0.278125 0.50625 0.0078125 0.009375
2 0.3234375 0.5234375 0.028125 0.08125
0 0.3234375 0.4890625 0.009375 0.009375
2 0.3421875 0.53125 0.0234375 0.0640625
0 0.34375 0.5078125 0.0078125 0.009375
2 0.35625 0.5296875 0.01875 0.0578125
0 0.353125 0.50625 0.0078125 0.009375
2 0.3765625 0.53125 0.0171875 0.0484375
0 0.3765625 0.5109375 0.0046875 0.0078125
2 0.3875 0.5328125 0.0140625 0.0421875
0 0.3875 0.515625 0.0046875 0.00625
2 0.3671875 0.534375 0.009375 0.028125
0 0.36875 0.5234375 0.003125 0.0046875
2 0.4015625 0.5265625 0.0234375 0.065625
0 0.4 0.5 0.009375 0.009375
2 0.421875 0.5296875 0.01875 0.0515625
0 0.4234375 0.5078125 0.00625 0.00625
2 0.41875 0.521875 0.0140625 0.0328125
0 0.41875 0.509375 0.00625 0.00625
2 0.45 0.525 0.046875 0.1171875
0 0.4484375 0.475 0.0171875 0.0203125
2 0.4765625 0.51875 0.0453125 0.1125
0 0.46875 0.4734375 0.0125 0.015625
2 0.496875 0.525 0.034375 0.084375
0 0.5046875 0.4890625 0.009375 0.009375
2 0.515625 0.53125 0.021875 0.0875
0 0.5140625 0.496875 0.0078125 0.009375
2 0.5375 0.5265625 0.040625 0.0859375
0 0.5328125 0.4921875 0.009375 0.0109375
2 0.559375 0.53125 0.0125 0.0359375
0 0.559375 0.51875 0.0046875 0.0046875
2 0.571875 0.53125 0.0203125 0.0421875
0 0.5734375 0.5140625 0.00625 0.00625
2 0.59375 0.534375 0.025 0.075
0 0.596875 0.503125 0.009375 0.0109375
2 0.621875 0.534375 0.0765625 0.171875
0 0.6171875 0.465625 0.028125 0.028125
2 0.6609375 0.521875 0.0984375 0.2
0 0.6796875 0.4390625 0.03125 0.03125
2 0.65625 0.5171875 0.0828125 0.2109375
0 0.6421875 0.428125 0.028125 0.03125
2 0.6328125 0.5140625 0.0484375 0.196875
0 0.628125 0.43125 0.0203125 0.0296875
2 0.7296875 0.528125 0.0328125 0.1046875
0 0.728125 0.484375 0.015625 0.015625
2 0.715625 0.53125 0.0265625 0.08125
0 0.715625 0.5015625 0.009375 0.0109375
2 0.7609375 0.51875 0.059375 0.165625
0 0.765625 0.4484375 0.0203125 0.01875
2 0.7953125 0.5203125 0.05 0.1328125
0 0.79375 0.465625 0.0140625 0.0171875
2 0.8140625 0.51875 0.040625 0.11875
0 0.8109375 0.471875 0.0109375 0.015625
2 0.90625 0.5296875 0.065625 0.1140625
0 0.9078125 0.4828125 0.0171875 0.01875
2 0.915625 0.534375 0.04375 0.09375
0 0.9140625 0.496875 0.0125 0.015625
2 0.9640625 0.53125 0.0203125 0.0796875
0 0.9671875 0.5015625 0.0125 0.0125
2 0.9734375 0.534375 0.025 0.08125
0 0.9765625 0.503125 0.0109375 0.0140625
0 0.99375 0.496875 0.0125 0.0140625