2 0.078125 0.55625 0.14375 0.3921875
0 0.0875 0.3921875 0.0546875 0.05625
2 0.184375 0.5609375 0.1140625 0.35625
0 0.1828125 0.4109375 0.0453125 0.0515625
2 0.2609375 0.546875 0.103125 0.3453125
0 0.2625 0.3984375 0.0421875 0.0453125
2 0.2859375 0.6296875 0.1171875 0.3390625
0 0.2984375 0.4921875 0.0453125 0.0578125
2 0.3359375 0.5359375 0.0859375 0.346875
0 0.3375 0.3890625 0.0390625 0.046875
2 0.3953125 0.540625 0.0921875 0.3421875
0 0.3953125 0.39375 0.0375 0.04375
2 0.3859375 0.6265625 0.1015625 0.3359375
0 0.390625 0.4875 0.0453125 0.05625
2 0.440625 0.5375 0.071875 0.3390625
0 0.446875 0.39375 0.034375 0.040625
2 0.5140625 0.5109375 0.096875 0.303125
0 0.5125 0.3859375 0.0359375 0.04375
2 0.471875 0.634375 0.0921875 0.3234375
0 0.4734375 0.5015625 0.0421875 0.053125
2 0.54375 0.64375 0.0921875 0.3171875
0 0.5484375 0.5125 0.040625 0.0515625
2 0.5828125 0.54375 0.06875 0.334375
0 0.584375 0.4 0.0359375 0.04375
2 0.628125 0.6390625 0.1046875 0.35
0 0.6265625 0.49375 0.0421875 0.0546875
2 0.6390625 0.54375 0.08125 0.3359375
0 0.634375 0.4 0.034375 0.04375
2 0.7109375 0.54375 0.0828125 0.3453125
0 0.7109375 0.3984375 0.0359375 0.0484375
2 0.725 0.6375 0.1015625 0.3421875
0 0.7265625 0.4953125 0.04375 0.0546875
2 0.809375 0.5484375 0.1171875 0.3609375
0 0.8046875 0.396875 0.0453125 0.0546875
2 0.903125 0.5625 0.13125 0.3984375
0 0.89375 0.3921875 0.046875 0.0546875