0 0.7328125 0.5359375 0.046875 0.0421875
2 0.5171875 0.6328125 0.15 0.278125
0 0.5171875 0.528125 0.040625 0.046875
2 0.44375 0.6328125 0.21875 0.3796875
0 0.403125 0.53125 0.0625 0.0578125
2 0.240625 0.5890625 0.1296875 0.1890625
0 0.2546875 0.51875 0.034375 0.0421875
2 0.178125 0.615625 0.1890625 0.2390625
0 0.146875 0.5234375 0.0421875 0.0484375
0 0.1484375 0.521875 0.0390625 0.0453125
2 0.2515625 0.4953125 0.0515625 0.109375
0 0.259375 0.45 0.0125 0.015625
2 0.3578125 0.5296875 0.0734375 0.0921875
0 0.375 0.4953125 0.015625 0.015625
2 0.425 0.5734375 0.0609375 0.1578125
0 0.4234375 0.515625 0.0234375 0.0296875
2 0.49375 0.55 0.071875 0.1390625
0 0.4984375 0.5 0.021875 0.025
2 0.5546875 0.603125 0.0984375 0.2046875
0 0.559375 0.5203125 0.0296875 0.0375
2 0.684375 0.51875 0.0375 0.0953125
0 0.6890625 0.48125 0.0109375 0.0125
2 0.7546875 0.5890625 0.0953125 0.1421875
0 0.7578125 0.5359375 0.021875 0.028125
2 0.7671875 0.5265625 0.03125 0.0546875
0 0.765625 0.50625 0.0078125 0.0109375
2 0.7953125 0.5140625 0.0359375 0.053125
0 0.790625 0.496875 0.009375 0.0109375
2 0.9234375 0.5484375 0.0578125 0.075
0 0.925 0.5203125 0.0125 0.015625
2 0.9796875 0.5203125 0.0296875 0.0625
0 0.978125 0.5 0.0125 0.0125
2 0.9453125 0.5484375 0.0484375 0.075
0 0.953125 0.5203125 0.0140625 0.0140625