2 0.8375 0.696875 0.0453125 0.1390625
0 0.8390625 0.6421875 0.0171875 0.01875
0 0.9796875 0.63125 0.040625 0.0921875
0 0.7484375 0.6515625 0.0375 0.0375
0 0.7953125 0.659375 0.0375 0.0390625
2 0.7078125 0.684375 0.0203125 0.0875
0 0.7078125 0.6484375 0.009375 0.0109375
2 0.6671875 0.690625 0.028125 0.1109375
0 0.6625 0.64375 0.0140625 0.015625
2 0.6390625 0.6796875 0.034375 0.09375
0 0.6390625 0.6453125 0.0109375 0.0125
0 0.571875 0.6640625 0.03125 0.0375
0 0.4375 0.640625 0.0375 0.0421875
2 0.5109375 0.69375 0.0453125 0.0921875
0 0.5109375 0.65625 0.0125 0.0140625
2 0.1640625 0.6578125 0.01875 0.0375
0 0.1640625 0.64375 0.00625 0.0078125
2 0.0078125 0.684375 0.0140625 0.084375
0 0.0046875 0.65234375 0.009375 0.0140625
2 0.6296875 0.6546875 0.009375 0.025
0 0.63125 0.6453125 0.003125 0.003125
2 0.61875 0.665625 0.015625 0.0453125
0 0.61875 0.6484375 0.00625 0.0078125
2 0.675 0.6765625 0.034375 0.084375
0 0.6703125 0.6390625 0.009375 0.0125
2 0.684375 0.6609375 0.015625 0.0578125
0 0.684375 0.6390625 0.0078125 0.0109375
2 0.7140625 0.684375 0.0359375 0.0921875
0 0.70625 0.646875 0.015625 0.0140625
2 0.65 0.6609375 0.0125 0.046875
0 0.65 0.6421875 0.00625 0.00625
2 0.6453125 0.6609375 0.009375 0.05
0 0.646875 0.640625 0.00625 0.00625