2 0.0796875 0.6046875 0.146875 0.1921875
0 0.0671875 0.5375 0.040625 0.0484375
2 0.228125 0.578125 0.15625 0.178125
0 0.215625 0.5140625 0.0359375 0.0453125
2 0.384375 0.5578125 0.1 0.15625
0 0.3671875 0.503125 0.03125 0.0390625
2 0.490625 0.5390625 0.11875 0.1453125
0 0.484375 0.4890625 0.0359375 0.040625
2 0.603125 0.534375 0.0984375 0.1328125
0 0.596875 0.4890625 0.028125 0.034375
2 0.7078125 0.5203125 0.084375 0.1203125
0 0.6984375 0.478125 0.028125 0.0296875
2 0.790625 0.503125 0.0796875 0.109375
0 0.7890625 0.4671875 0.0234375 0.025
2 0.8484375 0.484375 0.084375 0.1046875
0 0.8625 0.446875 0.021875 0.028125
2 0.0421875 0.4765625 0.084375 0.3015625
0 0.05625 0.3453125 0.0390625 0.034375
2 0.0484375 0.4609375 0.059375 0.278125
0 0.0546875 0.346875 0.0390625 0.0328125
2 0.1046875 0.446875 0.0640625 0.2703125
0 0.10625 0.334375 0.034375 0.034375
2 0.1328125 0.43125 0.059375 0.215625
0 0.1390625 0.3421875 0.0328125 0.0296875
2 0.178125 0.459375 0.0828125 0.2625
0 0.178125 0.3515625 0.034375 0.034375
2 0.234375 0.428125 0.0765625 0.209375
0 0.23125 0.3484375 0.0265625 0.03125
2 0.2609375 0.415625 0.0578125 0.184375
0 0.259375 0.3421875 0.0234375 0.028125
2 0.296875 0.4328125 0.0921875 0.234375
0 0.3 0.334375 0.0265625 0.0328125
2 0.33125 0.415625 0.059375 0.178125
0 0.328125 0.34375 0.0203125 0.0265625
2 0.3671875 0.421875 0.0546875 0.1734375
0 0.36875 0.3515625 0.0234375 0.0265625
2 0.409375 0.440625 0.0703125 0.2359375
0 0.403125 0.340625 0.028125 0.0328125
2 0.4515625 0.409375 0.0453125 0.140625
0 0.4515625 0.3515625 0.01875 0.0234375
2 0.484375 0.3984375 0.0453125 0.1515625
0 0.4859375 0.3375 0.01875 0.01875
2 0.4890625 0.4546875 0.05625 0.228125
0 0.5 0.3625 0.03125 0.03125
2 0.5125 0.4125 0.0359375 0.146875
0 0.5125 0.3546875 0.01875 0.0234375
2 0.534375 0.425 0.059375 0.184375
0 0.5375 0.353125 0.0203125 0.028125
2 0.5703125 0.446875 0.0984375 0.2296875
0 0.5671875 0.35 0.025 0.025
2 0.6375 0.45 0.10625 0.2109375
0 0.6390625 0.36875 0.0265625 0.028125
2 0.6875 0.4375 0.071875 0.1703125
0 0.6953125 0.36875 0.021875 0.0265625
2 0.7375 0.4890625 0.1234375 0.1265625
0 0.7859375 0.4625 0.0296875 0.0265625
2 0.7328125 0.428125 0.05625 0.171875
0 0.73125 0.359375 0.0203125 0.0265625
2 0.825 0.453125 0.09375 0.134375
0 0.85 0.40625 0.0234375 0.025
2 0.75625 0.35 0.0234375 0.0734375
0 0.7546875 0.321875 0.009375 0.0125
2 0.7765625 0.353125 0.0328125 0.071875
0 0.778125 0.328125 0.009375 0.009375
2 0.803125 0.353125 0.0421875 0.075
0 0.8125 0.325 0.0140625 0.0140625
2 0.8375 0.346875 0.03125 0.1
0 0.8375 0.31875 0.0109375 0.015625
2 0.8578125 0.35625 0.0375 0.0859375
0 0.859375 0.325 0.0125 0.015625
2 0.9703125 0.3578125 0.0375 0.1
0 0.9734375 0.315625 0.0140625 0.015625
2 0.8984375 0.446875 0.0875 0.2
0 0.903125 0.3625 0.01875 0.021875
2 0.9109375 0.4625 0.078125 0.2015625
0 0.90625 0.38125 0.021875 0.028125
2 0.90625 0.49375 0.128125 0.2640625
0 0.928125 0.3890625 0.0328125 0.034375
0 0.971875 0.3765625 0.034375 0.0359375