2 0.4578125 0.65625 0.7171875 0.2453125
0 0.2390625 0.6109375 0.06875 0.084375
2 0.084375 0.615625 0.165625 0.240625
0 0.078125 0.5328125 0.0515625 0.0671875
2 0.278125 0.609375 0.1140625 0.221875
0 0.2796875 0.5421875 0.05 0.0640625
2 0.4203125 0.4546875 0.1421875 0.4578125
0 0.4078125 0.2703125 0.053125 0.065625
2 0.3625 0.53125 0.1359375 0.2734375
0 0.3453125 0.434375 0.0453125 0.053125
2 0.303125 0.4328125 0.1265625 0.3796875
0 0.3015625 0.271875 0.0421875 0.05
2 0.0796875 0.4421875 0.125 0.34375
0 0.09375 0.321875 0.0328125 0.0296875
2 0.609375 0.4796875 0.121875 0.33125
0 0.61875 0.3453125 0.04375 0.0546875
2 0.746875 0.4671875 0.10625 0.371875
0 0.7484375 0.3125 0.0421875 0.0515625
2 0.859375 0.4640625 0.121875 0.3875
0 0.8546875 0.3078125 0.040625 0.0515625
2 0.9296875 0.3875 0.09375 0.2640625
0 0.93125 0.2890625 0.0296875 0.0453125
2 0.7453125 0.39375 0.1109375 0.3640625
0 0.7515625 0.246875 0.0375 0.0453125
2 0.5859375 0.43125 0.096875 0.284375
0 0.58125 0.315625 0.034375 0.046875
2 0.5046875 0.4375 0.0796875 0.2125
0 0.50625 0.3609375 0.0296875 0.040625
2 0.4375 0.4328125 0.1296875 0.4203125
0 0.40625 0.2734375 0.0453125 0.059375