0 0.1484375 0.3859375 0.15625 0.1890625
0 0.3671875 0.2609375 0.1203125 0.14375
0 0.41875 0.3140625 0.0921875 0.0984375
0 0.540625 0.315625 0.0671875 0.0859375
2 0.584375 0.5078125 0.1578125 0.4890625
0 0.58125 0.3078125 0.0515625 0.0734375
2 0.6453125 0.5 0.1546875 0.4125
0 0.640625 0.3265625 0.046875 0.0609375
0 0.7046875 0.3125 0.0859375 0.10625
2 0.865625 0.58125 0.1765625 0.5234375
0 0.8484375 0.3625 0.0828125 0.08125
2 0.7625 0.43125 0.0890625 0.2515625
0 0.753125 0.325 0.0234375 0.034375
2 0.821875 0.4078125 0.0828125 0.2328125
0 0.8265625 0.309375 0.0234375 0.0296875
0 0.965625 0.2921875 0.0546875 0.075