2 0.1984375 0.5296875 0.04375 0.1046875
0 0.2046875 0.4859375 0.0140625 0.015625
2 0.2421875 0.5203125 0.05 0.1265625
0 0.2375 0.46875 0.0171875 0.01875
2 0.2890625 0.5265625 0.04375 0.1109375
0 0.2890625 0.4828125 0.0140625 0.0171875
2 0.33125 0.5234375 0.040625 0.128125
0 0.3296875 0.46875 0.0140625 0.0171875
2 0.403125 0.5390625 0.053125 0.128125
0 0.4046875 0.4859375 0.01875 0.01875
2 0.4265625 0.5296875 0.0328125 0.1078125
0 0.4265625 0.4859375 0.0140625 0.0171875
2 0.51875 0.5265625 0.0421875 0.103125
0 0.528125 0.4890625 0.0171875 0.0171875
2 0.5421875 0.54375 0.053125 0.1578125
0 0.546875 0.478125 0.0171875 0.0234375
2 0.5890625 0.55625 0.040625 0.090625
0 0.59375 0.521875 0.0125 0.0171875
2 0.6234375 0.5375 0.0359375 0.115625
0 0.6234375 0.490625 0.0140625 0.0171875
2 0.7953125 0.5515625 0.0515625 0.1515625
0 0.79375 0.490625 0.0171875 0.0203125
2 0.7828125 0.5546875 0.0734375 0.1625
0 0.7953125 0.4890625 0.0203125 0.0234375
2 0.8015625 0.5578125 0.0765625 0.2046875
0 0.8078125 0.4765625 0.028125 0.0296875
2 0.9171875 0.5734375 0.06875 0.23125
0 0.91875 0.475 0.0296875 0.028125
2 0.090625 0.640625 0.1796875 0.2484375
0 0.04375 0.5421875 0.0640625 0.0484375
2 0.25625 0.5921875 0.1296875 0.2515625
0 0.2703125 0.490625 0.0375 0.04375
2 0.3171875 0.603125 0.0953125 0.1484375
0 0.2921875 0.5453125 0.03125 0.0265625
2 0.4328125 0.6609375 0.153125 0.246875
0 0.4078125 0.56875 0.0453125 0.053125
2 0.4609375 0.634375 0.13125 0.19375
0 0.4328125 0.559375 0.034375 0.0390625
2 0.5125 0.58125 0.090625 0.1359375
0 0.4984375 0.5296875 0.025 0.025
2 0.6640625 0.5796875 0.096875 0.14375
0 0.6359375 0.5234375 0.025 0.025
2 0.7078125 0.5625 0.08125 0.115625
0 0.6984375 0.515625 0.0203125 0.0203125
2 0.69375 0.6671875 0.18125 0.246875
0 0.7125 0.5734375 0.04375 0.0484375
2 0.8375 0.6421875 0.165625 0.225
0 0.840625 0.5578125 0.0421875 0.04375