0 0.7578125 0.4453125 0.0828125 0.075
2 0.4609375 0.66875 0.175 0.5296875
0 0.4453125 0.4484375 0.059375 0.0765625
2 0.2875 0.665625 0.1765625 0.540625
0 0.2875 0.4375 0.06875 0.0859375
2 0.221875 0.546875 0.25625 0.4765625
0 0.1921875 0.359375 0.0703125 0.0875
2 0.434375 0.4828125 0.1125 0.4296875
0 0.4296875 0.3078125 0.0578125 0.0703125
2 0.5515625 0.5921875 0.178125 0.5515625
0 0.540625 0.359375 0.0546875 0.08125
2 0.7125 0.58125 0.171875 0.525
0 0.6890625 0.359375 0.059375 0.0765625
2 0.5953125 0.4609375 0.15625 0.4765625
0 0.5953125 0.2625 0.053125 0.06875
2 0.7046875 0.46875 0.1203125 0.4734375
0 0.7015625 0.278125 0.0609375 0.06875
2 0.3921875 0.484375 0.1140625 0.3578125
0 0.39375 0.3328125 0.034375 0.0390625