2 0.278125 0.621875 0.096875 0.3125
0 0.2859375 0.4890625 0.0375 0.04375
2 0.3375 0.621875 0.0640625 0.2796875
0 0.3390625 0.5046875 0.0328125 0.04375
2 0.4140625 0.609375 0.1296875 0.3078125
0 0.4046875 0.4796875 0.0359375 0.0453125
2 0.4453125 0.6140625 0.084375 0.3125
0 0.45 0.4875 0.034375 0.0390625
0 0.5078125 0.496875 0.0359375 0.04375
2 0.5796875 0.6125 0.0953125 0.3328125
0 0.571875 0.4703125 0.0375 0.0453125
0 0.659375 0.4578125 0.046875 0.0578125
0 0.728125 0.478125 0.0421875 0.053125
0 0.8 0.471875 0.04375 0.0484375
0 0.8484375 0.434375 0.05 0.065625