2 0.0390625 0.575 0.071875 0.234375
0 0.0375 0.475 0.028125 0.03125
2 0.0984375 0.5734375 0.090625 0.2421875
0 0.1046875 0.471875 0.03125 0.0359375
2 0.1640625 0.565625 0.0765625 0.24375
0 0.1671875 0.4625 0.028125 0.03125
2 0.2296875 0.5640625 0.06875 0.246875
0 0.2296875 0.4609375 0.0265625 0.0328125
2 0.3 0.5625 0.04375 0.215625
0 0.2984375 0.4703125 0.025 0.0296875
2 0.3390625 0.5703125 0.0625 0.221875
0 0.340625 0.475 0.021875 0.0296875
2 0.3546875 0.55 0.0703125 0.23125
0 0.3546875 0.453125 0.0265625 0.034375
2 0.40625 0.55625 0.0625 0.2203125
0 0.4078125 0.4640625 0.0234375 0.03125
2 0.459375 0.5546875 0.0671875 0.20625
0 0.4578125 0.46875 0.0265625 0.0296875
2 0.484375 0.5734375 0.065625 0.209375
0 0.4828125 0.484375 0.0234375 0.0296875
2 0.5125 0.5546875 0.053125 0.2015625
0 0.5140625 0.471875 0.0234375 0.028125
2 0.540625 0.5765625 0.059375 0.190625
0 0.540625 0.4953125 0.021875 0.028125
2 0.5953125 0.5765625 0.065625 0.203125
0 0.5984375 0.4921875 0.0265625 0.03125
2 0.6453125 0.5640625 0.05 0.2125
0 0.6453125 0.475 0.0203125 0.028125
2 0.646875 0.55625 0.0609375 0.2140625
0 0.6375 0.465625 0.0234375 0.028125
2 0.7 0.56875 0.0640625 0.215625
0 0.7015625 0.4765625 0.0265625 0.03125
2 0.728125 0.5609375 0.04375 0.1875
0 0.7296875 0.4796875 0.0203125 0.025
2 0.7765625 0.5640625 0.071875 0.2109375
0 0.778125 0.4765625 0.0234375 0.03125
2 0.8171875 0.5671875 0.053125 0.209375
0 0.81875 0.478125 0.021875 0.028125
2 0.875 0.575 0.05625 0.196875
0 0.878125 0.49375 0.0265625 0.0296875
2 0.928125 0.5765625 0.06875 0.20625
0 0.925 0.4921875 0.028125 0.03125
2 0.9640625 0.56875 0.053125 0.2
0 0.9640625 0.484375 0.025 0.0296875
2 0.965625 0.5359375 0.0421875 0.19375
0 0.9734375 0.4515625 0.0234375 0.025
2 0.9625 0.5265625 0.0453125 0.190625
0 0.96875 0.44375 0.0203125 0.0234375
2 0.9390625 0.5390625 0.0453125 0.18125
0 0.9390625 0.4640625 0.025 0.0265625
2 0.9328125 0.53125 0.04375 0.1890625
0 0.93125 0.4515625 0.021875 0.025
2 0.90625 0.559375 0.046875 0.196875
0 0.90625 0.4765625 0.0234375 0.025
2 0.90625 0.5421875 0.040625 0.19375
0 0.9078125 0.45625 0.021875 0.025
2 0.9109375 0.5140625 0.0453125 0.1828125
0 0.915625 0.4359375 0.021875 0.0234375
2 0.896875 0.49375 0.0484375 0.15625
0 0.896875 0.4296875 0.01875 0.021875
2 0.8734375 0.5515625 0.059375 0.20625
0 0.875 0.4671875 0.0234375 0.0296875
2 0.85625 0.54375 0.0453125 0.1953125
0 0.8546875 0.4625 0.021875 0.0265625
2 0.84375 0.53125 0.0390625 0.171875
0 0.840625 0.4578125 0.01875 0.021875
2 0.8203125 0.546875 0.0765625 0.221875
0 0.8203125 0.45 0.025 0.028125
2 0.8015625 0.5375 0.053125 0.2
0 0.8 0.453125 0.0234375 0.0296875
2 0.778125 0.5359375 0.0390625 0.1953125
0 0.778125 0.4515625 0.01875 0.025
2 0.765625 0.5390625 0.05 0.2046875
0 0.7625 0.4515625 0.021875 0.0265625
2 0.7453125 0.55 0.05 0.196875
0 0.7484375 0.4640625 0.025 0.0265625
2 0.734375 0.5328125 0.0390625 0.1859375
0 0.7359375 0.4515625 0.01875 0.021875
2 0.71875 0.5421875 0.040625 0.175
0 0.7203125 0.465625 0.0171875 0.021875
2 0.721875 0.521875 0.0359375 0.16875
0 0.7203125 0.4484375 0.01875 0.01875
2 0.69375 0.5203125 0.034375 0.159375
0 0.69375 0.4546875 0.0171875 0.0234375
2 0.675 0.5484375 0.053125 0.1765625
0 0.6828125 0.471875 0.021875 0.025
2 0.6703125 0.5453125 0.0375 0.184375
0 0.6671875 0.46875 0.0203125 0.025
2 0.65625 0.53125 0.028125 0.1828125
0 0.6578125 0.453125 0.01875 0.021875
2 0.625 0.540625 0.03125 0.1765625
0 0.6234375 0.4640625 0.0171875 0.025
2 0.5984375 0.55 0.065625 0.20625
0 0.6 0.4640625 0.025 0.028125
2 0.5796875 0.534375 0.0484375 0.175
0 0.578125 0.459375 0.0203125 0.025
2 0.5390625 0.5375 0.059375 0.2078125
0 0.5421875 0.4484375 0.0234375 0.028125
2 0.41875 0.5390625 0.0625 0.2
0 0.428125 0.4546875 0.0203125 0.025
2 0.2515625 0.5375 0.0640625 0.190625
0 0.25 0.45625 0.021875 0.0265625
2 0.26875 0.525 0.0515625 0.1875
0 0.2671875 0.4453125 0.01875 0.025
2 0.2125 0.53125 0.04375 0.196875
0 0.2109375 0.446875 0.021875 0.025
2 0.19375 0.5515625 0.05 0.1953125
0 0.1890625 0.4671875 0.025 0.025
2 0.0921875 0.540625 0.0546875 0.2109375
0 0.0921875 0.45 0.021875 0.0265625
2 0.0359375 0.5421875 0.06875 0.24375
0 0.03125 0.4421875 0.028125 0.03125
2 0.015625 0.5453125 0.03125 0.23125
0 0.0078125 0.4453125 0.015625 0.028125
2 0.053125 0.5296875 0.0421875 0.196875
0 0.0515625 0.4484375 0.021875 0.0265625
2 0.065625 0.5203125 0.03125 0.146875
0 0.0671875 0.4609375 0.021875 0.025
2 0.0984375 0.484375 0.0515625 0.1546875
0 0.096875 0.4203125 0.0203125 0.021875
2 0.1421875 0.4609375 0.04375 0.13125
0 0.140625 0.4078125 0.0203125 0.021875
2 0.165625 0.4640625 0.0359375 0.1203125
0 0.165625 0.415625 0.01875 0.021875
2 0.1265625 0.5296875 0.046875 0.1984375
0 0.121875 0.4484375 0.025 0.028125
2 0.190625 0.5140625 0.034375 0.175
0 0.190625 0.4390625 0.01875 0.021875
2 0.48125 0.4984375 0.0375 0.16875
0 0.4796875 0.4296875 0.0171875 0.021875
2 0.4609375 0.4578125 0.03125 0.109375
0 0.4609375 0.4140625 0.015625 0.01875
2 0.7671875 0.4640625 0.04375 0.1109375
0 0.76875 0.41875 0.0171875 0.0203125
2 0.5765625 0.5671875 0.0515625 0.19375
0 0.56875 0.4828125 0.0234375 0.025
2 0.3 0.5375 0.059375 0.1953125
0 0.303125 0.4546875 0.0203125 0.025
2 0.3109375 0.5515625 0.034375 0.1984375
0 0.315625 0.465625 0.01875 0.025
2 0.446875 0.53125 0.0359375 0.1828125
0 0.4453125 0.453125 0.0203125 0.025
2 0.2109375 0.4875 0.0359375 0.1796875
0 0.215625 0.409375 0.01875 0.0203125