0 0.1421875 0.43125 0.046875 0.059375
2 0.2734375 0.603125 0.1171875 0.3625
0 0.275 0.453125 0.04375 0.0515625
2 0.325 0.5609375 0.1125 0.353125
0 0.31875 0.41875 0.0390625 0.053125
2 0.378125 0.596875 0.13125 0.3796875
0 0.375 0.4390625 0.046875 0.05
2 0.4515625 0.575 0.1125 0.3796875
0 0.453125 0.4140625 0.04375 0.05625
2 0.5484375 0.596875 0.1296875 0.3484375
0 0.5546875 0.4515625 0.040625 0.0515625
2 0.615625 0.5828125 0.253125 0.3625
0 0.625 0.4328125 0.0375 0.0484375
2 0.7046875 0.5890625 0.109375 0.3578125
0 0.703125 0.4453125 0.040625 0.0484375
2 0.7859375 0.5984375 0.103125 0.3484375
0 0.7828125 0.453125 0.0390625 0.0515625
2 0.8875 0.596875 0.128125 0.3390625
0 0.884375 0.459375 0.04375 0.059375
2 0.9171875 0.584375 0.1046875 0.3546875
0 0.915625 0.4375 0.04375 0.0546875
0 0.89375 0.5859375 0.046875 0.059375
2 0.753125 0.6703125 0.1109375 0.23125
0 0.74375 0.58125 0.040625 0.053125
0 0.6609375 0.559375 0.0390625 0.0515625
2 0.58125 0.665625 0.10625 0.2515625
0 0.58125 0.5671875 0.0359375 0.053125
0 0.5078125 0.565625 0.0390625 0.0515625
0 0.428125 0.6078125 0.0421875 0.05625
0 0.35625 0.584375 0.0421875 0.053125
0 0.2625 0.621875 0.0484375 0.0640625
0 0.1328125 0.615625 0.0453125 0.0671875