0 0.553125 0.665625 0.0171875 0.0234375
0 0.56875 0.675 0.015625 0.021875
0 0.440625 0.728125 0.0375 0.0453125
0 0.3984375 0.7421875 0.034375 0.040625
2 0.440625 0.7125 0.0421875 0.1
0 0.4390625 0.6734375 0.015625 0.0203125
0 0.3703125 0.6765625 0.0171875 0.0203125
2 0.3328125 0.703125 0.0328125 0.1140625
0 0.3296875 0.6578125 0.0140625 0.015625
0 0.1640625 0.6796875 0.021875 0.0234375
2 0.1671875 0.7015625 0.0359375 0.096875
0 0.16875 0.6625 0.0125 0.015625
2 0.0734375 0.7015625 0.0375 0.1046875
0 0.075 0.6578125 0.0125 0.0140625
2 0.0078125 0.7 0.015625 0.10625
0 0.003125 0.6546875 0.00625 0.0125
0 0.9625 0.709375 0.0328125 0.0375
0 0.975 0.71875 0.01875 0.0296875