2 0.0484375 0.5234375 0.025 0.0640625
0 0.05 0.496875 0.0078125 0.0078125
2 0.121875 0.53125 0.0234375 0.06875
0 0.121875 0.503125 0.009375 0.0109375
2 0.13125 0.521875 0.01875 0.05
0 0.13125 0.503125 0.0078125 0.0078125
2 0.184375 0.525 0.0203125 0.075
0 0.184375 0.49375 0.0078125 0.009375
2 0.2375 0.521875 0.021875 0.0703125
0 0.234375 0.49375 0.0109375 0.0109375
2 0.2203125 0.5265625 0.0265625 0.05625
0 0.225 0.503125 0.009375 0.0078125
0 0.3765625 0.440625 0.0515625 0.0390625
2 0.4265625 0.571875 0.0890625 0.3921875
0 0.4140625 0.453125 0.0375 0.028125
2 0.4328125 0.609375 0.084375 0.26875
0 0.4359375 0.4921875 0.0171875 0.0203125
2 0.4375 0.5890625 0.0515625 0.165625
0 0.4375 0.4953125 0.0171875 0.015625
2 0.5375 0.565625 0.0828125 0.3015625
0 0.55 0.48125 0.025 0.03125
2 0.6140625 0.546875 0.0796875 0.175
0 0.6109375 0.4734375 0.021875 0.021875
0 0.71875 0.440625 0.0484375 0.0546875
2 0.5953125 0.553125 0.13125 0.3265625
0 0.60625 0.465625 0.021875 0.0265625