2 0.9609375 0.653125 0.01875 0.059375
0 0.9578125 0.63125 0.0078125 0.0078125
2 0.91875 0.640625 0.028125 0.078125
0 0.9140625 0.6078125 0.009375 0.009375
2 0.896875 0.63125 0.034375 0.103125
0 0.9015625 0.58125 0.01875 0.01875
2 0.946875 0.6390625 0.028125 0.0828125
0 0.946875 0.60625 0.0109375 0.0140625
2 0.775 0.6046875 0.046875 0.175
0 0.778125 0.534375 0.01875 0.01875
2 0.8390625 0.590625 0.2015625 0.346875
0 0.771875 0.459375 0.0484375 0.0578125
2 0.8015625 0.5734375 0.1609375 0.3578125
0 0.75625 0.425 0.0453125 0.0546875
2 0.7171875 0.5984375 0.1359375 0.3171875
0 0.68125 0.471875 0.05 0.05625
2 0.71875 0.56875 0.1 0.34375
0 0.6984375 0.4234375 0.0390625 0.046875
2 0.6140625 0.6203125 0.1375 0.2671875
0 0.621875 0.5171875 0.05 0.0578125
2 0.625 0.5625 0.1625 0.35625
0 0.6515625 0.4125 0.040625 0.04375
2 0.5890625 0.5578125 0.0921875 0.3421875
0 0.5859375 0.4171875 0.034375 0.0453125
2 0.5171875 0.6203125 0.0984375 0.2640625
0 0.50625 0.5171875 0.0390625 0.0515625
2 0.4265625 0.621875 0.14375 0.265625
0 0.425 0.525 0.046875 0.0578125
2 0.3140625 0.621875 0.140625 0.278125
0 0.3140625 0.515625 0.05 0.065625
2 0.5140625 0.5640625 0.0953125 0.3359375
0 0.5109375 0.425 0.034375 0.04375
2 0.4546875 0.58125 0.065625 0.3140625
0 0.46875 0.4484375 0.0328125 0.040625
2 0.421875 0.5859375 0.103125 0.3109375
0 0.4421875 0.45625 0.0375 0.05
2 0.378125 0.5609375 0.1015625 0.3546875
0 0.378125 0.4140625 0.040625 0.0515625
2 0.303125 0.578125 0.14375 0.340625
0 0.3421875 0.4375 0.0453125 0.0515625
2 0.2265625 0.5640625 0.1734375 0.3828125
0 0.284375 0.40625 0.0390625 0.059375
2 0.1703125 0.58125 0.1984375 0.38125
0 0.2421875 0.425 0.0515625 0.059375
2 0.0953125 0.615625 0.04375 0.10625
0 0.0984375 0.571875 0.0125 0.015625
2 0.071875 0.6203125 0.034375 0.0796875
0 0.08125 0.590625 0.0125 0.0140625
2 0.0203125 0.6203125 0.0359375 0.0828125
0 0.0234375 0.5859375 0.0109375 0.0125
2 0.0078125 0.621875 0.015625 0.075
0 0.0078125 0.621875 0.0140625 0.075