2 0.253125 0.3984375 0.028125 0.059375
0 0.2546875 0.378125 0.009375 0.0125
2 0.29375 0.4015625 0.028125 0.065625
0 0.29375 0.3765625 0.009375 0.0125
2 0.315625 0.4078125 0.025 0.078125
0 0.3171875 0.378125 0.009375 0.009375
2 0.3390625 0.409375 0.028125 0.071875
0 0.3390625 0.38125 0.0109375 0.009375
2 0.3671875 0.409375 0.0390625 0.071875
0 0.36875 0.3828125 0.009375 0.0125
2 0.3921875 0.4078125 0.0359375 0.0921875
0 0.3921875 0.3703125 0.009375 0.015625
2 0.4140625 0.40625 0.03125 0.084375
0 0.4140625 0.3734375 0.009375 0.0125
2 0.628125 0.421875 0.0546875 0.128125
0 0.625 0.378125 0.0171875 0.021875
2 0.43125 0.4546875 0.0578125 0.121875
0 0.4328125 0.409375 0.01875 0.0234375
2 0.459375 0.5046875 0.084375 0.221875
0 0.459375 0.4234375 0.028125 0.034375
2 0.4875 0.478125 0.06875 0.165625
0 0.4875 0.4125 0.0234375 0.0296875
2 0.53125 0.4984375 0.0671875 0.190625
0 0.5234375 0.4203125 0.0203125 0.0265625
2 0.5625 0.4875 0.071875 0.165625
0 0.565625 0.425 0.0234375 0.0328125
2 0.5765625 0.5421875 0.1 0.23125
0 0.58125 0.4578125 0.028125 0.0375
2 0.6125 0.4875 0.059375 0.1796875
0 0.6109375 0.4171875 0.021875 0.028125
2 0.64375 0.4953125 0.065625 0.1734375
0 0.64375 0.425 0.0234375 0.025
2 0.6921875 0.509375 0.0828125 0.2109375
0 0.690625 0.4234375 0.025 0.0359375
2 0.678125 0.546875 0.103125 0.2484375
0 0.675 0.4515625 0.0296875 0.034375
2 0.65625 0.5875 0.0828125 0.2578125
0 0.6609375 0.496875 0.028125 0.0375
2 0.753125 0.478125 0.05625 0.134375
0 0.75 0.425 0.0203125 0.0265625
2 0.809375 0.4859375 0.078125 0.184375
0 0.809375 0.4125 0.0265625 0.028125
2 0.8 0.5296875 0.0796875 0.2046875
0 0.79375 0.4453125 0.0265625 0.028125
2 0.746875 0.5703125 0.103125 0.2890625
0 0.7421875 0.4671875 0.028125 0.040625
2 0.575 0.5765625 0.096875 0.2875
0 0.58125 0.4703125 0.03125 0.034375
2 0.4890625 0.565625 0.121875 0.2984375
0 0.478125 0.45 0.0328125 0.046875
2 0.434375 0.6296875 0.1703125 0.346875
0 0.4328125 0.4890625 0.0453125 0.0578125
2 0.36875 0.5234375 0.0875 0.1984375
0 0.371875 0.4421875 0.0296875 0.034375
2 0.35 0.5453125 0.096875 0.253125
0 0.3546875 0.440625 0.0328125 0.0390625
2 0.3453125 0.603125 0.1078125 0.315625
0 0.3359375 0.46875 0.0375 0.0390625
2 0.2453125 0.5734375 0.084375 0.2703125
0 0.246875 0.459375 0.028125 0.0359375
2 0.2296875 0.5875 0.1203125 0.315625
0 0.2296875 0.45625 0.034375 0.040625
2 0.240625 0.646875 0.1453125 0.325
0 0.2421875 0.515625 0.040625 0.046875
2 0.10625 0.60625 0.1265625 0.296875
0 0.1125 0.4890625 0.0390625 0.0546875
0 0.078125 0.5765625 0.0390625 0.046875
0 0.14375 0.534375 0.053125 0.0703125
0 0.009375 0.6203125 0.0171875 0.040625
2 0.8125 0.5734375 0.0984375 0.103125
0 0.8296875 0.5359375 0.0203125 0.021875