2 0.9328125 0.58125 0.059375 0.071875
0 0.91875 0.559375 0.021875 0.0234375
2 0.95 0.5375 0.03125 0.0859375
0 0.9546875 0.50625 0.0140625 0.0171875
2 0.896875 0.5390625 0.025 0.065625
0 0.896875 0.51875 0.0140625 0.0140625
2 0.815625 0.5421875 0.0234375 0.075
0 0.8140625 0.5140625 0.0125 0.0140625
2 0.7828125 0.54375 0.01875 0.0640625
0 0.784375 0.521875 0.0109375 0.0125
2 0.340625 0.55 0.028125 0.0734375
0 0.3359375 0.521875 0.0109375 0.0109375
2 0.3140625 0.546875 0.0265625 0.059375
0 0.3171875 0.525 0.009375 0.009375
2 0.275 0.54375 0.0296875 0.0578125
0 0.271875 0.521875 0.0078125 0.009375
2 0.2734375 0.54375 0.0375 0.059375
0 0.2734375 0.521875 0.0125 0.0125
2 0.2421875 0.5484375 0.0234375 0.065625
0 0.240625 0.5203125 0.0109375 0.009375
2 0.121875 0.546875 0.034375 0.05
0 0.1171875 0.5265625 0.0109375 0.0078125
2 0.096875 0.5390625 0.021875 0.046875
0 0.1 0.525 0.0078125 0.009375
2 0.075 0.540625 0.015625 0.04375
0 0.078125 0.525 0.00625 0.00625
2 0.05 0.5390625 0.0140625 0.04375
0 0.05 0.5234375 0.0046875 0.0078125