0 0.8671875 0.675 0.046875 0.0609375
0 0.2296875 0.6984375 0.0328125 0.0421875
0 0.328125 0.696875 0.028125 0.0328125
2 0.2921875 0.7 0.0171875 0.05625
0 0.290625 0.678125 0.0078125 0.0109375
2 0.375 0.7 0.01875 0.0546875
0 0.375 0.6765625 0.00625 0.00625
2 0.4171875 0.7390625 0.0484375 0.1359375
0 0.4125 0.6875 0.0171875 0.01875
0 0.4859375 0.690625 0.015625 0.0203125
2 0.51875 0.728125 0.0359375 0.115625
0 0.5171875 0.68125 0.0125 0.015625
0 0.5921875 0.665625 0.0140625 0.015625
2 0.46875 0.734375 0.0390625 0.146875
0 0.471875 0.671875 0.0140625 0.015625
2 0.4890625 0.7328125 0.0328125 0.1234375
0 0.4859375 0.68125 0.0140625 0.015625
2 0.446875 0.6859375 0.0109375 0.0296875
0 0.4484375 0.675 0.0046875 0.0046875
2 0.4296875 0.684375 0.009375 0.03125
0 0.4296875 0.6734375 0.003125 0.0046875
2 0.41875 0.684375 0.0125 0.0296875
0 0.41875 0.6734375 0.003125 0.0046875
2 0.4078125 0.6859375 0.0109375 0.0328125
0 0.4078125 0.671875 0.0046875 0.0046875
2 0.4359375 0.68125 0.009375 0.025
0 0.4359375 0.671875 0.003125 0.003125
2 0.44375 0.68125 0.009375 0.025
0 0.4453125 0.671875 0.003125 0.0046875
2 0.4625 0.690625 0.0140625 0.0390625
0 0.4609375 0.675 0.0046875 0.0046875
2 0.459375 0.6890625 0.0125 0.040625
0 0.4609375 0.6734375 0.00625 0.00625