0 0.9640625 0.45625 0.0453125 0.04375
2 0.8234375 0.571875 0.1296875 0.3265625
0 0.8171875 0.434375 0.040625 0.04375
2 0.8 0.540625 0.08125 0.18125
0 0.8 0.4640625 0.01875 0.0203125
0 0.7140625 0.4453125 0.0453125 0.0625
0 0.628125 0.403125 0.046875 0.0578125
2 0.5046875 0.5453125 0.1 0.309375
0 0.5171875 0.41875 0.0375 0.0484375
2 0.415625 0.5765625 0.13125 0.378125
0 0.4 0.421875 0.04375 0.059375
2 0.321875 0.6 0.134375 0.3453125
0 0.3359375 0.4515625 0.0453125 0.0453125
2 0.2328125 0.5703125 0.14375 0.30625
0 0.2171875 0.440625 0.0359375 0.04375
2 0.0890625 0.5578125 0.1375 0.25625
0 0.0703125 0.453125 0.0328125 0.0328125
2 0.0359375 0.5578125 0.071875 0.24375
0 0.01875 0.45 0.021875 0.0265625
2 0.15 0.503125 0.078125 0.1703125
0 0.1421875 0.43125 0.01875 0.021875
2 0.16875 0.49375 0.0359375 0.11875
0 0.171875 0.44375 0.0140625 0.0171875
2 0.2484375 0.478125 0.0296875 0.103125
0 0.2453125 0.434375 0.01875 0.015625
2 0.2734375 0.5234375 0.059375 0.190625
0 0.2796875 0.4453125 0.0265625 0.0328125
2 0.309375 0.5140625 0.0515625 0.159375
0 0.3078125 0.45 0.0171875 0.025
2 0.9046875 0.45625 0.015625 0.0359375
0 0.9078125 0.44375 0.00625 0.00625