2 0.090625 0.815625 0.021875 0.0390625
0 0.090625 0.803125 0.0078125 0.00625
2 0.290625 0.8109375 0.0125 0.0359375
0 0.29375 0.8 0.003125 0.0046875
2 0.3015625 0.815625 0.01875 0.03125
0 0.303125 0.803125 0.0046875 0.0046875
2 0.30625 0.815625 0.015625 0.0296875
0 0.303125 0.80625 0.0046875 0.0046875
2 0.3453125 0.8125 0.0125 0.021875
0 0.3453125 0.80625 0.0046875 0.003125
2 0.375 0.8125 0.0109375 0.01875
0 0.3765625 0.80625 0.003125 0.0046875
2 0.4109375 0.821875 0.0203125 0.0421875
0 0.4109375 0.8078125 0.0078125 0.009375
2 0.428125 0.825 0.025 0.040625
0 0.4265625 0.8125 0.009375 0.009375
2 0.4765625 0.815625 0.015625 0.0296875
0 0.4765625 0.80625 0.0046875 0.0046875
2 0.70625 0.8296875 0.0359375 0.053125
0 0.715625 0.8125 0.0109375 0.0125