2 0.8484375 0.7046875 0.0828125 0.184375
0 0.85 0.628125 0.028125 0.0265625
2 0.878125 0.7015625 0.0875 0.1734375
0 0.884375 0.6296875 0.021875 0.025
2 0.8078125 0.671875 0.0671875 0.159375
0 0.8140625 0.6078125 0.0203125 0.025
2 0.540625 0.6953125 0.0515625 0.1890625
0 0.5390625 0.615625 0.025 0.0296875
2 0.4921875 0.6703125 0.0703125 0.178125
0 0.5125 0.5953125 0.0203125 0.025
2 0.31875 0.68125 0.075 0.1703125
0 0.325 0.609375 0.021875 0.025
2 0.1046875 0.6609375 0.078125 0.1484375
0 0.1171875 0.6015625 0.01875 0.0203125
2 0.6078125 0.625 0.028125 0.0703125
0 0.6078125 0.5984375 0.009375 0.0125
2 0.64375 0.6125 0.0109375 0.0265625
0 0.64375 0.603125 0.003125 0.003125
2 0.528125 0.6796875 0.0578125 0.15625
0 0.5296875 0.6125 0.01875 0.0203125
2 0.015625 0.6203125 0.025 0.065625
0 0.0171875 0.5953125 0.0078125 0.0109375
2 0.04375 0.615625 0.0234375 0.0640625
0 0.046875 0.590625 0.0078125 0.009375
2 0.05625 0.6234375 0.021875 0.065625
0 0.0609375 0.5953125 0.0078125 0.0078125
2 0.0859375 0.61875 0.03125 0.0671875
0 0.08125 0.5875 0.009375 0.0109375
2 0.0828125 0.615625 0.01875 0.0609375
0 0.08125 0.5890625 0.0078125 0.0078125