2 0.05625 0.534375 0.075 0.2515625
0 0.065625 0.428125 0.0296875 0.0375
2 0.1234375 0.5265625 0.08125 0.2671875
0 0.115625 0.4109375 0.034375 0.0375
2 0.0609375 0.56875 0.10625 0.2609375
0 0.0671875 0.4578125 0.0375 0.040625
2 0.1390625 0.55625 0.1 0.2484375
0 0.1375 0.4515625 0.0359375 0.0390625
2 0.18125 0.521875 0.0765625 0.2078125
0 0.171875 0.440625 0.0296875 0.0375
2 0.2109375 0.5484375 0.0828125 0.253125
0 0.2125 0.446875 0.0359375 0.046875
2 0.28125 0.55 0.0921875 0.2515625
0 0.2765625 0.446875 0.0328125 0.0453125
2 0.3265625 0.5390625 0.06875 0.2640625
0 0.325 0.428125 0.0296875 0.0375
2 0.3875 0.534375 0.0875 0.2546875
0 0.378125 0.428125 0.0328125 0.040625
2 0.415625 0.5296875 0.0640625 0.2375
0 0.4125 0.43125 0.0296875 0.0359375
2 0.440625 0.4828125 0.05625 0.2046875
0 0.4375 0.396875 0.0265625 0.0328125
2 0.45625 0.5296875 0.0671875 0.23125
0 0.45625 0.434375 0.028125 0.034375
2 0.496875 0.4734375 0.06875 0.2
0 0.4921875 0.3921875 0.025 0.03125
2 0.5078125 0.528125 0.0828125 0.2296875
0 0.5015625 0.434375 0.0296875 0.034375
2 0.55625 0.5140625 0.0765625 0.228125
0 0.5609375 0.41875 0.03125 0.0328125
2 0.6078125 0.5140625 0.0875 0.240625
0 0.5921875 0.4125 0.03125 0.0328125
0 0.9328125 0.38125 0.0453125 0.05
2 0.85625 0.521875 0.0953125 0.3015625
0 0.8515625 0.39375 0.0390625 0.0421875
2 0.81875 0.5421875 0.1171875 0.303125
0 0.7890625 0.4140625 0.0359375 0.046875
2 0.7421875 0.540625 0.09375 0.246875
0 0.725 0.44375 0.0328125 0.0453125
2 0.66875 0.5328125 0.08125 0.2484375
0 0.671875 0.4296875 0.034375 0.0421875
2 0.7640625 0.6171875 0.1078125 0.203125
0 0.75 0.540625 0.0375 0.0453125
2 0.675 0.6109375 0.0890625 0.1984375
0 0.6625 0.5328125 0.0390625 0.04375
2 0.6015625 0.5375 0.0921875 0.2234375
0 0.5765625 0.453125 0.0359375 0.0453125
2 0.6046875 0.60625 0.1046875 0.2109375
0 0.5921875 0.5234375 0.0375 0.0453125
2 0.534375 0.5453125 0.06875 0.2109375
0 0.528125 0.4625 0.03125 0.0421875
2 0.4765625 0.5484375 0.0828125 0.2
0 0.4734375 0.471875 0.0328125 0.0453125
2 0.51875 0.60625 0.09375 0.2234375
0 0.5171875 0.5171875 0.0359375 0.04375
2 0.4140625 0.553125 0.0875 0.1890625
0 0.4078125 0.4828125 0.03125 0.04375
2 0.453125 0.60625 0.0875 0.2171875
0 0.45 0.521875 0.034375 0.04375
2 0.3828125 0.6078125 0.0859375 0.225
0 0.375 0.5203125 0.0328125 0.0453125
2 0.315625 0.6171875 0.0890625 0.2296875
0 0.3140625 0.5296875 0.0375 0.046875
2 0.2453125 0.6421875 0.140625 0.2328125
0 0.2328125 0.553125 0.0421875 0.046875
2 0.1328125 0.5265625 0.084375 0.228125
0 0.1390625 0.43125 0.03125 0.0375
2 0.1859375 0.5265625 0.0734375 0.2453125
0 0.1890625 0.4203125 0.03125 0.03125
2 0.225 0.525 0.075 0.2734375
0 0.2234375 0.409375 0.03125 0.0390625
2 0.246875 0.5109375 0.0609375 0.2375
0 0.2484375 0.4125 0.028125 0.0359375
2 0.2734375 0.53125 0.0734375 0.25
0 0.2828125 0.4265625 0.034375 0.0375
2 0.303125 0.5046875 0.0703125 0.2390625
0 0.3046875 0.409375 0.03125 0.040625
2 0.35625 0.5 0.0734375 0.2390625
0 0.3546875 0.403125 0.028125 0.0390625
2 0.40625 0.490625 0.05625 0.20625
0 0.40625 0.4046875 0.0265625 0.03125
2 0.4625 0.4921875 0.0640625 0.2046875
0 0.4640625 0.40625 0.0265625 0.0296875
2 0.5171875 0.490625 0.05625 0.190625
0 0.5203125 0.4140625 0.025 0.0328125
2 0.5375 0.4921875 0.0671875 0.196875
0 0.5203125 0.4140625 0.025 0.0328125
2 0.5734375 0.4765625 0.0640625 0.2234375
0 0.5734375 0.38125 0.0265625 0.0296875
2 0.6140625 0.4875 0.0578125 0.215625
0 0.615625 0.3984375 0.025 0.034375
2 0.6671875 0.4921875 0.0625 0.21875
0 0.665625 0.403125 0.028125 0.034375
2 0.7015625 0.484375 0.0609375 0.20625
0 0.7 0.4 0.03125 0.0359375
2 0.7109375 0.50625 0.0671875 0.2203125
0 0.709375 0.41875 0.034375 0.040625
2 0.7703125 0.5125 0.0640625 0.2578125
0 0.7671875 0.403125 0.03125 0.034375
2 0.8234375 0.51875 0.06875 0.265625
0 0.825 0.409375 0.0375 0.0390625