0 0.815625 0.6203125 0.040625 0.046875
0 0.5546875 0.646875 0.0515625 0.0640625
0 0.625 0.615625 0.0421875 0.0453125
0 0.653125 0.615625 0.0296875 0.0390625
0 0.534375 0.6390625 0.0296875 0.0453125
2 0.6 0.6921875 0.08125 0.19375
0 0.609375 0.6078125 0.021875 0.0234375
2 0.3671875 0.6828125 0.115625 0.2171875
0 0.3765625 0.590625 0.025 0.03125
2 0.4203125 0.65 0.0375 0.1203125
0 0.4171875 0.5984375 0.0171875 0.015625
2 0.4265625 0.640625 0.040625 0.109375
0 0.4296875 0.5953125 0.0109375 0.0140625
2 0.3453125 0.6375 0.0453125 0.121875
0 0.3453125 0.5859375 0.0140625 0.0140625
2 0.2875 0.640625 0.0453125 0.1203125
0 0.2875 0.5921875 0.015625 0.01875
2 0.2484375 0.640625 0.0515625 0.11875
0 0.253125 0.59375 0.015625 0.01875
2 0.1453125 0.6796875 0.0875 0.21875
0 0.14375 0.5859375 0.0234375 0.0265625
2 0.184375 0.65 0.0578125 0.1453125
0 0.1796875 0.590625 0.0171875 0.021875
2 0.2203125 0.628125 0.040625 0.109375
0 0.228125 0.5828125 0.0109375 0.015625
2 0.2640625 0.6296875 0.0375 0.1171875
0 0.2671875 0.58125 0.0140625 0.01875
2 0.3078125 0.6296875 0.040625 0.1109375
0 0.3109375 0.5828125 0.015625 0.0171875
2 0.4578125 0.6125 0.021875 0.04375
0 0.459375 0.5953125 0.00625 0.00625
2 0.4453125 0.6109375 0.01875 0.040625
0 0.45 0.5953125 0.00625 0.00625
2 0.9 0.6234375 0.090625 0.10625
0 0.91875 0.5828125 0.021875 0.021875
2 0.3828125 0.6328125 0.0421875 0.115625
0 0.3890625 0.5859375 0.0140625 0.0171875
2 0.3328125 0.6359375 0.03125 0.096875
0 0.3328125 0.5953125 0.0125 0.0125
2 0.35 0.6375 0.03125 0.1
0 0.3546875 0.6 0.0140625 0.015625
2 0.3 0.6109375 0.01875 0.05
0 0.2984375 0.5921875 0.00625 0.00625
2 0.2765625 0.6078125 0.015625 0.05
0 0.2765625 0.5875 0.00625 0.00625
2 0.2359375 0.60625 0.015625 0.053125
0 0.2390625 0.584375 0.00625 0.0078125
2 0.19375 0.6125 0.025 0.065625
0 0.19375 0.5859375 0.0078125 0.0078125
2 0.0875 0.6421875 0.0625 0.1375
0 0.1046875 0.5859375 0.01875 0.021875
2 0.121875 0.6421875 0.05625 0.1578125
0 0.1328125 0.578125 0.0203125 0.0203125
2 0.0671875 0.634375 0.0484375 0.1359375
0 0.0703125 0.578125 0.015625 0.0171875
0 0.0109375 0.5984375 0.0203125 0.0390625
2 0.0265625 0.63125 0.053125 0.125
0 0.03125 0.5828125 0.0125 0.015625
2 0.0390625 0.6203125 0.0296875 0.084375
0 0.04375 0.584375 0.009375 0.009375