2 0.221875 0.5484375 0.1828125 0.4359375
0 0.221875 0.3703125 0.0453125 0.059375
2 0.2796875 0.5328125 0.1078125 0.3984375
0 0.278125 0.3671875 0.040625 0.05
2 0.3734375 0.5171875 0.1484375 0.44375
0 0.3703125 0.328125 0.05 0.0625
2 0.496875 0.5375 0.115625 0.4171875
0 0.4953125 0.3640625 0.0453125 0.0640625
2 0.6 0.5203125 0.13125 0.4234375
0 0.5890625 0.3453125 0.0484375 0.0640625
2 0.7484375 0.534375 0.184375 0.3453125
0 0.7125 0.3890625 0.04375 0.0484375
2 0.7890625 0.5359375 0.1078125 0.3484375
0 0.7890625 0.39375 0.04375 0.0515625
2 0.85625 0.6625 0.1390625 0.3109375
0 0.8546875 0.5484375 0.059375 0.065625
2 0.746875 0.6625 0.1578125 0.303125
0 0.75625 0.5515625 0.059375 0.071875
2 0.61875 0.659375 0.146875 0.3125
0 0.6171875 0.5421875 0.05625 0.065625
2 0.475 0.690625 0.190625 0.2953125
0 0.496875 0.5875 0.0578125 0.075
2 0.325 0.6703125 0.1734375 0.26875
0 0.303125 0.571875 0.0546875 0.06875
2 0.2046875 0.671875 0.153125 0.2640625
0 0.2265625 0.58125 0.0546875 0.0765625
2 0.9296875 0.496875 0.096875 0.2
0 0.9375 0.4125 0.0265625 0.028125
2 0.896875 0.4953125 0.053125 0.1890625
0 0.890625 0.4171875 0.0265625 0.0328125
2 0.8375 0.46875 0.0796875 0.1890625
0 0.825 0.390625 0.025 0.028125
2 0.0609375 0.4765625 0.059375 0.115625
0 0.05 0.43125 0.01875 0.0203125
2 0.690625 0.4796875 0.0734375 0.21875
0 0.69375 0.3890625 0.0296875 0.0328125
2 0.878125 0.4875 0.09375 0.2
0 0.8625 0.403125 0.0234375 0.0296875
2 0.9640625 0.4765625 0.040625 0.1421875
0 0.9671875 0.41875 0.01875 0.01875