2 0.965625 0.4609375 0.0421875 0.065625
0 0.9703125 0.4375 0.0125 0.0140625
2 0.8875 0.4890625 0.040625 0.0671875
0 0.8921875 0.4625 0.0125 0.0125
2 0.871875 0.4875 0.025 0.0671875
0 0.8671875 0.4625 0.009375 0.0109375
2 0.8640625 0.4875 0.0265625 0.0640625
0 0.8671875 0.4625 0.009375 0.0109375
2 0.840625 0.509375 0.0296875 0.0609375
0 0.8375 0.4859375 0.0109375 0.0125
2 0.91875 0.5453125 0.053125 0.1640625
0 0.9171875 0.478125 0.021875 0.025
2 0.8921875 0.540625 0.0421875 0.159375
0 0.890625 0.4734375 0.021875 0.0234375
2 0.809375 0.5703125 0.06875 0.2015625
0 0.815625 0.484375 0.0234375 0.0234375
2 0.7609375 0.5625 0.06875 0.196875
0 0.7671875 0.484375 0.01875 0.0265625
2 0.75625 0.5640625 0.05625 0.165625
0 0.7625 0.4921875 0.01875 0.0203125
2 0.7328125 0.5578125 0.0484375 0.1640625
0 0.73125 0.4890625 0.01875 0.021875
0 0.696875 0.3640625 0.09375 0.0921875
2 0.4953125 0.5359375 0.04375 0.096875
0 0.4953125 0.4953125 0.0125 0.0125
2 0.425 0.534375 0.0359375 0.1
0 0.428125 0.4921875 0.0125 0.0140625
2 0.390625 0.534375 0.0328125 0.09375
0 0.3984375 0.4953125 0.0125 0.0125
2 0.3890625 0.5296875 0.0375 0.09375
0 0.396875 0.4890625 0.015625 0.0125
2 0.3421875 0.534375 0.04375 0.128125
0 0.34375 0.4796875 0.0140625 0.015625
2 0.3296875 0.5375 0.040625 0.1265625
0 0.328125 0.484375 0.0171875 0.01875
2 0.3203125 0.534375 0.04375 0.11875
0 0.328125 0.484375 0.015625 0.01875
2 0.309375 0.534375 0.0359375 0.0953125
0 0.3078125 0.49375 0.0109375 0.0109375
2 0.296875 0.540625 0.046875 0.1296875
0 0.290625 0.4828125 0.0140625 0.0140625
2 0.2609375 0.5625 0.0859375 0.190625
0 0.26875 0.4796875 0.021875 0.021875
2 0.25 0.5796875 0.0890625 0.19375
0 0.24375 0.4984375 0.0234375 0.0265625
2 0.1765625 0.54375 0.046875 0.11875
0 0.1765625 0.4953125 0.0140625 0.015625
2 0.1453125 0.5765625 0.1140625 0.2125
0 0.1390625 0.4890625 0.0265625 0.03125
2 0.0890625 0.55 0.046875 0.128125
0 0.0984375 0.5 0.0171875 0.021875
2 0.05625 0.578125 0.075 0.2171875
0 0.0609375 0.4859375 0.025 0.03125
2 0.0296875 0.5875 0.059375 0.21875
0 0.0265625 0.4953125 0.0234375 0.03125
2 0.025 0.590625 0.05 0.234375
0 0.021875 0.4921875 0.028125 0.0328125