2 0.053125 0.665625 0.078125 0.2984375
0 0.05 0.54375 0.0390625 0.0328125
2 0.1765625 0.6328125 0.075 0.290625
0 0.1703125 0.5078125 0.025 0.021875
2 0.2828125 0.60625 0.065625 0.2765625
0 0.28125 0.49375 0.0328125 0.0328125
2 0.315625 0.640625 0.1125 0.2796875
0 0.309375 0.525 0.0296875 0.046875
2 0.434375 0.6484375 0.1109375 0.2734375
0 0.434375 0.534375 0.03125 0.040625
2 0.384375 0.5765625 0.0703125 0.265625
0 0.3765625 0.4578125 0.03125 0.0296875
2 0.48125 0.5453125 0.0671875 0.2671875
0 0.475 0.4390625 0.03125 0.03125
2 0.559375 0.6421875 0.0953125 0.2796875
0 0.559375 0.5328125 0.0296875 0.034375
2 0.56875 0.578125 0.0734375 0.275
0 0.5703125 0.4671875 0.0265625 0.028125
2 0.5734375 0.5140625 0.0671875 0.259375
0 0.56875 0.4078125 0.034375 0.034375
2 0.6375 0.5765625 0.0890625 0.284375
0 0.640625 0.4609375 0.03125 0.0328125
2 0.6109375 0.5375 0.0671875 0.2515625
0 0.6125 0.43125 0.0265625 0.034375
2 0.66875 0.5515625 0.06875 0.2421875
0 0.6703125 0.4484375 0.028125 0.034375
2 0.65625 0.490625 0.05625 0.2421875
0 0.65 0.3859375 0.021875 0.021875
2 0.71875 0.5796875 0.0921875 0.284375
0 0.715625 0.465625 0.028125 0.03125
2 0.7640625 0.553125 0.090625 0.2296875
0 0.75625 0.4578125 0.028125 0.0296875
2 0.746875 0.46875 0.0671875 0.2453125
0 0.7390625 0.3640625 0.03125 0.034375
2 0.7390625 0.51875 0.0734375 0.25
0 0.7390625 0.4171875 0.0265625 0.040625
2 0.85625 0.5421875 0.090625 0.265625
0 0.8484375 0.4296875 0.028125 0.0359375
2 0.8203125 0.5109375 0.078125 0.24375
0 0.8171875 0.4078125 0.0265625 0.034375
2 0.815625 0.4375 0.05625 0.20625
0 0.8078125 0.3515625 0.0203125 0.0234375
2 0.9015625 0.5359375 0.084375 0.2578125
0 0.896875 0.428125 0.0234375 0.0328125
2 0.8703125 0.4765625 0.078125 0.2484375
0 0.86875 0.3703125 0.025 0.03125
2 0.95625 0.475 0.0796875 0.21875
0 0.9625 0.384375 0.0296875 0.0328125
2 0.95625 0.390625 0.059375 0.196875
0 0.9515625 0.315625 0.0265625 0.0203125
2 0.8859375 0.409375 0.0609375 0.2125
0 0.8796875 0.3265625 0.0296875 0.03125