2 0.1453125 0.546875 0.1265625 0.3609375
0 0.1421875 0.4046875 0.04375 0.04375
2 0.25 0.50625 0.0734375 0.2625
0 0.2578125 0.3984375 0.0296875 0.0375
2 0.278125 0.5765625 0.11875 0.3984375
0 0.290625 0.4078125 0.0421875 0.0515625
2 0.3125 0.58125 0.159375 0.49375
0 0.3265625 0.3765625 0.0515625 0.0625
2 0.3765625 0.5125 0.08125 0.2578125
0 0.3796875 0.4109375 0.0296875 0.03125
2 0.4421875 0.5890625 0.146875 0.3875
0 0.4546875 0.4359375 0.0390625 0.05
2 0.5171875 0.553125 0.103125 0.3171875
0 0.5234375 0.421875 0.0359375 0.0484375
2 0.4546875 0.5234375 0.0875 0.2375
0 0.4546875 0.41875 0.03125 0.0296875
2 0.6109375 0.5796875 0.15625 0.3953125
0 0.6140625 0.421875 0.0453125 0.0640625