2 0.046875 0.240625 0.0328125 0.08125
0 0.0421875 0.2109375 0.0125 0.0140625
2 0.1203125 0.2609375 0.0359375 0.0671875
0 0.1234375 0.2390625 0.009375 0.0109375
2 0.1984375 0.2140625 0.0421875 0.0578125
0 0.1921875 0.1921875 0.009375 0.0109375
2 0.221875 0.26875 0.05 0.065625
0 0.221875 0.246875 0.0125 0.0140625
2 0.29375 0.2859375 0.046875 0.078125
0 0.2890625 0.2578125 0.0140625 0.0140625
2 0.3046875 0.290625 0.0484375 0.0734375
0 0.303125 0.265625 0.0140625 0.015625
2 0.321875 0.29375 0.0484375 0.071875
0 0.315625 0.2671875 0.0140625 0.015625
2 0.3875 0.3 0.0609375 0.090625
0 0.3734375 0.2671875 0.01875 0.01875
2 0.403125 0.2171875 0.0390625 0.084375
0 0.39375 0.1859375 0.0109375 0.0109375
2 0.428125 0.2515625 0.034375 0.0921875
0 0.4296875 0.21875 0.015625 0.0171875
2 0.5953125 0.1640625 0.040625 0.1125
0 0.5921875 0.121875 0.0125 0.0171875
2 0.7078125 0.1671875 0.0265625 0.0546875
0 0.7078125 0.1453125 0.0078125 0.0078125
2 0.7484375 0.140625 0.025 0.059375
0 0.74375 0.11875 0.0078125 0.009375
2 0.728125 0.1984375 0.0375 0.0671875
0 0.728125 0.1734375 0.0109375 0.0125
2 0.76875 0.1703125 0.028125 0.0703125
0 0.7671875 0.1421875 0.0109375 0.0109375
2 0.8734375 0.190625 0.0328125 0.0828125
0 0.865625 0.1578125 0.009375 0.0109375
0 0.2296875 0.421875 0.1875 0.2234375
0 0.515625 0.3953125 0.24375 0.290625
2 0.1296875 0.3734375 0.125 0.1578125
0 0.1171875 0.3171875 0.0390625 0.0421875
2 0.4 0.5453125 0.3359375 0.403125
0 0.3671875 0.3921875 0.0921875 0.0921875