0 0.9828125 0.359375 0.0328125 0.03125
2 0.93125 0.478125 0.13125 0.215625
0 0.9375 0.3953125 0.0375 0.0421875
2 0.8453125 0.4625 0.0890625 0.24375
0 0.853125 0.3671875 0.0359375 0.04375
2 0.7703125 0.5015625 0.065625 0.165625
0 0.778125 0.440625 0.0328125 0.0390625
2 0.7625 0.471875 0.1015625 0.2671875
0 0.784375 0.3609375 0.0296875 0.0421875
2 0.75 0.3765625 0.05 0.096875
0 0.753125 0.353125 0.0265625 0.0359375
2 0.728125 0.415625 0.053125 0.1578125
0 0.728125 0.3546875 0.0234375 0.0265625
2 0.709375 0.5 0.0796875 0.2671875
0 0.7171875 0.3921875 0.034375 0.0453125
2 0.6671875 0.45625 0.0828125 0.265625
0 0.6703125 0.3515625 0.0375 0.0375
2 0.628125 0.5125 0.115625 0.271875
0 0.646875 0.403125 0.0359375 0.0421875
2 0.56875 0.490625 0.3203125 0.434375
0 0.5484375 0.3125 0.0625 0.0671875
2 0.4515625 0.5125 0.10625 0.265625
0 0.4578125 0.4109375 0.034375 0.040625
2 0.3890625 0.45625 0.0703125 0.321875
0 0.3953125 0.334375 0.040625 0.0421875
2 0.2859375 0.5015625 0.125 0.2828125
0 0.2875 0.384375 0.0390625 0.0375
2 0.2578125 0.4625 0.0578125 0.2578125
0 0.2484375 0.35625 0.028125 0.0328125
2 0.1515625 0.503125 0.1015625 0.290625
0 0.15 0.3890625 0.0359375 0.053125
2 0.0453125 0.453125 0.0859375 0.28125
0 0.053125 0.340625 0.0375 0.0484375
2 0.1421875 0.4328125 0.084375 0.26875
0 0.1453125 0.31875 0.0328125 0.0390625