2 0.9515625 0.665625 0.071875 0.1703125
0 0.9515625 0.5953125 0.01875 0.01875
2 0.815625 0.6734375 0.075 0.1921875
0 0.815625 0.5953125 0.01875 0.021875
2 0.734375 0.6703125 0.071875 0.1875
0 0.7375 0.5921875 0.0203125 0.0234375
2 0.928125 0.6203125 0.01875 0.0546875
0 0.9296875 0.5984375 0.00625 0.0046875
2 0.9234375 0.6109375 0.01875 0.05625
0 0.925 0.5875 0.0078125 0.0078125
2 0.665625 0.6703125 0.0640625 0.190625
0 0.66875 0.590625 0.0203125 0.0265625
2 0.621875 0.6828125 0.071875 0.2
0 0.61875 0.6015625 0.0234375 0.025
2 0.553125 0.6734375 0.065625 0.2203125
0 0.553125 0.58125 0.0234375 0.0265625
2 0.496875 0.684375 0.0859375 0.2265625
0 0.4984375 0.590625 0.0265625 0.0234375
2 0.43125 0.671875 0.0609375 0.2296875
0 0.4359375 0.578125 0.021875 0.0265625
2 0.38125 0.6765625 0.0703125 0.2171875
0 0.3875 0.590625 0.0234375 0.0265625
2 0.3140625 0.6671875 0.0734375 0.19375
0 0.3140625 0.5890625 0.0203125 0.021875
2 0.24375 0.665625 0.0734375 0.196875
0 0.24375 0.584375 0.0203125 0.021875
2 0.171875 0.6703125 0.075 0.1921875
0 0.1734375 0.5921875 0.021875 0.0234375
2 0.1015625 0.671875 0.071875 0.1953125
0 0.1046875 0.5890625 0.0203125 0.025
2 0.0109375 0.6234375 0.021875 0.0625
0 0.0125 0.5984375 0.009375 0.009375
2 0.028125 0.6234375 0.0234375 0.059375
0 0.0265625 0.6 0.0078125 0.009375
2 0.0640625 0.640625 0.03125 0.09375
0 0.065625 0.603125 0.0125 0.0140625
2 0.8890625 0.671875 0.06875 0.190625
0 0.8875 0.5953125 0.0203125 0.0234375
2 0.034375 0.61875 0.0140625 0.0578125
0 0.034375 0.61875 0.0140625 0.0578125