2 0.1046875 0.66875 0.0234375 0.046875
0 0.109375 0.65 0.00625 0.00625
2 0.103125 0.665625 0.015625 0.0453125
0 0.103125 0.6484375 0.0046875 0.00625
2 0.1140625 0.6671875 0.0171875 0.0453125
0 0.11875 0.65 0.00625 0.0046875
2 0.13125 0.66875 0.01875 0.053125
0 0.1296875 0.6453125 0.0078125 0.00625
2 0.190625 0.6640625 0.015625 0.05
0 0.19375 0.6453125 0.0046875 0.00625
2 0.2046875 0.665625 0.0171875 0.0484375
0 0.2078125 0.6453125 0.00625 0.00625
2 0.3375 0.6765625 0.0203125 0.0671875
0 0.3359375 0.6484375 0.009375 0.0109375
2 0.3375 0.68125 0.028125 0.0640625
0 0.3390625 0.65625 0.0109375 0.009375
2 0.3546875 0.6546875 0.009375 0.028125
0 0.3546875 0.6453125 0.0046875 0.0046875
2 0.371875 0.678125 0.0203125 0.06875
0 0.3703125 0.65 0.009375 0.009375
0 0.371875 0.66875 0.0171875 0.021875
2 0.4125 0.703125 0.0421875 0.096875
0 0.4125 0.6625 0.0125 0.0140625
2 0.4546875 0.675 0.021875 0.065625
0 0.4515625 0.65 0.009375 0.009375
2 0.634375 0.6703125 0.015625 0.0609375
0 0.6359375 0.64375 0.0078125 0.009375
2 0.7671875 0.675 0.0265625 0.0734375
0 0.765625 0.646875 0.0078125 0.009375
2 0.790625 0.6765625 0.0296875 0.0703125
0 0.784375 0.6484375 0.0109375 0.0109375
2 0.9046875 0.6890625 0.0390625 0.090625
0 0.8953125 0.6515625 0.0125 0.0109375