2 0.84375 0.734375 0.065625 0.19375
0 0.834375 0.6609375 0.034375 0.0390625
2 0.890625 0.6921875 0.1109375 0.3015625
0 0.875 0.571875 0.0421875 0.046875
2 0.9265625 0.6640625 0.0921875 0.253125
0 0.9125 0.5625 0.03125 0.034375
0 0.965625 0.5125 0.025 0.0265625
2 0.9421875 0.6046875 0.053125 0.1796875
0 0.9359375 0.528125 0.021875 0.025
2 0.8375 0.64375 0.0609375 0.234375
0 0.83125 0.5453125 0.034375 0.0375
2 0.784375 0.6484375 0.065625 0.2484375
0 0.790625 0.546875 0.0359375 0.0359375
2 0.734375 0.653125 0.0859375 0.2734375
0 0.7421875 0.5390625 0.0359375 0.0421875
2 0.6828125 0.6125 0.05 0.1921875
0 0.68125 0.5328125 0.025 0.0296875
2 0.6703125 0.609375 0.040625 0.1640625
0 0.6671875 0.5421875 0.0171875 0.0171875
2 0.6484375 0.6015625 0.0421875 0.14375
0 0.6484375 0.54375 0.0171875 0.0234375
2 0.603125 0.6171875 0.06875 0.178125
0 0.615625 0.5421875 0.025 0.0265625
2 0.6046875 0.590625 0.059375 0.1734375
0 0.5984375 0.51875 0.021875 0.0265625
2 0.590625 0.6 0.05625 0.146875
0 0.584375 0.540625 0.0203125 0.0203125
2 0.575 0.5921875 0.053125 0.153125
0 0.5765625 0.528125 0.01875 0.021875
2 0.55 0.571875 0.0390625 0.1171875
0 0.54375 0.521875 0.0140625 0.0171875
2 0.525 0.6140625 0.0609375 0.15625
0 0.51875 0.55 0.0234375 0.025
2 0.5171875 0.5953125 0.034375 0.140625
0 0.5140625 0.5375 0.01875 0.0203125
2 0.4890625 0.6 0.0515625 0.146875
0 0.4921875 0.5390625 0.01875 0.021875
2 0.525 0.5765625 0.0375 0.1265625
0 0.51875 0.5265625 0.015625 0.01875
2 0.46875 0.5828125 0.0375 0.1171875
0 0.465625 0.534375 0.0140625 0.015625
2 0.446875 0.5875 0.0546875 0.1171875
0 0.4390625 0.5390625 0.0171875 0.01875
2 0.4265625 0.58125 0.0375 0.1109375
0 0.4265625 0.5328125 0.0140625 0.015625
2 0.3890625 0.5734375 0.05 0.1296875
0 0.3921875 0.51875 0.0171875 0.01875
2 0.38125 0.58125 0.0296875 0.103125
0 0.38125 0.5375 0.009375 0.0125
2 0.4046875 0.5328125 0.015625 0.03125
0 0.4046875 0.5203125 0.0046875 0.0046875
2 0.3609375 0.565625 0.0265625 0.0828125
0 0.359375 0.534375 0.0078125 0.0078125
2 0.3453125 0.5875 0.046875 0.121875
0 0.3421875 0.5390625 0.0171875 0.0203125
2 0.325 0.5359375 0.0078125 0.0265625
0 0.3265625 0.5265625 0.003125 0.003125
2 0.315625 0.565625 0.03125 0.0859375
0 0.3125 0.528125 0.009375 0.0109375
2 0.29375 0.5671875 0.0390625 0.0890625
0 0.2921875 0.5296875 0.009375 0.0109375
2 0.2703125 0.5828125 0.04375 0.1109375
0 0.278125 0.5390625 0.015625 0.021875
2 0.240625 0.609375 0.0609375 0.1453125
0 0.2390625 0.55 0.01875 0.025
2 0.2640625 0.5484375 0.0203125 0.0515625
0 0.2640625 0.528125 0.0078125 0.009375
2 0.2515625 0.55625 0.0265625 0.06875
0 0.25 0.528125 0.0078125 0.009375
2 0.2390625 0.578125 0.03125 0.1015625
0 0.2421875 0.5359375 0.0109375 0.015625
2 0.2203125 0.565625 0.0328125 0.09375
0 0.2234375 0.528125 0.009375 0.0125
2 0.19375 0.5765625 0.0390625 0.096875
0 0.19375 0.5375 0.0109375 0.015625
2 0.1828125 0.5703125 0.021875 0.0859375
0 0.184375 0.5359375 0.0109375 0.0125
2 0.165625 0.5484375 0.0234375 0.0484375
0 0.1640625 0.53125 0.00625 0.0078125
2 0.1515625 0.5875 0.078125 0.13125
0 0.1484375 0.5359375 0.0171875 0.021875
2 0.128125 0.58125 0.0421875 0.121875
0 0.1296875 0.5328125 0.0140625 0.01875
2 0.0984375 0.5578125 0.028125 0.0828125
0 0.0984375 0.525 0.009375 0.0109375
2 0.075 0.5734375 0.0421875 0.0859375
0 0.0734375 0.5390625 0.0125 0.015625
2 0.0546875 0.559375 0.0375 0.071875
0 0.05625 0.53125 0.009375 0.009375
2 0.0359375 0.5609375 0.03125 0.0765625
0 0.0328125 0.5296875 0.009375 0.0109375
2 0.025 0.671875 0.05 0.2875
0 0.00625 0.5484375 0.0109375 0.0328125