2 0.490625 0.653125 0.0640625 0.175
0 0.4953125 0.5796875 0.0203125 0.0234375
0 0.525 0.578125 0.0328125 0.0390625
2 0.6 0.609375 0.0203125 0.04375
0 0.596875 0.5921875 0.0046875 0.00625
2 0.628125 0.6484375 0.046875 0.1578125
0 0.6234375 0.58125 0.0171875 0.0203125
2 0.5625 0.64375 0.0390625 0.1046875
0 0.5546875 0.6015625 0.0125 0.0140625
2 0.6421875 0.6109375 0.01875 0.046875
0 0.6390625 0.5921875 0.00625 0.0078125
0 0.675 0.60625 0.0375 0.0515625
2 0.7109375 0.6578125 0.05 0.1296875
0 0.70625 0.6046875 0.0171875 0.0203125
0 0.7671875 0.5859375 0.034375 0.0359375
2 0.815625 0.678125 0.103125 0.2734375
0 0.7953125 0.559375 0.03125 0.0328125
0 0.8546875 0.571875 0.046875 0.046875
0 0.909375 0.58125 0.0390625 0.0375
2 0.5921875 0.6125 0.021875 0.05625
0 0.59375 0.590625 0.0046875 0.0078125
2 0.596875 0.6109375 0.01875 0.053125
0 0.59375 0.590625 0.0046875 0.0078125
2 0.6140625 0.6125 0.0234375 0.0515625
0 0.6140625 0.5921875 0.00625 0.0078125