2 0.00625 0.64609375 0.0125 0.0640625
0 0.00625 0.6203125 0.0078125 0.0078125
2 0.015625 0.646875 0.0296875 0.06875
0 0.021875 0.621875 0.0078125 0.0109375
2 0.0625 0.6703125 0.05 0.1515625
0 0.0609375 0.6046875 0.015625 0.0171875
2 0.125 0.6921875 0.06875 0.1671875
0 0.1359375 0.6265625 0.0203125 0.021875
2 0.196875 0.6390625 0.0140625 0.046875
0 0.1984375 0.625 0.0078125 0.0078125
2 0.1921875 0.6390625 0.0171875 0.04375
0 0.1953125 0.621875 0.00625 0.00625
2 0.2390625 0.640625 0.0140625 0.040625
0 0.2421875 0.6234375 0.00625 0.0046875
2 0.2828125 0.640625 0.01875 0.034375
0 0.284375 0.628125 0.00625 0.00625
2 0.359375 0.7140625 0.078125 0.246875
0 0.3578125 0.6109375 0.03125 0.034375
2 0.3984375 0.640625 0.0171875 0.0546875
0 0.3984375 0.61875 0.0078125 0.0078125
2 0.43125 0.6359375 0.0140625 0.028125
0 0.4328125 0.628125 0.003125 0.0046875
2 0.5125 0.640625 0.0171875 0.0359375
0 0.5125 0.6265625 0.0046875 0.0046875
2 0.5328125 0.640625 0.0234375 0.046875
0 0.5328125 0.621875 0.00625 0.00625
2 0.5421875 0.6390625 0.0140625 0.0359375
0 0.5421875 0.6265625 0.0046875 0.0046875
2 0.5640625 0.6390625 0.015625 0.0375
0 0.5640625 0.6265625 0.0046875 0.0046875
2 0.56875 0.6390625 0.0109375 0.028125
0 0.56875 0.6296875 0.003125 0.003125
2 0.5890625 0.6453125 0.0140625 0.0328125
0 0.590625 0.6296875 0.00625 0.00625
2 0.5921875 0.6421875 0.0140625 0.034375
0 0.5921875 0.628125 0.0046875 0.0046875
2 0.5921875 0.634375 0.015625 0.040625
0 0.5921875 0.61875 0.00625 0.00625
2 0.6046875 0.6390625 0.015625 0.04375
0 0.6015625 0.6234375 0.0078125 0.0078125
2 0.6078125 0.6390625 0.0234375 0.05
0 0.6109375 0.6203125 0.00625 0.0078125
2 0.6140625 0.6375 0.0234375 0.046875
0 0.61875 0.61875 0.00625 0.0078125
2 0.634375 0.646875 0.034375 0.0828125
0 0.634375 0.6140625 0.0109375 0.0109375
2 0.65 0.646875 0.0484375 0.0859375
0 0.6453125 0.6125 0.0125 0.0125
2 0.7171875 0.6375 0.0265625 0.0578125
0 0.721875 0.615625 0.0078125 0.0078125
2 0.73125 0.6359375 0.0125 0.04375
0 0.73125 0.6203125 0.00625 0.00625
2 0.7484375 0.64375 0.0265625 0.0578125
0 0.7484375 0.621875 0.0078125 0.0109375
2 0.7578125 0.634375 0.0109375 0.0265625
0 0.7578125 0.625 0.0046875 0.0046875
2 0.8015625 0.6625 0.0609375 0.1265625
0 0.8078125 0.6125 0.0140625 0.01875
2 0.846875 0.6625 0.05 0.1359375
0 0.8390625 0.609375 0.0171875 0.0234375
2 0.884375 0.6453125 0.03125 0.0859375
0 0.8828125 0.609375 0.0125 0.0140625
2 0.8921875 0.6484375 0.04375 0.0890625
0 0.8875 0.6125 0.0109375 0.0125
2 0.9265625 0.6484375 0.0359375 0.1
0 0.9234375 0.6078125 0.015625 0.015625
2 0.934375 0.646875 0.0484375 0.0890625
0 0.921875 0.6078125 0.0140625 0.0140625