2 0.025 0.4265625 0.0484375 0.1078125
0 0.021875 0.38125 0.0140625 0.015625
2 0.1484375 0.45625 0.06875 0.190625
0 0.146875 0.378125 0.0203125 0.0296875
2 0.203125 0.434375 0.05625 0.134375
0 0.2 0.3765625 0.0140625 0.0171875
2 0.265625 0.4921875 0.109375 0.265625
0 0.2703125 0.38125 0.0359375 0.0359375
2 0.2765625 0.4296875 0.0390625 0.1296875
0 0.2765625 0.371875 0.0125 0.015625
2 0.3453125 0.4484375 0.071875 0.165625
0 0.346875 0.3859375 0.01875 0.0203125
2 0.396875 0.4515625 0.071875 0.1734375
0 0.4015625 0.3796875 0.01875 0.0234375
2 0.3796875 0.4234375 0.04375 0.1328125
0 0.38125 0.36875 0.0140625 0.01875
2 0.4546875 0.4375 0.0515625 0.1734375
0 0.4625 0.3640625 0.01875 0.021875
2 0.453125 0.590625 0.2421875 0.434375
0 0.48125 0.4046875 0.0375 0.05
2 0.5703125 0.4328125 0.0921875 0.328125
0 0.5953125 0.346875 0.0359375 0.0359375
2 0.5296875 0.4234375 0.0359375 0.0484375
0 0.5328125 0.4078125 0.009375 0.0125
2 0.50625 0.4265625 0.0421875 0.0625
0 0.5140625 0.403125 0.009375 0.0125
2 0.6609375 0.434375 0.034375 0.1296875
0 0.665625 0.3796875 0.015625 0.0171875
2 0.69375 0.44375 0.05625 0.0921875
0 0.7078125 0.409375 0.0125 0.015625
2 0.728125 0.4453125 0.05 0.0875
0 0.7359375 0.4125 0.0140625 0.01875
2 0.775 0.440625 0.065625 0.2125
0 0.78125 0.35 0.0234375 0.025
2 0.859375 0.496875 0.0703125 0.2078125
0 0.853125 0.4078125 0.0328125 0.0265625
2 0.9078125 0.4453125 0.109375 0.1703125
0 0.9328125 0.3765625 0.021875 0.025
2 0.91875 0.440625 0.0609375 0.065625
0 0.9296875 0.415625 0.0125 0.0125
2 0.975 0.446875 0.0453125 0.1203125
0 0.975 0.3984375 0.0140625 0.015625
2 0.9671875 0.4171875 0.0453125 0.1015625
0 0.96875 0.3765625 0.015625 0.0171875
0 0.99140625 0.38359375 0.0171875 0.0171875