2 0.8640625 0.503125 0.2703125 0.453125
0 0.825 0.3171875 0.05 0.0671875
2 0.728125 0.525 0.3578125 0.459375
0 0.70625 0.33125 0.046875 0.0671875
0 0.7578125 0.58125 0.0484375 0.065625
2 0.55625 0.5296875 0.2984375 0.4578125
0 0.5953125 0.3359375 0.053125 0.06875
2 0.34375 0.5140625 0.23125 0.4671875
0 0.3609375 0.3234375 0.05 0.065625
0 0.496875 0.571875 0.0453125 0.071875
0 0.3296875 0.5734375 0.05 0.071875
0 0.128125 0.559375 0.0609375 0.0640625
2 0.246875 0.53125 0.1265625 0.45
0 0.2375 0.34375 0.05625 0.06875
2 0.1328125 0.5296875 0.1546875 0.4546875
0 0.146875 0.3421875 0.05 0.06875