0 0.0609375 0.496875 0.084375 0.103125
2 0.2125 0.625 0.240625 0.3265625
0 0.18125 0.49375 0.040625 0.0484375
2 0.2171875 0.5765625 0.0953125 0.26875
0 0.221875 0.4671875 0.0453125 0.04375
2 0.3296875 0.5875 0.109375 0.3015625
0 0.3125 0.46875 0.0390625 0.0484375
2 0.3765625 0.60625 0.1375 0.28125
0 0.3625 0.4921875 0.0453125 0.0453125
0 0.446875 0.45625 0.0734375 0.09375
0 0.5484375 0.4796875 0.059375 0.05625
2 0.6328125 0.6453125 0.1359375 0.4421875
0 0.640625 0.4578125 0.05625 0.0609375
2 0.1328125 0.5328125 0.0734375 0.2046875
0 0.1375 0.4546875 0.03125 0.0421875
2 0.246875 0.525 0.090625 0.175
0 0.2515625 0.459375 0.028125 0.0265625
2 0.6734375 0.5625 0.1078125 0.2140625
0 0.703125 0.478125 0.03125 0.0375
2 0.7484375 0.559375 0.0875 0.1953125
0 0.765625 0.478125 0.0203125 0.0265625
2 0.7796875 0.5875 0.11875 0.2484375
0 0.7921875 0.48125 0.0265625 0.0328125
2 0.8546875 0.578125 0.0796875 0.24375
0 0.859375 0.478125 0.0296875 0.0359375
2 0.8671875 0.53125 0.0671875 0.2171875
0 0.8671875 0.44375 0.0265625 0.0296875
2 0.909375 0.575 0.059375 0.259375
0 0.9203125 0.4671875 0.03125 0.0359375
2 0.925 0.55 0.084375 0.234375
0 0.9203125 0.453125 0.0234375 0.0328125