2 0.353125 0.5046875 0.090625 0.278125
0 0.325 0.4109375 0.0296875 0.0328125
2 0.4125 0.5109375 0.0953125 0.2890625
0 0.384375 0.4390625 0.03125 0.0359375
2 0.0890625 0.575 0.0484375 0.1203125
0 0.078125 0.5265625 0.015625 0.0203125
2 0.175 0.5734375 0.0515625 0.1390625
0 0.175 0.51875 0.015625 0.021875
2 0.2046875 0.534375 0.0359375 0.09375
0 0.2015625 0.5 0.0109375 0.0109375
2 0.234375 0.525 0.05 0.1046875
0 0.2234375 0.4796875 0.0140625 0.0125
2 0.2765625 0.534375 0.040625 0.08125
0 0.26875 0.4984375 0.009375 0.009375
2 0.28125 0.5234375 0.040625 0.103125
0 0.271875 0.4984375 0.009375 0.0078125
2 0.2734375 0.603125 0.0703125 0.071875
0 0.284375 0.5796875 0.0125 0.0171875
2 0.3046875 0.609375 0.0703125 0.0703125
0 0.31875 0.5859375 0.0140625 0.0171875
2 0.540625 0.6015625 0.0984375 0.065625
0 0.540625 0.58125 0.015625 0.0203125
2 0.534375 0.6125 0.1 0.065625
0 0.5765625 0.5921875 0.01875 0.01875
2 0.6265625 0.5890625 0.065625 0.20625
0 0.6125 0.5015625 0.03125 0.0265625
2 0.7265625 0.5140625 0.0421875 0.1328125
0 0.728125 0.4578125 0.015625 0.01875
2 0.7640625 0.525 0.03125 0.1078125
0 0.728125 0.4578125 0.015625 0.0171875
2 0.7953125 0.453125 0.0609375 0.1828125
0 0.7828125 0.3765625 0.021875 0.0234375