0 0.8921875 0.4671875 0.0671875 0.075
2 0.865625 0.5671875 0.2484375 0.528125
0 0.8015625 0.346875 0.0578125 0.0828125
2 0.703125 0.590625 0.165625 0.4671875
0 0.6984375 0.396875 0.0546875 0.075
2 0.5421875 0.6546875 0.10625 0.2703125
0 0.5359375 0.55 0.04375 0.0546875
2 0.590625 0.596875 0.115625 0.3765625
0 0.578125 0.4421875 0.046875 0.059375
2 0.721875 0.5484375 0.159375 0.4625
0 0.7078125 0.3515625 0.053125 0.0640625
2 0.6125 0.4921875 0.140625 0.39375
0 0.6203125 0.3296875 0.040625 0.059375
2 0.60625 0.44375 0.1609375 0.371875
0 0.5859375 0.2921875 0.04375 0.05
2 0.559375 0.39375 0.1078125 0.296875
0 0.5515625 0.2703125 0.03125 0.04375
2 0.584375 0.35 0.109375 0.303125
0 0.58125 0.225 0.0359375 0.0453125
2 0.4625 0.4140625 0.0859375 0.309375
0 0.4609375 0.2890625 0.03125 0.04375
2 0.4765625 0.38125 0.090625 0.309375
0 0.4765625 0.2546875 0.0359375 0.0375
2 0.4203125 0.3671875 0.084375 0.30625
0 0.421875 0.2375 0.03125 0.034375
2 0.3890625 0.378125 0.0953125 0.290625
0 0.3890625 0.25625 0.0328125 0.0421875
2 0.3390625 0.284375 0.0671875 0.165625
0 0.346875 0.2265625 0.0328125 0.0421875
2 0.3609375 0.44375 0.11875 0.334375
0 0.371875 0.3046875 0.0421875 0.0515625
2 0.3453125 0.5046875 0.178125 0.415625
0 0.321875 0.3390625 0.0515625 0.0578125
2 0.3 0.5765625 0.1640625 0.4171875
0 0.2921875 0.40625 0.05 0.06875
0 0.1734375 0.484375 0.059375 0.0703125