2 0.221875 0.3953125 0.0296875 0.0671875
0 0.225 0.3671875 0.0078125 0.0078125
2 0.2453125 0.403125 0.0296875 0.0859375
0 0.24375 0.3671875 0.0109375 0.0125
2 0.825 0.6015625 0.1140625 0.384375
0 0.8203125 0.4390625 0.04375 0.0484375
2 0.2359375 0.653125 0.153125 0.346875
0 0.2828125 0.515625 0.046875 0.059375
2 0.3078125 0.59375 0.1609375 0.3640625
0 0.346875 0.4421875 0.0421875 0.05
2 0.35 0.6484375 0.115625 0.303125
0 0.3703125 0.5296875 0.04375 0.059375
2 0.434375 0.6625 0.1078125 0.2765625
0 0.44375 0.559375 0.0453125 0.059375
2 0.4140625 0.5859375 0.115625 0.3625
0 0.4453125 0.43125 0.0375 0.0453125
2 0.4640625 0.628125 0.11875 0.28125
0 0.4921875 0.515625 0.0359375 0.05
2 0.48125 0.5546875 0.1 0.31875
0 0.49375 0.4234375 0.034375 0.0453125
2 0.4828125 0.6015625 0.10625 0.2984375
0 0.50625 0.478125 0.0375 0.0453125
2 0.5234375 0.6015625 0.1046875 0.3421875
0 0.553125 0.45625 0.040625 0.0484375
2 0.5734375 0.5765625 0.090625 0.31875
0 0.5875 0.4453125 0.0390625 0.05
2 0.5375 0.54375 0.109375 0.321875
0 0.55 0.409375 0.0359375 0.0421875
2 0.634375 0.5859375 0.1078125 0.378125
0 0.6296875 0.434375 0.040625 0.0515625
2 0.690625 0.578125 0.0984375 0.3546875
0 0.678125 0.4265625 0.0390625 0.0453125
2 0.7265625 0.596875 0.1109375 0.3765625
0 0.7296875 0.4359375 0.0328125 0.04375
2 0.721875 0.5703125 0.1109375 0.325
0 0.73125 0.434375 0.0375 0.04375