2 0.06875 0.453125 0.1375 0.465625
0 0.028125 0.25 0.0546875 0.053125
2 0.2328125 0.50625 0.3 0.584375
0 0.290625 0.2671875 0.0703125 0.09375
2 0.23125 0.4390625 0.1828125 0.4859375
0 0.2390625 0.228125 0.0578125 0.05625
2 0.409375 0.3859375 0.0984375 0.3
0 0.415625 0.2609375 0.0390625 0.0484375
2 0.4921875 0.5140625 0.2359375 0.56875
0 0.496875 0.278125 0.084375 0.0875
2 0.58125 0.4140625 0.090625 0.315625
0 0.578125 0.2859375 0.0375 0.05
2 0.6828125 0.515625 0.1703125 0.6078125
0 0.6984375 0.259375 0.0796875 0.0875
2 0.709375 0.46875 0.1953125 0.4671875
0 0.7375 0.2796875 0.034375 0.040625
2 0.8390625 0.3734375 0.090625 0.2
0 0.834375 0.2921875 0.028125 0.0265625
2 0.7984375 0.359375 0.053125 0.1515625
0 0.796875 0.2984375 0.0234375 0.0234375