2 0.275 0.5484375 0.0265625 0.0515625
0 0.271875 0.528125 0.00625 0.00625
2 0.290625 0.5390625 0.028125 0.0515625
0 0.29375 0.51875 0.009375 0.009375
2 0.3015625 0.528125 0.015625 0.046875
0 0.3015625 0.509375 0.00625 0.00625
2 0.303125 0.5328125 0.0203125 0.0453125
0 0.303125 0.515625 0.00625 0.00625
2 0.4421875 0.5890625 0.025 0.059375
0 0.4421875 0.565625 0.0078125 0.009375
2 0.4359375 0.53125 0.021875 0.0484375
0 0.434375 0.5109375 0.00625 0.00625
2 0.453125 0.5390625 0.01875 0.04375
0 0.4515625 0.5203125 0.00625 0.00625
2 0.5390625 0.5515625 0.0140625 0.05
0 0.5390625 0.5328125 0.00625 0.00625
2 0.625 0.4671875 0.0125 0.03125
0 0.625 0.4546875 0.0046875 0.0046875
2 0.6546875 0.4515625 0.0109375 0.0203125
0 0.653125 0.4453125 0.003125 0.0046875
2 0.8578125 0.4578125 0.009375 0.021875
0 0.859375 0.4515625 0.003125 0.003125
2 0.85 0.49375 0.0140625 0.0359375
0 0.8515625 0.478125 0.0046875 0.0046875
2 0.8671875 0.4921875 0.0140625 0.0359375
0 0.8671875 0.4765625 0.0046875 0.0046875
2 0.6421875 0.6859375 0.0265625 0.090625
0 0.6421875 0.6515625 0.0125 0.0171875
2 0.7 0.6703125 0.034375 0.0890625
0 0.6921875 0.6359375 0.0125 0.0140625