2 0.2140625 0.8234375 0.0484375 0.0640625
0 0.2078125 0.8 0.009375 0.0140625
2 0.246875 0.8234375 0.028125 0.05625
0 0.2421875 0.803125 0.0078125 0.0109375
2 0.2640625 0.81875 0.0234375 0.0671875
0 0.2640625 0.79375 0.0078125 0.009375
2 0.2734375 0.8234375 0.0296875 0.05625
0 0.26875 0.803125 0.0109375 0.0125
2 0.3265625 0.8203125 0.0453125 0.05625
0 0.325 0.8 0.009375 0.0125
2 0.3796875 0.815625 0.0140625 0.0390625
0 0.3796875 0.8015625 0.00625 0.0078125
2 0.3890625 0.815625 0.0140625 0.040625
0 0.390625 0.8 0.00625 0.00625
2 0.396875 0.8171875 0.015625 0.0515625
0 0.3984375 0.796875 0.00625 0.0078125
2 0.475 0.80625 0.1375 0.3171875
0 0.459375 0.671875 0.03125 0.0390625
2 0.5421875 0.8109375 0.01875 0.059375
0 0.5421875 0.7890625 0.0078125 0.009375
2 0.55625 0.8125 0.0171875 0.0625
0 0.553125 0.7875 0.0078125 0.0109375
2 0.5765625 0.8109375 0.01875 0.0609375
0 0.5765625 0.7859375 0.0078125 0.0078125
2 0.5578125 0.8046875 0.0171875 0.05625
0 0.55625 0.784375 0.009375 0.0109375
2 0.5875 0.8125 0.015625 0.05625
0 0.5875 0.790625 0.009375 0.0078125
2 0.5921875 0.8109375 0.01875 0.0578125
0 0.5921875 0.7859375 0.0078125 0.0078125
2 0.60625 0.8109375 0.0234375 0.0609375
0 0.5984375 0.7859375 0.0078125 0.0078125
2 0.65 0.8125 0.0234375 0.0515625
0 0.653125 0.78125 0.0078125 0.0078125
2 0.65625 0.80625 0.021875 0.0609375
0 0.6546875 0.7828125 0.00625 0.0078125
2 0.671875 0.8046875 0.04375 0.071875
0 0.68125 0.778125 0.0078125 0.009375
2 0.69375 0.8078125 0.0265625 0.0578125
0 0.69375 0.784375 0.009375 0.0078125
2 0.7140625 0.809375 0.03125 0.0421875
0 0.7046875 0.79375 0.009375 0.0078125
2 0.721875 0.80625 0.01875 0.05625
0 0.721875 0.784375 0.009375 0.0109375
2 0.73125 0.8046875 0.0234375 0.0609375
0 0.7265625 0.7796875 0.0078125 0.009375
2 0.7609375 0.8125 0.0203125 0.0515625
0 0.759375 0.79375 0.009375 0.009375
2 0.7578125 0.8046875 0.01875 0.0359375
0 0.759375 0.79375 0.0078125 0.0078125
2 0.7734375 0.80625 0.0234375 0.0375
0 0.778125 0.79375 0.0109375 0.0078125
2 0.790625 0.8015625 0.0265625 0.071875
0 0.7859375 0.7734375 0.009375 0.009375
2 0.7984375 0.8046875 0.0296875 0.0609375
0 0.790625 0.778125 0.00625 0.0078125
2 0.8375 0.7984375 0.040625 0.084375
0 0.83125 0.7640625 0.0109375 0.0125
2 0.8578125 0.796875 0.028125 0.0234375
0 0.8578125 0.7890625 0.00625 0.00625
0 0.865625 0.7875 0.0078125 0.0078125