2 0.878125 0.45625 0.05 0.1140625
0 0.8734375 0.409375 0.01875 0.0171875
2 0.8234375 0.45 0.046875 0.1109375
0 0.8234375 0.40625 0.0140625 0.015625
2 0.7578125 0.45625 0.0390625 0.10625
0 0.7546875 0.4125 0.0140625 0.0171875
2 0.771875 0.4515625 0.0453125 0.10625
0 0.7703125 0.409375 0.0140625 0.015625
2 0.696875 0.4484375 0.0359375 0.08125
0 0.7 0.4171875 0.0109375 0.0125
2 0.7296875 0.415625 0.028125 0.0546875
0 0.7296875 0.39375 0.00625 0.0078125
2 0.8234375 0.4203125 0.025 0.06875
0 0.821875 0.3921875 0.009375 0.0078125
2 0.803125 0.4203125 0.0234375 0.0625
0 0.8046875 0.3953125 0.009375 0.009375
2 0.790625 0.4203125 0.021875 0.0671875
0 0.7890625 0.39375 0.0078125 0.0109375
2 0.7765625 0.4234375 0.0234375 0.06875
0 0.7765625 0.3953125 0.0078125 0.0078125
2 0.3015625 0.55625 0.1484375 0.3546875
0 0.3390625 0.4078125 0.0375 0.0484375
2 0.4171875 0.565625 0.1359375 0.3421875
0 0.415625 0.4171875 0.0421875 0.0421875
2 0.6265625 0.4796875 0.0640625 0.16875
0 0.6265625 0.409375 0.01875 0.0203125
2 0.646875 0.4515625 0.053125 0.1375
0 0.646875 0.3953125 0.015625 0.01875
2 0.515625 0.425 0.03125 0.08125
0 0.515625 0.3921875 0.0078125 0.0109375
2 0.5984375 0.4375 0.046875 0.1
0 0.603125 0.3953125 0.0125 0.0140625
2 0.546875 0.4203125 0.03125 0.06875
0 0.5484375 0.3921875 0.0078125 0.0078125
2 0.684375 0.41875 0.0265625 0.0703125
0 0.6859375 0.3875 0.0109375 0.0109375
2 0.0625 0.4984375 0.0921875 0.23125
0 0.05 0.3984375 0.028125 0.0265625
2 0.1921875 0.44375 0.0390625 0.11875
0 0.1921875 0.39375 0.0125 0.0171875
2 0.2265625 0.44375 0.0484375 0.134375
0 0.2234375 0.3875 0.0140625 0.0171875
2 0.2765625 0.5109375 0.0875 0.2203125
0 0.2609375 0.421875 0.025 0.034375
2 0.3828125 0.45 0.0578125 0.15
0 0.3828125 0.3859375 0.0171875 0.0171875
2 0.4859375 0.4234375 0.028125 0.0796875
0 0.4828125 0.3921875 0.0109375 0.0125
2 0.46875 0.43125 0.0265625 0.0765625
0 0.465625 0.3984375 0.009375 0.0109375
2 0.4671875 0.4234375 0.0296875 0.0859375
0 0.4671875 0.3890625 0.0078125 0.0109375
2 0.453125 0.4296875 0.0359375 0.078125
0 0.4484375 0.3984375 0.0109375 0.0125
2 0.44375 0.4265625 0.025 0.0765625
0 0.440625 0.39375 0.0078125 0.0078125
2 0.40625 0.4203125 0.03125 0.0796875
0 0.409375 0.3859375 0.009375 0.0109375
2 0.0671875 0.4078125 0.0203125 0.0515625
0 0.06875 0.3875 0.0046875 0.00625
2 0.090625 0.4125 0.021875 0.05625
0 0.090625 0.39375 0.0046875 0.00625
2 0.103125 0.4125 0.0265625 0.0578125
0 0.103125 0.3890625 0.0078125 0.009375
2 0.1078125 0.4140625 0.021875 0.0546875
0 0.109375 0.3921875 0.00625 0.00625
2 0.153125 0.3984375 0.0125 0.028125
0 0.15625 0.3875 0.0046875 0.0046875
2 0.2125 0.41875 0.0265625 0.08125
0 0.2125 0.3859375 0.0078125 0.009375
2 0.2328125 0.421875 0.025 0.0734375
0 0.23125 0.390625 0.0078125 0.009375
2 0.2515625 0.4328125 0.028125 0.0953125
0 0.2515625 0.39375 0.0109375 0.009375
2 0.2390625 0.4078125 0.01875 0.0578125
0 0.2453125 0.384375 0.0078125 0.0078125
2 0.25625 0.409375 0.0171875 0.0578125
0 0.253125 0.3859375 0.00625 0.00625
2 0.2859375 0.4234375 0.0296875 0.08125
0 0.2875 0.390625 0.009375 0.0109375
2 0.3109375 0.428125 0.0296875 0.084375
0 0.3125 0.39375 0.009375 0.0125
2 0.565625 0.4046875 0.0171875 0.053125
0 0.565625 0.3828125 0.00625 0.00625
2 0.58125 0.4078125 0.021875 0.05625
0 0.58125 0.3859375 0.0078125 0.009375
2 0.66875 0.41875 0.0234375 0.065625
0 0.6734375 0.3921875 0.00625 0.0078125
2 0.7 0.415625 0.028125 0.071875
0 0.7 0.3859375 0.0078125 0.009375
2 0.590625 0.4203125 0.028125 0.075
0 0.590625 0.3875 0.0078125 0.0078125
2 0.6109375 0.421875 0.021875 0.071875
0 0.609375 0.390625 0.0078125 0.009375
2 0.5234375 0.4046875 0.01875 0.04375
0 0.5265625 0.3859375 0.003125 0.0046875
2 0.7421875 0.4015625 0.009375 0.0375
0 0.74375 0.3859375 0.0046875 0.0046875