0 0.4234375 0.8234375 0.0125 0.015625
0 0.478125 0.8171875 0.009375 0.009375
0 0.4703125 0.7875 0.009375 0.0109375
0 0.446875 0.7828125 0.0078125 0.009375
2 0.4375 0.7875 0.0265625 0.0609375
0 0.440625 0.765625 0.0078125 0.009375
2 0.36875 0.71875 0.0203125 0.04375
0 0.36875 0.703125 0.0046875 0.0046875
2 0.5328125 0.725 0.03125 0.0546875
0 0.53125 0.70625 0.00625 0.009375
2 0.578125 0.665625 0.0140625 0.0328125
0 0.578125 0.6546875 0.003125 0.0046875
2 0.371875 0.653125 0.0125 0.0265625
0 0.3734375 0.6453125 0.003125 0.0046875
2 0.35 0.6546875 0.0140625 0.0265625
0 0.35 0.6453125 0.00625 0.0046875
2 0.3171875 0.6796875 0.0125 0.0328125
0 0.3171875 0.6671875 0.00625 0.00625
2 0.31875 0.6640625 0.0125 0.0234375
0 0.31875 0.65625 0.003125 0.003125
2 0.2765625 0.634375 0.009375 0.021875
0 0.278125 0.6296875 0.003125 0.0046875
2 0.7703125 0.7140625 0.0203125 0.0453125
0 0.7671875 0.703125 0.003125 0.00625
2 0.80625 0.75625 0.0296875 0.0640625
0 0.8 0.7296875 0.009375 0.009375
0 0.86875 0.7875 0.009375 0.0125