2 0.0359375 0.609375 0.071875 0.1234375
0 0.0265625 0.565625 0.0234375 0.03125
2 0.0484375 0.621875 0.0703125 0.0921875
0 0.04375 0.590625 0.0234375 0.028125
2 0.028125 0.53359375 0.05625 0.2140625
0 0.0140625 0.446875 0.025 0.0328125
2 0.0828125 0.528125 0.1546875 0.3984375
0 0.0828125 0.3625 0.05 0.0625
2 0.1125 0.546875 0.06875 0.2453125
0 0.1234375 0.4546875 0.0234375 0.028125
2 0.1578125 0.5640625 0.05 0.203125
0 0.1578125 0.4765625 0.0234375 0.0265625
2 0.171875 0.5578125 0.0765625 0.2234375
0 0.1734375 0.4640625 0.025 0.0328125
2 0.2109375 0.553125 0.0578125 0.2171875
0 0.209375 0.465625 0.025 0.03125
2 0.275 0.5453125 0.15625 0.3796875
0 0.2578125 0.3921875 0.0453125 0.0640625
2 0.3234375 0.546875 0.059375 0.225
0 0.3203125 0.453125 0.0234375 0.0328125
2 0.3484375 0.5515625 0.0578125 0.2171875
0 0.34375 0.459375 0.0265625 0.03125
2 0.3609375 0.553125 0.046875 0.178125
0 0.3546875 0.48125 0.025 0.03125
2 0.40625 0.5484375 0.0671875 0.2171875
0 0.403125 0.45625 0.0265625 0.025
2 0.4546875 0.525 0.140625 0.3953125
0 0.4421875 0.3625 0.04375 0.0625
2 0.5125 0.54375 0.0828125 0.2390625
0 0.5078125 0.44375 0.021875 0.0296875
2 0.5265625 0.5578125 0.0703125 0.2140625
0 0.528125 0.4671875 0.0265625 0.0296875
2 0.5609375 0.5625 0.0671875 0.2078125
0 0.565625 0.475 0.025 0.03125
2 0.625 0.5359375 0.1171875 0.3296875
0 0.628125 0.3953125 0.0359375 0.0484375
2 0.6953125 0.5546875 0.1234375 0.146875
0 0.665625 0.509375 0.040625 0.040625
2 0.696875 0.54375 0.0671875 0.2359375
0 0.6953125 0.4453125 0.0265625 0.0328125
2 0.7734375 0.5203125 0.1453125 0.425
0 0.7640625 0.34375 0.046875 0.0671875
2 0.8515625 0.6140625 0.096875 0.1046875
0 0.8203125 0.58125 0.0234375 0.03125
2 0.8609375 0.5484375 0.078125 0.2265625
0 0.859375 0.45625 0.025 0.0265625
2 0.8734375 0.5484375 0.0859375 0.2296875
0 0.859375 0.4578125 0.025 0.0296875
2 0.9140625 0.5375 0.1453125 0.3734375
0 0.90625 0.3828125 0.0421875 0.059375