0 0.009375 0.5203125 0.01875 0.05625
2 0.0671875 0.4234375 0.040625 0.078125
0 0.0625 0.3953125 0.015625 0.015625
2 0.0546875 0.4703125 0.0421875 0.0734375
0 0.0578125 0.44375 0.015625 0.015625
2 0.034375 0.515625 0.0484375 0.075
0 0.0296875 0.490625 0.0171875 0.021875
2 0.0734375 0.6015625 0.071875 0.1171875
0 0.0640625 0.5609375 0.0109375 0.0140625
2 0.0546875 0.6203125 0.0515625 0.1109375
0 0.0515625 0.58125 0.0140625 0.01875
2 0.075 0.63125 0.0515625 0.0859375
0 0.075 0.6046875 0.0140625 0.015625
2 0.0921875 0.4765625 0.046875 0.078125
0 0.096875 0.453125 0.0125 0.015625
2 0.0953125 0.54375 0.0453125 0.075
0 0.0953125 0.51875 0.015625 0.01875
2 0.1421875 0.5875 0.0609375 0.10625
0 0.1421875 0.553125 0.015625 0.0203125
2 0.1484375 0.3921875 0.0328125 0.0828125
0 0.146875 0.3578125 0.0109375 0.009375
2 0.1984375 0.4609375 0.0421875 0.0765625
0 0.19375 0.43125 0.0125 0.0109375
2 0.1828125 0.509375 0.0546875 0.075
0 0.1796875 0.484375 0.015625 0.0171875
2 0.178125 0.5875 0.0421875 0.0765625
0 0.1796875 0.559375 0.0125 0.0203125
2 0.278125 0.43125 0.05 0.1140625
0 0.2796875 0.3859375 0.0125 0.0140625
2 0.2671875 0.59375 0.109375 0.2234375
0 0.2625 0.503125 0.025 0.0375
2 0.265625 0.48125 0.0453125 0.06875
0 0.2671875 0.4578125 0.0109375 0.015625
2 0.296875 0.46875 0.04375 0.075
0 0.296875 0.446875 0.0109375 0.0125
2 0.325 0.478125 0.04375 0.0765625
0 0.3265625 0.45 0.009375 0.0125
2 0.365625 0.4765625 0.0390625 0.0796875
0 0.365625 0.4484375 0.0125 0.0171875
2 0.3484375 0.5359375 0.05 0.075
0 0.346875 0.5109375 0.015625 0.0171875
2 0.3359375 0.60625 0.0546875 0.0859375
0 0.3328125 0.58125 0.0140625 0.01875
2 0.3796875 0.6328125 0.046875 0.084375
0 0.3875 0.6015625 0.015625 0.0171875
2 0.4140625 0.6328125 0.046875 0.0875
0 0.4140625 0.6015625 0.0125 0.01875
2 0.41875 0.5828125 0.0453125 0.078125
0 0.4203125 0.55625 0.0109375 0.0140625
2 0.45625 0.5859375 0.0453125 0.0796875
0 0.45625 0.5578125 0.015625 0.01875
2 0.396875 0.4734375 0.0421875 0.0828125
0 0.3984375 0.44375 0.015625 0.0171875
2 0.4234375 0.3890625 0.0421875 0.0921875
0 0.421875 0.3515625 0.0109375 0.0109375
2 0.5765625 0.4234375 0.0328125 0.0609375
0 0.575 0.4046875 0.0109375 0.0140625
2 0.5796875 0.43125 0.0234375 0.0421875
0 0.5796875 0.415625 0.009375 0.0125
2 0.6015625 0.4234375 0.0359375 0.065625
0 0.6015625 0.4015625 0.0125 0.015625
2 0.603125 0.4484375 0.040625 0.0734375
0 0.5984375 0.4296875 0.0125 0.015625
2 0.6953125 0.4296875 0.034375 0.06875
0 0.6953125 0.4046875 0.009375 0.009375
2 0.571875 0.51875 0.0421875 0.075
0 0.571875 0.4921875 0.0140625 0.015625
2 0.6515625 0.5046875 0.0546875 0.084375
0 0.646875 0.475 0.0109375 0.0125
2 0.6140625 0.5234375 0.0375 0.0765625
0 0.615625 0.4953125 0.0109375 0.015625
2 0.7015625 0.5015625 0.05625 0.0734375
0 0.70625 0.478125 0.0125 0.015625
2 0.615625 0.5640625 0.0484375 0.1
0 0.6140625 0.5328125 0.0171875 0.0203125
2 0.6203125 0.5875 0.0421875 0.090625
0 0.6203125 0.553125 0.0125 0.015625
2 0.6546875 0.5609375 0.0453125 0.1015625
0 0.653125 0.5265625 0.0140625 0.0171875
2 0.7 0.5890625 0.0421875 0.084375
0 0.6984375 0.5578125 0.015625 0.0171875
2 0.625 0.6328125 0.046875 0.1046875
0 0.628125 0.59375 0.015625 0.0234375
2 0.6625 0.634375 0.0453125 0.090625
0 0.659375 0.6 0.0171875 0.01875
2 0.7265625 0.5796875 0.0453125 0.1
0 0.725 0.5515625 0.0140625 0.0171875
2 0.7453125 0.5953125 0.0453125 0.0734375
0 0.7421875 0.5703125 0.0109375 0.015625
2 0.746875 0.6328125 0.046875 0.1015625
0 0.746875 0.590625 0.0171875 0.01875
2 0.8109375 0.5359375 0.0421875 0.0875
0 0.8203125 0.503125 0.0171875 0.01875
2 0.840625 0.5390625 0.0390625 0.0890625
0 0.840625 0.509375 0.0140625 0.0171875
2 0.934375 0.453125 0.0453125 0.09375
0 0.9328125 0.4125 0.0125 0.0140625
2 0.95 0.4984375 0.0578125 0.1375
0 0.9546875 0.4515625 0.015625 0.0234375
2 0.9578125 0.5265625 0.04375 0.121875
0 0.959375 0.4765625 0.0140625 0.0171875
2 0.9609375 0.6546875 0.0515625 0.1234375
0 0.95625 0.6078125 0.0171875 0.0203125
0 0.3203125 0.69375 0.0203125 0.025
0 0.428125 0.7 0.046875 0.046875
0 0.5203125 0.4265625 0.0703125 0.053125