2 0.5515625 0.40625 0.059375 0.14375
0 0.553125 0.35 0.0171875 0.0234375
2 0.6640625 0.40625 0.0515625 0.134375
0 0.6578125 0.3515625 0.0203125 0.0234375
0 0.4515625 0.5890625 0.1234375 0.11875
0 0.1375 0.596875 0.159375 0.1734375
0 0.8890625 0.540625 0.096875 0.0953125
0 0.696875 0.5203125 0.090625 0.1015625
0 0.8921875 0.5390625 0.09375 0.09375
0 0.1984375 0.5046875 0.0765625 0.084375
2 0.4 0.56875 0.1546875 0.284375
0 0.39375 0.4640625 0.0734375 0.0625
2 0.0765625 0.5515625 0.15 0.240625
0 0.05 0.4640625 0.0515625 0.059375
2 0.125 0.5171875 0.109375 0.184375
0 0.1375 0.4453125 0.0296875 0.040625
2 0.3390625 0.521875 0.0984375 0.16875
0 0.328125 0.4609375 0.034375 0.0390625
2 0.471875 0.5203125 0.1 0.178125
0 0.4765625 0.4578125 0.040625 0.040625
2 0.5796875 0.5171875 0.109375 0.1921875
0 0.5921875 0.446875 0.0375 0.0375
2 0.6421875 0.5328125 0.1375 0.234375
0 0.64375 0.446875 0.046875 0.05625
2 0.79375 0.525 0.1265625 0.2453125
0 0.8 0.440625 0.0515625 0.053125
2 0.9125 0.5765625 0.1453125 0.25625
0 0.9375 0.48125 0.0625 0.059375
2 0.9015625 0.475 0.090625 0.1296875
0 0.9046875 0.434375 0.03125 0.0390625
0 0.959375 0.4265625 0.028125 0.0265625
2 0.3328125 0.4953125 0.1015625 0.165625
0 0.3453125 0.4328125 0.0359375 0.0375
2 0.515625 0.4921875 0.0765625 0.1375
0 0.50625 0.4453125 0.0328125 0.040625
2 0.225 0.515625 0.1046875 0.1953125
0 0.23125 0.440625 0.034375 0.040625
2 0.5453125 0.478125 0.0765625 0.1421875
0 0.540625 0.4296875 0.03125 0.034375
2 0.69375 0.5078125 0.0984375 0.165625
0 0.6796875 0.446875 0.034375 0.034375
2 0.1296875 0.5015625 0.090625 0.1625
0 0.1359375 0.446875 0.0328125 0.040625