2 0.065625 0.609375 0.13125 0.3796875
0 0.0265625 0.45625 0.05 0.059375
0 0.1859375 0.453125 0.046875 0.059375
2 0.2765625 0.565625 0.153125 0.2703125
0 0.2953125 0.45625 0.0328125 0.0390625
2 0.3921875 0.571875 0.109375 0.2796875
0 0.4078125 0.453125 0.034375 0.0390625
2 0.5015625 0.525 0.0640625 0.1640625
0 0.4984375 0.4578125 0.021875 0.0234375
2 0.5703125 0.51875 0.06875 0.171875
0 0.5734375 0.45 0.0203125 0.021875
2 0.6125 0.5078125 0.046875 0.1359375
0 0.6171875 0.45 0.015625 0.015625
2 0.640625 0.49375 0.025 0.0984375
0 0.6421875 0.4546875 0.0109375 0.0125
2 0.659375 0.50625 0.028125 0.1171875
0 0.6609375 0.4578125 0.0140625 0.015625
2 0.665625 0.5125 0.0484375 0.128125
0 0.665625 0.459375 0.015625 0.0171875
2 0.6890625 0.5 0.028125 0.0890625
0 0.6875 0.4640625 0.0140625 0.0125
2 0.7109375 0.5109375 0.0375 0.1015625
0 0.7125 0.46875 0.0109375 0.0125
2 0.7296875 0.5 0.0328125 0.1015625
0 0.7296875 0.4578125 0.015625 0.0140625
2 0.621875 0.5046875 0.03125 0.1078125
0 0.628125 0.459375 0.0109375 0.0125