2 0.128125 0.5765625 0.19375 0.334375
0 0.18125 0.5078125 0.040625 0.059375
2 0.2578125 0.5734375 0.1171875 0.2171875
0 0.259375 0.5 0.04375 0.053125
2 0.3578125 0.584375 0.1390625 0.246875
0 0.346875 0.5046875 0.0375 0.0546875
2 0.4640625 0.5953125 0.16875 0.25625
0 0.4296875 0.5 0.0390625 0.05625
2 0.1140625 0.5390625 0.171875 0.3078125
0 0.1625 0.4234375 0.0453125 0.0625
2 0.24375 0.5 0.1046875 0.2453125
0 0.2625 0.4046875 0.0328125 0.0453125
2 0.3140625 0.5125 0.10625 0.2640625
0 0.3140625 0.41875 0.0390625 0.05
2 0.371875 0.4921875 0.1 0.2765625
0 0.3625 0.38125 0.0375 0.04375
2 0.440625 0.475 0.1171875 0.371875
0 0.4515625 0.390625 0.034375 0.046875
2 0.5078125 0.484375 0.0796875 0.2890625
0 0.50625 0.40625 0.03125 0.0421875
2 0.565625 0.5078125 0.078125 0.28125
0 0.5640625 0.4 0.0296875 0.040625
2 0.6328125 0.509375 0.14375 0.271875
0 0.6578125 0.4 0.0421875 0.0484375
2 0.75 0.5109375 0.165625 0.31875
0 0.7296875 0.3953125 0.0390625 0.0515625
2 0.8421875 0.540625 0.0984375 0.2546875
0 0.846875 0.440625 0.046875 0.05
0 0.9078125 0.4328125 0.0484375 0.059375
2 0.0875 0.4625 0.1296875 0.3421875
0 0.115625 0.321875 0.0421875 0.0515625
2 0.1921875 0.43125 0.121875 0.290625
0 0.2046875 0.3109375 0.0375 0.0421875
2 0.2640625 0.425 0.1046875 0.25
0 0.2640625 0.325 0.03125 0.04375
2 0.3640625 0.40625 0.0890625 0.2203125
0 0.359375 0.315625 0.034375 0.0375
2 0.415625 0.40625 0.0890625 0.2265625
0 0.421875 0.3140625 0.0296875 0.0359375
2 0.4859375 0.4109375 0.096875 0.2625
0 0.4921875 0.3109375 0.0328125 0.04375
2 0.5609375 0.3953125 0.0875 0.225
0 0.559375 0.3171875 0.03125 0.0421875
2 0.6265625 0.4515625 0.1046875 0.2953125
0 0.6390625 0.3546875 0.0390625 0.0421875
2 0.7140625 0.46875 0.103125 0.290625
0 0.7296875 0.3953125 0.0390625 0.0515625
2 0.775 0.4359375 0.103125 0.35
0 0.784375 0.33125 0.0328125 0.0375
2 0.8546875 0.4734375 0.125 0.296875
0 0.878125 0.3484375 0.0390625 0.04375
2 0.9390625 0.49375 0.1125 0.33125
0 0.94375 0.359375 0.04375 0.053125
2 0.03125 0.396875 0.03125 0.0859375
0 0.0296875 0.3609375 0.0109375 0.0125
2 0.0375 0.315625 0.0234375 0.05625
0 0.0375 0.2921875 0.0078125 0.009375
2 0.6484375 0.290625 0.01875 0.034375
0 0.6484375 0.278125 0.00625 0.00625
2 0.8328125 0.29375 0.0234375 0.05625
0 0.8328125 0.271875 0.009375 0.0109375
2 0.85625 0.3140625 0.0234375 0.05
0 0.8609375 0.29375 0.0078125 0.009375
2 0.86875 0.3234375 0.0234375 0.0421875
0 0.8703125 0.3078125 0.0078125 0.009375
2 0.8125 0.3109375 0.0234375 0.0484375
0 0.8125 0.2921875 0.0078125 0.009375
2 0.7890625 0.3125 0.01875 0.0453125
0 0.7921875 0.29375 0.0078125 0.009375
2 0.8890625 0.321875 0.03125 0.0546875
0 0.8984375 0.303125 0.009375 0.0109375
2 0.94375 0.3296875 0.0328125 0.05
0 0.94375 0.309375 0.0078125 0.0078125
2 0.9296875 0.328125 0.021875 0.0515625
0 0.9296875 0.3078125 0.0109375 0.009375
2 0.9171875 0.309375 0.025 0.059375
0 0.9203125 0.2859375 0.0078125 0.009375
2 0.009375 0.3890625 0.01875 0.0703125
0 0.003125 0.359375 0.0046875 0.0125
2 0.034375 0.3765625 0.0296875 0.0640625
0 0.0328125 0.3515625 0.0125 0.0140625
2 0.2328125 0.3015625 0.025 0.040625
0 0.23125 0.2859375 0.00625 0.0078125
2 0.4125 0.309375 0.0203125 0.0453125
0 0.4140625 0.29375 0.0078125 0.009375
2 0.428125 0.3046875 0.021875 0.0484375
0 0.428125 0.2859375 0.0078125 0.009375
2 0.8921875 0.30625 0.021875 0.040625
0 0.8921875 0.29375 0.0078125 0.009375
2 0.9125 0.3203125 0.028125 0.0421875
0 0.9125 0.3046875 0.009375 0.009375
2 0.9109375 0.3109375 0.0203125 0.0421875
0 0.9109375 0.296875 0.00625 0.0078125
2 0.796875 0.3171875 0.0203125 0.0484375
0 0.8015625 0.3 0.009375 0.009375
2 0.3 0.4140625 0.0765625 0.228125
0 0.303125 0.325 0.0296875 0.0421875
2 0.6546875 0.384375 0.08125 0.271875
0 0.6671875 0.31875 0.0265625 0.0296875
2 0.7328125 0.3875 0.09375 0.2515625
0 0.728125 0.334375 0.0234375 0.0296875
2 0.7984375 0.290625 0.0265625 0.0546875
0 0.8 0.26875 0.0109375 0.009375
0 0.990625 0.3828125 0.0109375 0.0140625