2 0.24375 0.671875 0.165625 0.28125
0 0.2484375 0.5671875 0.0546875 0.06875
2 0.3953125 0.646875 0.1734375 0.2515625
0 0.3609375 0.5609375 0.0578125 0.0703125
2 0.4625 0.615625 0.1359375 0.2671875
0 0.459375 0.51875 0.0453125 0.0625
2 0.5828125 0.625 0.128125 0.2265625
0 0.56875 0.54375 0.04375 0.0515625
2 0.721875 0.5984375 0.1328125 0.2671875
0 0.7375 0.4984375 0.0515625 0.0515625
2 0.8890625 0.55 0.1359375 0.3046875
0 0.853125 0.43125 0.0453125 0.05625
2 0.79375 0.521875 0.0984375 0.3015625
0 0.7890625 0.403125 0.040625 0.046875
2 0.7203125 0.521875 0.115625 0.296875
0 0.7015625 0.4078125 0.0453125 0.0625
2 0.64375 0.540625 0.128125 0.2875
0 0.6515625 0.428125 0.0390625 0.05625
2 0.571875 0.546875 0.1203125 0.271875
0 0.584375 0.44375 0.040625 0.05625
2 0.4875 0.528125 0.0953125 0.3
0 0.4890625 0.409375 0.0453125 0.0546875
2 0.4203125 0.5515625 0.0953125 0.3
0 0.43125 0.434375 0.0390625 0.059375
2 0.3359375 0.559375 0.1078125 0.31875
0 0.3484375 0.4375 0.0484375 0.0640625
2 0.2453125 0.58125 0.1265625 0.353125
0 0.246875 0.4421875 0.05 0.059375
2 0.146875 0.6 0.1328125 0.3765625
0 0.1609375 0.453125 0.0578125 0.071875
2 0.125 0.546875 0.153125 0.4140625
0 0.11875 0.3734375 0.0484375 0.0625
2 0.20625 0.528125 0.1203125 0.3796875
0 0.2078125 0.371875 0.04375 0.05
2 0.2953125 0.5171875 0.121875 0.3734375
0 0.2875 0.359375 0.0484375 0.0546875
2 0.39375 0.50625 0.1109375 0.3515625
0 0.3890625 0.3609375 0.0390625 0.05
2 0.3234375 0.475 0.109375 0.3140625
0 0.3140625 0.34375 0.0359375 0.0453125
2 0.4453125 0.45625 0.0828125 0.290625
0 0.4515625 0.34375 0.040625 0.0515625
2 0.5078125 0.496875 0.1046875 0.3046875
0 0.5046875 0.3734375 0.0390625 0.05
2 0.5171875 0.45625 0.0890625 0.2875
0 0.5171875 0.3390625 0.0359375 0.0484375
2 0.5671875 0.478125 0.1015625 0.28125
0 0.5640625 0.3671875 0.0359375 0.053125
2 0.5828125 0.440625 0.0921875 0.2703125
0 0.575 0.3328125 0.0359375 0.0453125
2 0.603125 0.48125 0.0828125 0.2828125
0 0.6046875 0.3703125 0.034375 0.0484375
2 0.6578125 0.48125 0.078125 0.2953125
0 0.6515625 0.3625 0.034375 0.0484375
2 0.6703125 0.4328125 0.0921875 0.278125
0 0.671875 0.321875 0.0375 0.0484375
2 0.7140625 0.4828125 0.0828125 0.3
0 0.7109375 0.3625 0.0359375 0.0453125
2 0.7578125 0.4484375 0.078125 0.271875
0 0.7453125 0.3375 0.03125 0.04375
2 0.775 0.4796875 0.0859375 0.321875
0 0.7734375 0.3484375 0.0375 0.0453125
2 0.8390625 0.484375 0.0921875 0.3140625
0 0.8515625 0.35 0.04375 0.0484375
2 0.8890625 0.5 0.10625 0.325
0 0.9015625 0.3625 0.0390625 0.0453125
0 0.9671875 0.3359375 0.0453125 0.0515625