0 0.721875 0.36875 0.096875 0.0984375
0 0.640625 0.3453125 0.071875 0.08125
2 0.2453125 0.534375 0.2640625 0.5203125
0 0.2734375 0.321875 0.065625 0.0703125
2 0.059375 0.4828125 0.11875 0.446875
0 0.040625 0.3 0.04375 0.0578125
2 0.1328125 0.4671875 0.1296875 0.36875
0 0.134375 0.30625 0.040625 0.0453125
0 0.98125 0.315625 0.028125 0.0328125
2 0.8984375 0.43125 0.1109375 0.290625
0 0.903125 0.3109375 0.0375 0.046875
2 0.778125 0.4375 0.075 0.2984375
0 0.765625 0.315625 0.0359375 0.034375
2 0.840625 0.4421875 0.0703125 0.265625
0 0.84375 0.3390625 0.0296875 0.040625
2 0.821875 0.4234375 0.078125 0.2953125
0 0.8203125 0.3046875 0.0359375 0.053125
2 0.53125 0.4421875 0.0890625 0.2765625
0 0.5296875 0.3328125 0.0359375 0.04375
2 0.5828125 0.440625 0.0796875 0.265625
0 0.578125 0.334375 0.034375 0.0390625
2 0.478125 0.440625 0.065625 0.278125
0 0.46875 0.33125 0.0390625 0.040625
2 0.4078125 0.453125 0.103125 0.2734375
0 0.3984375 0.34375 0.034375 0.0453125
2 0.384375 0.4890625 0.071875 0.225
0 0.378125 0.4015625 0.0265625 0.0375
2 0.3390625 0.453125 0.1 0.265625
0 0.3453125 0.346875 0.028125 0.0359375
2 0.3296875 0.428125 0.0828125 0.2640625
0 0.334375 0.321875 0.034375 0.0359375
2 0.2296875 0.4546875 0.071875 0.25
0 0.228125 0.35625 0.0328125 0.040625
2 0.1921875 0.4546875 0.071875 0.2453125
0 0.1984375 0.35625 0.03125 0.04375
2 0.5125 0.4265625 0.078125 0.253125
0 0.528125 0.3328125 0.0328125 0.0390625