0 0.9625 0.4765625 0.03125 0.034375
0 0.8890625 0.4578125 0.0515625 0.0546875
2 0.775 0.5890625 0.0921875 0.31875
0 0.7828125 0.459375 0.0375 0.0453125
2 0.7078125 0.5046875 0.0375 0.1015625
0 0.7 0.4640625 0.0140625 0.015625
2 0.7125 0.5265625 0.0359375 0.08125
0 0.70625 0.5 0.015625 0.025
2 0.5828125 0.6015625 0.0828125 0.290625
0 0.5875 0.4828125 0.0453125 0.05
2 0.4953125 0.6 0.0859375 0.2671875
0 0.4984375 0.490625 0.0359375 0.0390625
2 0.6328125 0.5546875 0.053125 0.1953125
0 0.6421875 0.4796875 0.0265625 0.0296875
2 0.421875 0.571875 0.053125 0.2234375
0 0.4171875 0.475 0.021875 0.0265625
2 0.3703125 0.59375 0.10625 0.265625
0 0.353125 0.4796875 0.028125 0.0328125
2 0.29375 0.625 0.1 0.2984375
0 0.2953125 0.5 0.0390625 0.04375
2 0.265625 0.5734375 0.0546875 0.23125
0 0.2703125 0.4875 0.025 0.0328125
2 0.184375 0.6125 0.1171875 0.321875
0 0.1953125 0.4734375 0.0375 0.0421875
2 0.0875 0.5296875 0.0484375 0.1609375
0 0.090625 0.4625 0.0234375 0.0234375
2 0.125 0.5921875 0.065625 0.26875
0 0.11875 0.484375 0.040625 0.040625
2 0.215625 0.54375 0.040625 0.1484375
0 0.2109375 0.4875 0.0171875 0.0234375
2 0.1609375 0.5109375 0.0296875 0.109375
0 0.1578125 0.46875 0.01875 0.0234375
2 0.69375 0.5546875 0.0484375 0.1046875
0 0.6921875 0.51875 0.015625 0.0203125
2 0.0359375 0.5578125 0.0359375 0.128125
0 0.0328125 0.5046875 0.015625 0.0171875
2 0.428125 0.578125 0.071875 0.2375
0 0.434375 0.4765625 0.0296875 0.03125