2 0.7515625 0.5765625 0.25625 0.3015625
0 0.7125 0.4515625 0.0390625 0.0484375
2 0.6515625 0.540625 0.190625 0.309375
0 0.634375 0.4171875 0.0421875 0.05625
2 0.5046875 0.5265625 0.1734375 0.3296875
0 0.5546875 0.3921875 0.04375 0.0484375
2 0.6015625 0.3859375 0.2640625 0.234375
0 0.5375 0.3 0.0359375 0.04375
2 0.453125 0.5046875 0.14375 0.3109375
0 0.4234375 0.378125 0.05 0.0515625
2 0.3890625 0.4765625 0.1484375 0.3390625
0 0.3875 0.340625 0.04375 0.0546875
2 0.2734375 0.4671875 0.16875 0.3796875
0 0.303125 0.3171875 0.0484375 0.0625
2 0.275 0.4515625 0.1609375 0.38125
0 0.2671875 0.2953125 0.0421875 0.0640625
2 0.1375 0.5078125 0.178125 0.3203125
0 0.1671875 0.3953125 0.0515625 0.078125