2 0.353125 0.66875 0.0953125 0.2140625
0 0.35 0.578125 0.025 0.0296875
2 0.4875 0.66875 0.09375 0.2140625
0 0.496875 0.5796875 0.0265625 0.028125
2 0.55625 0.68125 0.09375 0.2234375
0 0.55625 0.5921875 0.0296875 0.034375
2 0.65625 0.665625 0.0546875 0.1140625
0 0.6625 0.625 0.0171875 0.0203125
2 0.646875 0.63125 0.053125 0.1546875
0 0.646875 0.56875 0.0234375 0.025
2 0.646875 0.6140625 0.0375 0.1375
0 0.653125 0.559375 0.0109375 0.0140625
2 0.690625 0.6046875 0.0359375 0.103125
0 0.69375 0.5640625 0.0140625 0.015625
2 0.740625 0.615625 0.040625 0.13125
0 0.740625 0.5625 0.01875 0.0171875
2 0.7671875 0.625 0.05625 0.1640625
0 0.765625 0.55625 0.0203125 0.01875
2 0.834375 0.63125 0.0640625 0.18125
0 0.8375 0.55625 0.021875 0.025
2 0.8875 0.628125 0.0578125 0.1703125
0 0.8875 0.559375 0.0203125 0.0234375
2 0.94375 0.61875 0.065625 0.1625
0 0.9375 0.55 0.0203125 0.0203125
2 0.965625 0.55625 0.015625 0.0390625
0 0.965625 0.54375 0.0046875 0.00625
2 0.8625 0.5703125 0.01875 0.053125
0 0.8625 0.5515625 0.0109375 0.0125
2 0.853125 0.5625 0.0171875 0.0453125
0 0.853125 0.546875 0.0078125 0.0078125
2 0.815625 0.565625 0.01875 0.04375
0 0.815625 0.553125 0.0109375 0.0125
2 0.81875 0.6234375 0.0515625 0.15
0 0.821875 0.5609375 0.01875 0.01875
2 0.85 0.6265625 0.0390625 0.125
0 0.846875 0.575 0.0140625 0.01875
2 0.79375 0.5703125 0.01875 0.053125
0 0.79375 0.55 0.0078125 0.0078125
2 0.7125 0.5734375 0.0171875 0.040625
0 0.715625 0.5625 0.0078125 0.0078125
2 0.5625 0.565625 0.0140625 0.0359375
0 0.5640625 0.55625 0.009375 0.0078125
2 0.56875 0.571875 0.0140625 0.0390625
0 0.56875 0.559375 0.0078125 0.009375
2 0.471875 0.640625 0.053125 0.1828125
0 0.471875 0.5625 0.0203125 0.025
2 0.51875 0.61875 0.0359375 0.1375
0 0.51875 0.559375 0.015625 0.0140625
2 0.778125 0.615625 0.0421875 0.13125
0 0.778125 0.5625 0.0140625 0.0171875
2 0.91875 0.61875 0.0484375 0.1390625
0 0.921875 0.5640625 0.0171875 0.021875