2 0.4109375 0.51875 0.0265625 0.0796875
0 0.4125 0.4875 0.0078125 0.009375
2 0.4359375 0.51875 0.025 0.08125
0 0.434375 0.4875 0.009375 0.009375
0 0.83125 0.3859375 0.0734375 0.0890625
2 0.6265625 0.590625 0.1453125 0.4375
0 0.640625 0.4140625 0.0484375 0.053125
2 0.5734375 0.559375 0.1265625 0.35
0 0.575 0.4203125 0.040625 0.046875
2 0.5046875 0.5734375 0.15625 0.465625
0 0.478125 0.3828125 0.0515625 0.053125
2 0.2671875 0.5703125 0.103125 0.446875
0 0.2796875 0.3828125 0.0546875 0.05625
2 0.2328125 0.6203125 0.065625 0.1875
0 0.228125 0.5484375 0.0203125 0.021875
2 0.103125 0.4859375 0.0203125 0.04375
0 0.1046875 0.4703125 0.0046875 0.00625
2 0.0625 0.515625 0.034375 0.08125
0 0.0609375 0.484375 0.0109375 0.0140625
2 0.0828125 0.5203125 0.0203125 0.06875
0 0.0828125 0.4953125 0.009375 0.0109375
2 0.0984375 0.5203125 0.0203125 0.06875
0 0.0984375 0.4921875 0.009375 0.0109375
2 0.1125 0.5203125 0.0234375 0.06875
0 0.1109375 0.49375 0.0078125 0.009375
2 0.128125 0.51875 0.0203125 0.065625
0 0.125 0.4921875 0.009375 0.009375
2 0.14375 0.5171875 0.015625 0.0625
0 0.14375 0.49375 0.009375 0.0125
2 0.159375 0.521875 0.0296875 0.090625
0 0.1578125 0.4875 0.009375 0.0125
2 0.1828125 0.521875 0.0234375 0.06875
0 0.18125 0.4953125 0.009375 0.0125
2 0.1984375 0.521875 0.0203125 0.0640625
0 0.196875 0.496875 0.009375 0.009375
2 0.2171875 0.521875 0.0203125 0.0640625
0 0.2171875 0.496875 0.0109375 0.0109375
2 0.3171875 0.5234375 0.0265625 0.071875
0 0.3171875 0.4953125 0.009375 0.0125
2 0.334375 0.515625 0.0234375 0.065625
0 0.334375 0.4890625 0.0078125 0.009375