2 0.13125 0.5421875 0.175 0.6171875
0 0.125 0.278125 0.065625 0.08125
2 0.2828125 0.559375 0.15625 0.5984375
0 0.2703125 0.303125 0.0640625 0.0828125
2 0.43125 0.5609375 0.1609375 0.590625
0 0.4296875 0.309375 0.0640625 0.0875
2 0.5765625 0.5546875 0.175 0.625
0 0.5796875 0.290625 0.0703125 0.084375
2 0.7484375 0.55 0.1765625 0.6359375
0 0.7484375 0.2734375 0.0671875 0.0796875
2 0.8546875 0.5359375 0.1515625 0.5828125
0 0.8453125 0.284375 0.0640625 0.075
2 0.6765625 0.5171875 0.171875 0.615625
0 0.6578125 0.25 0.0609375 0.075
2 0.515625 0.503125 0.1828125 0.6453125
0 0.509375 0.225 0.0609375 0.0828125
2 0.353125 0.521875 0.171875 0.6109375
0 0.340625 0.259375 0.059375 0.075
2 0.2125 0.525 0.153125 0.590625
0 0.2046875 0.2671875 0.0609375 0.0671875