2 0.0734375 0.57734375 0.146875 0.5046875
0 0.0515625 0.3671875 0.0640625 0.0734375
2 0.33125 0.4734375 0.0828125 0.2390625
0 0.3328125 0.3859375 0.0265625 0.03125
0 0.409375 0.35 0.078125 0.1
2 0.509375 0.53125 0.1578125 0.4296875
0 0.5015625 0.3578125 0.0515625 0.06875
2 0.7734375 0.5234375 0.1921875 0.3921875
0 0.7734375 0.3640625 0.0515625 0.065625
2 0.81875 0.484375 0.103125 0.3296875
0 0.8234375 0.3453125 0.034375 0.053125
2 0.9203125 0.48125 0.1328125 0.3578125
0 0.921875 0.3390625 0.0484375 0.0609375