2 0.0890625 0.515625 0.178125 0.4171875
0 0.1203125 0.35 0.059375 0.0578125
2 0.2234375 0.4875 0.14375 0.403125
0 0.2125 0.3296875 0.0609375 0.071875
2 0.415625 0.5078125 0.18125 0.39375
0 0.403125 0.375 0.0515625 0.0546875
2 0.6078125 0.540625 0.2 0.40625
0 0.6171875 0.384375 0.059375 0.0796875
2 0.559375 0.4984375 0.1375 0.425
0 0.5515625 0.3265625 0.059375 0.0734375
2 0.6890625 0.503125 0.134375 0.378125
0 0.66875 0.3515625 0.0515625 0.0671875
2 0.778125 0.5046875 0.125 0.3703125
0 0.7859375 0.359375 0.0609375 0.071875
0 0.4375 0.4953125 0.134375 0.146875
0 0.7484375 0.5796875 0.2640625 0.2703125
2 0.1390625 0.521875 0.146875 0.4125
0 0.121875 0.35 0.05625 0.0609375
2 0.496875 0.50625 0.1171875 0.3625
0 0.4875 0.3578125 0.0453125 0.0609375
2 0.4875 0.4671875 0.0984375 0.35625
0 0.475 0.3140625 0.040625 0.040625
2 0.4421875 0.4671875 0.1015625 0.3625
0 0.4359375 0.315625 0.0453125 0.0578125
2 0.4015625 0.43125 0.084375 0.303125
0 0.396875 0.3015625 0.0296875 0.0375
2 0.3546875 0.4859375 0.0984375 0.321875
0 0.3453125 0.3609375 0.04375 0.0546875
2 0.29375 0.5078125 0.103125 0.2984375
0 0.2875 0.39375 0.04375 0.04375
2 0.3046875 0.5 0.1046875 0.3265625
0 0.290625 0.3671875 0.040625 0.0484375
2 0.271875 0.4828125 0.09375 0.353125
0 0.2890625 0.3625 0.0375 0.05
2 0.778125 0.540625 0.140625 0.4453125
0 0.7875 0.359375 0.0625 0.0734375
2 0.7578125 0.534375 0.1265625 0.4640625
0 0.7546875 0.3359375 0.0578125 0.065625