0 0.2609375 0.690625 0.0390625 0.046875
2 0.3328125 0.7578125 0.05625 0.146875
0 0.3328125 0.703125 0.0203125 0.0265625
0 0.403125 0.675 0.0375 0.0328125
0 0.384375 0.6421875 0.0234375 0.03125
2 0.2921875 0.7234375 0.05 0.1625
0 0.296875 0.65625 0.0203125 0.021875
2 0.3265625 0.721875 0.05 0.171875
0 0.3296875 0.6484375 0.025 0.021875
2 0.234375 0.7140625 0.06875 0.1546875
0 0.2453125 0.6515625 0.021875 0.0234375
2 0.1421875 0.7078125 0.040625 0.15
0 0.1390625 0.6453125 0.0171875 0.0203125
2 0.1828125 0.6984375 0.059375 0.1734375
0 0.1890625 0.6234375 0.01875 0.021875
2 0.128125 0.6671875 0.0328125 0.10625
0 0.1328125 0.6234375 0.0140625 0.015625
2 0.125 0.6390625 0.03125 0.0703125
0 0.1265625 0.6125 0.009375 0.009375
2 0.1578125 0.64375 0.0328125 0.0828125
0 0.153125 0.6078125 0.0078125 0.009375
2 0.1984375 0.6375 0.028125 0.0671875
0 0.2 0.6109375 0.009375 0.0109375
2 0.215625 0.6484375 0.03125 0.0859375
0 0.2140625 0.6140625 0.0125 0.015625
2 0.246875 0.653125 0.0546875 0.1046875
0 0.240625 0.6125 0.0125 0.01875
2 0.246875 0.671875 0.046875 0.1125
0 0.2546875 0.6265625 0.015625 0.015625
2 0.2625 0.63125 0.0234375 0.0703125
0 0.2640625 0.6015625 0.009375 0.0109375
2 0.271875 0.6328125 0.0203125 0.071875
0 0.271875 0.6046875 0.0078125 0.0109375
2 0.2921875 0.634375 0.025 0.0609375
0 0.2921875 0.6109375 0.009375 0.009375
2 0.3015625 0.6609375 0.04375 0.1109375
0 0.30625 0.6140625 0.0125 0.015625
2 0.325 0.678125 0.0453125 0.1171875
0 0.3203125 0.6296875 0.0171875 0.01875
2 0.3515625 0.675 0.0453125 0.1203125
0 0.3515625 0.628125 0.0171875 0.0203125
2 0.409375 0.6640625 0.0484375 0.1109375
0 0.4046875 0.6203125 0.01875 0.021875
2 0.3671875 0.6578125 0.028125 0.0921875
0 0.3703125 0.6203125 0.0125 0.015625
2 0.359375 0.64375 0.03125 0.0765625
0 0.35625 0.6125 0.0109375 0.0125
2 0.409375 0.628125 0.025 0.071875
0 0.4078125 0.596875 0.00625 0.00625
2 0.428125 0.628125 0.025 0.059375
0 0.428125 0.603125 0.0078125 0.009375
2 0.478125 0.63125 0.0390625 0.0734375
0 0.4828125 0.6015625 0.009375 0.0109375
2 0.5375 0.684375 0.065625 0.16875
0 0.521875 0.6140625 0.0203125 0.0234375
2 0.5375 0.6515625 0.040625 0.096875
0 0.5390625 0.6109375 0.015625 0.015625
2 0.565625 0.6859375 0.034375 0.134375
0 0.5640625 0.63125 0.0140625 0.0171875
2 0.571875 0.65625 0.0375 0.1078125
0 0.575 0.6125 0.0140625 0.0140625
2 0.6046875 0.671875 0.0390625 0.1234375
0 0.603125 0.6171875 0.0125 0.0140625
2 0.61875 0.6765625 0.040625 0.1203125
0 0.61875 0.6265625 0.015625 0.015625
2 0.64375 0.6765625 0.034375 0.1078125
0 0.6421875 0.6328125 0.0125 0.01875
2 0.653125 0.6859375 0.0359375 0.0890625
0 0.6546875 0.6484375 0.0125 0.015625
0 0.6875 0.6453125 0.021875 0.021875
2 0.728125 0.703125 0.065625 0.1640625
0 0.721875 0.63125 0.021875 0.0203125
0 0.76875 0.65 0.0265625 0.0265625
0 0.8515625 0.6921875 0.021875 0.0265625
2 0.6640625 0.6609375 0.03125 0.115625
0 0.6671875 0.6125 0.0140625 0.015625
2 0.6921875 0.6640625 0.0328125 0.1125
0 0.6890625 0.61875 0.015625 0.0171875
2 0.73125 0.6828125 0.0546875 0.15
0 0.7390625 0.6203125 0.0203125 0.021875
2 0.7734375 0.703125 0.0484375 0.1625
0 0.778125 0.6359375 0.01875 0.0234375
2 0.7125 0.6453125 0.0234375 0.0875
0 0.7078125 0.609375 0.0109375 0.0125
2 0.746875 0.6671875 0.0515625 0.1296875
0 0.7421875 0.6125 0.0171875 0.0171875
2 0.8015625 0.675 0.03125 0.1390625
0 0.8046875 0.615625 0.01875 0.015625
2 0.8359375 0.7015625 0.0484375 0.153125
0 0.834375 0.6390625 0.01875 0.0234375
2 0.9 0.725 0.0703125 0.2015625
0 0.9078125 0.6421875 0.0234375 0.03125
2 0.95625 0.7421875 0.05 0.165625
0 0.95625 0.68125 0.01875 0.0234375
2 0.8296875 0.665625 0.0359375 0.1203125
0 0.83125 0.6140625 0.0140625 0.0171875
2 0.8484375 0.6796875 0.0375 0.121875
0 0.8484375 0.6296875 0.0171875 0.01875
2 0.8578125 0.678125 0.0328125 0.103125
0 0.85625 0.634375 0.0109375 0.0125
2 0.8578125 0.653125 0.0328125 0.078125
0 0.8546875 0.621875 0.0109375 0.0140625
2 0.89375 0.68125 0.0546875 0.128125
0 0.89375 0.6296875 0.01875 0.0203125
2 0.959375 0.7 0.053125 0.1546875
0 0.9640625 0.634375 0.025 0.0234375
2 0.934375 0.6859375 0.046875 0.1359375
0 0.9421875 0.6265625 0.015625 0.0171875
2 0.0140625 0.66796875 0.028125 0.1109375
0 0.0046875 0.6265625 0.0078125 0.0171875
2 0.0671875 0.6265625 0.03125 0.0671875
0 0.065625 0.5984375 0.0078125 0.0078125
2 0.0328125 0.6328125 0.0328125 0.0625
0 0.0296875 0.6078125 0.009375 0.009375
2 0.159375 0.6234375 0.0234375 0.0546875
0 0.159375 0.6 0.00625 0.0078125
2 0.01875 0.625 0.021875 0.075
0 0.01875 0.59375 0.009375 0.009375