0 0.8640625 0.6078125 0.00625 0.0078125
2 0.85625 0.628125 0.0171875 0.0484375
0 0.8546875 0.6140625 0.00625 0.00625
2 0.834375 0.628125 0.021875 0.05
0 0.8328125 0.6078125 0.00625 0.0078125
2 0.846875 0.6171875 0.015625 0.0359375
0 0.846875 0.6046875 0.0046875 0.00625
2 0.834375 0.615625 0.015625 0.0375
0 0.8390625 0.603125 0.00625 0.00625
2 0.79375 0.6484375 0.03125 0.078125
0 0.7890625 0.6203125 0.0109375 0.0109375
2 0.7546875 0.6296875 0.01875 0.0515625
0 0.7515625 0.6109375 0.00625 0.00625
2 0.628125 0.7625 0.16875 0.4734375
0 0.6015625 0.6296875 0.04375 0.0515625
2 0.5265625 0.6484375 0.0328125 0.0859375
0 0.528125 0.621875 0.009375 0.0109375
2 0.59375 0.796875 0.16875 0.3734375
0 0.546875 0.6484375 0.0453125 0.0515625
2 0.4875 0.79375 0.15 0.3578125
0 0.4796875 0.65 0.0453125 0.0484375
2 0.3375 0.7875 0.203125 0.3671875
0 0.3625 0.6390625 0.0390625 0.046875
2 0.2078125 0.6984375 0.0484375 0.1359375
0 0.2109375 0.6421875 0.015625 0.0203125
2 0.225 0.684375 0.0359375 0.1125
0 0.2234375 0.6453125 0.015625 0.015625
2 0.2859375 0.6734375 0.034375 0.0890625
0 0.2890625 0.6421875 0.0140625 0.0140625
2 0.4046875 0.6609375 0.0296875 0.0734375
0 0.4015625 0.6375 0.0125 0.015625
2 0.4359375 0.659375 0.03125 0.08125
0 0.4375 0.63125 0.0125 0.0125