2 0.096875 0.5984375 0.125 0.546875
0 0.1203125 0.3671875 0.059375 0.0765625
2 0.18125 0.59375 0.0953125 0.4453125
0 0.1921875 0.403125 0.053125 0.059375
2 0.26875 0.5875 0.1109375 0.4265625
0 0.2890625 0.403125 0.046875 0.05625
2 0.3765625 0.5609375 0.115625 0.415625
0 0.3796875 0.3828125 0.040625 0.0546875
2 0.478125 0.565625 0.1046875 0.3640625
0 0.46875 0.4125 0.04375 0.0515625
2 0.55 0.56875 0.0953125 0.371875
0 0.5484375 0.415625 0.040625 0.053125
2 0.63125 0.56875 0.096875 0.3890625
0 0.6296875 0.403125 0.040625 0.0546875
2 0.7078125 0.56875 0.0984375 0.36875
0 0.7078125 0.4171875 0.0421875 0.0546875
2 0.7984375 0.578125 0.115625 0.3875
0 0.7984375 0.415625 0.0421875 0.05625
2 0.3828125 0.6859375 0.165625 0.3609375
0 0.4203125 0.54375 0.0515625 0.0625
2 0.4578125 0.68125 0.19375 0.34375
0 0.496875 0.54375 0.0515625 0.0671875
2 0.590625 0.678125 0.2109375 0.3328125
0 0.6 0.5484375 0.053125 0.0671875
2 0.7078125 0.6578125 0.215625 0.378125
0 0.7109375 0.534375 0.0484375 0.059375
2 0.8 0.659375 0.1765625 0.365625
0 0.8 0.515625 0.05625 0.065625
2 0.8609375 0.4515625 0.01875 0.0609375
0 0.8609375 0.428125 0.0078125 0.0078125
2 0.875 0.453125 0.021875 0.065625
0 0.875 0.428125 0.009375 0.009375
2 0.940625 0.4515625 0.028125 0.078125
0 0.934375 0.4203125 0.009375 0.0109375
2 0.915625 0.4515625 0.021875 0.0578125
0 0.9125 0.428125 0.009375 0.009375