2 0.128125 0.603125 0.2140625 0.3046875
0 0.1578125 0.49375 0.0515625 0.0671875
2 0.28125 0.584375 0.25 0.346875
0 0.3078125 0.4484375 0.053125 0.0671875
2 0.44375 0.58125 0.23125 0.346875
0 0.453125 0.4421875 0.053125 0.065625
2 0.5578125 0.5109375 0.3296875 0.4828125
0 0.6171875 0.3109375 0.053125 0.0734375
2 0.7640625 0.5265625 0.2171875 0.453125
0 0.7671875 0.3375 0.053125 0.065625
2 0.903125 0.5171875 0.1921875 0.4703125
0 0.8921875 0.3171875 0.05 0.071875
2 0.828125 0.521875 0.1421875 0.4328125
0 0.83125 0.3390625 0.053125 0.0625
2 0.6921875 0.54375 0.1296875 0.3984375
0 0.69375 0.38125 0.0484375 0.0578125
2 0.5625 0.528125 0.1734375 0.4265625
0 0.58125 0.3421875 0.0421875 0.0484375
2 0.528125 0.48125 0.1609375 0.3921875
0 0.534375 0.3140625 0.0453125 0.0546875
2 0.065625 0.5109375 0.0984375 0.321875
0 0.0640625 0.378125 0.04375 0.05