2 0.009375 0.4578125 0.0171875 0.1015625
0 0.00625 0.421875 0.0109375 0.0125
2 0.0265625 0.4546875 0.034375 0.0890625
0 0.0265625 0.425 0.0109375 0.0109375
2 0.0359375 0.440625 0.0328125 0.078125
0 0.0359375 0.4125 0.0109375 0.0125
2 0.053125 0.5140625 0.0609375 0.153125
0 0.0484375 0.453125 0.01875 0.0265625
2 0.06875 0.4890625 0.0546875 0.1078125
0 0.0640625 0.4453125 0.0109375 0.015625
2 0.1109375 0.5109375 0.0546875 0.1515625
0 0.1125 0.446875 0.01875 0.021875
2 0.125 0.496875 0.0453125 0.1265625
0 0.1234375 0.440625 0.0140625 0.0171875
2 0.1640625 0.5375 0.096875 0.190625
0 0.1640625 0.4671875 0.0234375 0.0296875
2 0.2078125 0.496875 0.0609375 0.128125
0 0.2 0.4453125 0.0171875 0.0234375
2 0.2421875 0.5484375 0.0765625 0.1703125
0 0.2375 0.4796875 0.0203125 0.025
2 0.2609375 0.5 0.0546875 0.1296875
0 0.2625 0.4453125 0.01875 0.01875
2 0.2875 0.515625 0.0515625 0.1390625
0 0.290625 0.45625 0.01875 0.01875
2 0.3328125 0.5015625 0.0421875 0.1125
0 0.334375 0.4578125 0.0125 0.015625
2 0.3703125 0.5546875 0.1140625 0.1875
0 0.3640625 0.478125 0.0265625 0.028125
2 0.3890625 0.4796875 0.028125 0.084375
0 0.396875 0.44375 0.0109375 0.0125
2 0.3546875 0.5078125 0.053125 0.1421875
0 0.3578125 0.45 0.01875 0.0203125
2 0.4546875 0.515625 0.075 0.1484375
0 0.4609375 0.4546875 0.0171875 0.0234375
2 0.4875 0.4953125 0.0484375 0.121875
0 0.4875 0.4453125 0.0125 0.015625
2 0.5234375 0.5484375 0.065625 0.175
0 0.5234375 0.4828125 0.01875 0.0265625
2 0.5484375 0.50625 0.0625 0.1390625
0 0.5484375 0.446875 0.015625 0.021875
2 0.609375 0.546875 0.0828125 0.184375
0 0.6171875 0.48125 0.0234375 0.0296875
2 0.646875 0.5296875 0.0625 0.140625
0 0.64375 0.4703125 0.0171875 0.0203125
2 0.671875 0.490625 0.04375 0.096875
0 0.6765625 0.4515625 0.0125 0.015625
2 0.69375 0.5109375 0.0609375 0.1453125
0 0.6953125 0.453125 0.0171875 0.0234375
2 0.7109375 0.4984375 0.0484375 0.1390625
0 0.7140625 0.44375 0.0140625 0.0203125
2 0.7375 0.490625 0.0375 0.096875
0 0.740625 0.45 0.0140625 0.0140625
2 0.7859375 0.553125 0.096875 0.16875
0 0.7859375 0.484375 0.021875 0.0234375
2 0.7734375 0.4953125 0.046875 0.1140625
0 0.7734375 0.4484375 0.015625 0.01875
2 0.846875 0.5296875 0.05625 0.1421875
0 0.85 0.471875 0.01875 0.021875
2 0.871875 0.5140625 0.05625 0.134375
0 0.8765625 0.459375 0.0203125 0.021875
2 0.9484375 0.5546875 0.0796875 0.19375
0 0.9578125 0.4796875 0.03125 0.028125
2 0.940625 0.4890625 0.040625 0.0984375
0 0.9421875 0.4484375 0.0125 0.0140625
2 0.95625 0.5 0.04375 0.103125
0 0.959375 0.45625 0.01875 0.0140625
2 0.3578125 0.53125 0.0625 0.1375
0 0.353125 0.475 0.01875 0.0234375