2 0.0359375 0.571875 0.071875 0.18125
0 0.0359375 0.4984375 0.0203125 0.0265625
2 0.209375 0.578125 0.0765625 0.2203125
0 0.2109375 0.4859375 0.0265625 0.03125
2 0.3640625 0.6828125 0.090625 0.1328125
0 0.3640625 0.6375 0.0234375 0.0265625
2 0.44375 0.6859375 0.0703125 0.14375
0 0.44375 0.63125 0.0234375 0.0296875
2 0.51875 0.684375 0.078125 0.153125
0 0.5109375 0.625 0.025 0.0328125
2 0.5890625 0.6953125 0.075 0.134375
0 0.5828125 0.6453125 0.0234375 0.0328125
2 0.2265625 0.634375 0.053125 0.203125
0 0.23125 0.5515625 0.021875 0.0265625
2 0.275 0.6390625 0.0703125 0.2
0 0.2765625 0.5546875 0.0234375 0.0296875
2 0.325 0.6359375 0.0671875 0.2
0 0.334375 0.5546875 0.0234375 0.03125
2 0.3765625 0.640625 0.0625 0.1921875
0 0.384375 0.5625 0.025 0.0296875
2 0.44375 0.628125 0.078125 0.221875
0 0.4421875 0.5375 0.025 0.0328125
2 0.4984375 0.64375 0.0578125 0.1828125
0 0.496875 0.5703125 0.0234375 0.0265625
2 0.5484375 0.6390625 0.0546875 0.1859375
0 0.5484375 0.5640625 0.021875 0.028125
2 0.60625 0.6578125 0.0796875 0.196875
0 0.615625 0.578125 0.0234375 0.0296875
2 0.678125 0.6546875 0.0625 0.2015625
0 0.68125 0.5734375 0.0234375 0.0296875
2 0.7265625 0.6484375 0.0625 0.20625
0 0.715625 0.5640625 0.0234375 0.028125
2 0.65 0.640625 0.053125 0.2125
0 0.653125 0.5515625 0.025 0.0296875
2 0.259375 0.603125 0.0390625 0.1734375
0 0.2625 0.53125 0.0234375 0.0265625
2 0.3015625 0.6171875 0.0359375 0.190625
0 0.30625 0.540625 0.021875 0.0296875
2 0.2796875 0.55 0.0453125 0.1390625
0 0.28125 0.5015625 0.021875 0.025
2 0.315625 0.5703125 0.0515625 0.1546875
0 0.3171875 0.5125 0.0203125 0.0265625
2 0.3625 0.5796875 0.0484375 0.1515625
0 0.3609375 0.5203125 0.021875 0.0265625
2 0.3453125 0.5546875 0.0453125 0.1515625
0 0.34375 0.4953125 0.021875 0.0265625
2 0.40625 0.584375 0.05625 0.165625
0 0.4078125 0.521875 0.0234375 0.0265625
2 0.403125 0.55625 0.065625 0.18125
0 0.4015625 0.4828125 0.0203125 0.0265625
2 0.4765625 0.5875 0.0625 0.171875
0 0.4734375 0.5203125 0.0234375 0.0296875
2 0.4453125 0.5640625 0.04375 0.1453125
0 0.4515625 0.509375 0.021875 0.0296875
2 0.4609375 0.528125 0.0703125 0.1484375
0 0.459375 0.471875 0.021875 0.025
2 0.509375 0.565625 0.0421875 0.1328125
0 0.5109375 0.515625 0.0234375 0.028125
2 0.5375 0.5875 0.065625 0.1640625
0 0.5375 0.5234375 0.0234375 0.0296875
2 0.5890625 0.6203125 0.0421875 0.1484375
0 0.5921875 0.5609375 0.021875 0.0265625
2 0.59375 0.5859375 0.0578125 0.146875
0 0.5890625 0.53125 0.0234375 0.028125
2 0.5640625 0.5578125 0.04375 0.134375
0 0.5703125 0.5078125 0.021875 0.0265625
2 0.6140625 0.55 0.0734375 0.1828125
0 0.6140625 0.475 0.025 0.0296875
2 0.61875 0.58125 0.053125 0.1578125
0 0.6140625 0.515625 0.025 0.0265625
2 0.6640625 0.584375 0.05625 0.1625
0 0.659375 0.51875 0.021875 0.0265625
2 0.6875 0.559375 0.059375 0.1875
0 0.6828125 0.48125 0.0234375 0.0265625
2 0.728125 0.5921875 0.0625 0.16875
0 0.725 0.525 0.0203125 0.0265625
2 0.7390625 0.565625 0.0640625 0.178125
0 0.740625 0.49375 0.021875 0.0265625
2 0.7890625 0.590625 0.0703125 0.20625
0 0.7859375 0.5046875 0.0234375 0.0296875