2 0.8890625 0.775 0.05625 0.109375
0 0.8890625 0.7296875 0.0140625 0.0125
2 0.834375 0.7328125 0.04375 0.0734375
0 0.83125 0.7046875 0.0125 0.0125
2 0.7546875 0.721875 0.0359375 0.0671875
0 0.746875 0.6984375 0.0140625 0.015625
2 0.490625 0.6890625 0.0453125 0.0875
0 0.4859375 0.6546875 0.0109375 0.0109375
2 0.4265625 0.696875 0.05625 0.078125
0 0.425 0.6640625 0.0109375 0.009375
2 0.11875 0.728125 0.0515625 0.0984375
0 0.1328125 0.6875 0.0140625 0.015625
2 0.075 0.7203125 0.04375 0.09375
0 0.075 0.6859375 0.0140625 0.0140625
2 0.128125 0.621875 0.0234375 0.0546875
0 0.13125 0.6 0.0046875 0.00625
2 0.0890625 0.6015625 0.0234375 0.0421875
0 0.090625 0.5859375 0.0046875 0.00625
2 0.05625 0.59375 0.021875 0.0375
0 0.05 0.58125 0.0046875 0.00625
2 0.025 0.60625 0.015625 0.0375
0 0.028125 0.596875 0.0078125 0.0078125
2 0.0125 0.5953125 0.021875 0.0375
0 0.015625 0.58125 0.0046875 0.0046875
2 0.009375 0.590625 0.01875 0.0328125
0 0.0109375 0.5796875 0.00625 0.0078125
2 0.2203125 0.55 0.0140625 0.028125
0 0.221875 0.540625 0.00625 0.00625