2 0.9765625 0.6484375 0.03125 0.0734375
0 0.971875 0.6203125 0.009375 0.0109375
2 0.9421875 0.6421875 0.0453125 0.103125
0 0.9359375 0.5984375 0.0125 0.0125
2 0.9140625 0.6359375 0.0328125 0.08125
0 0.909375 0.603125 0.009375 0.009375
2 0.75625 0.6375 0.0984375 0.253125
0 0.7546875 0.54375 0.0265625 0.034375
2 0.70625 0.5671875 0.090625 0.2765625
0 0.70625 0.496875 0.0265625 0.0359375
2 0.68125 0.6515625 0.0265625 0.0796875
0 0.6828125 0.61875 0.0109375 0.009375
2 0.6578125 0.6609375 0.01875 0.065625
0 0.65625 0.6359375 0.0109375 0.0125
2 0.6390625 0.65 0.0203125 0.05625
0 0.6390625 0.63125 0.00625 0.009375
2 0.7390625 0.6578125 0.0265625 0.0671875
0 0.7359375 0.6296875 0.0078125 0.0078125
2 0.7140625 0.6546875 0.0234375 0.0671875
0 0.7125 0.63125 0.00625 0.009375
2 0.546875 0.66875 0.0234375 0.034375
0 0.55 0.659375 0.0078125 0.009375
2 0.5265625 0.65625 0.0171875 0.0546875
0 0.528125 0.6359375 0.00625 0.0078125
0 0.5875 0.5921875 0.028125 0.040625
2 0.6015625 0.609375 0.090625 0.30625
0 0.59375 0.5203125 0.0296875 0.040625
2 0.503125 0.6046875 0.1796875 0.28125
0 0.4953125 0.5125 0.0265625 0.0296875
2 0.4390625 0.6046875 0.0953125 0.309375
0 0.4296875 0.521875 0.0296875 0.040625
2 0.3640625 0.5875 0.1375 0.3234375
0 0.36875 0.475 0.0375 0.04375
2 0.4375 0.696875 0.059375 0.0734375
0 0.41875 0.6796875 0.0125 0.0125
2 0.2875 0.7078125 0.053125 0.10625
0 0.2859375 0.66875 0.025 0.025
2 0.1703125 0.7328125 0.0875 0.0671875
0 0.2015625 0.7125 0.021875 0.025
2 0.0125 0.6640625 0.0203125 0.05
0 0.0140625 0.6453125 0.009375 0.0078125
2 0.0671875 0.6625 0.0234375 0.0625
0 0.06875 0.6375 0.009375 0.009375
2 0.0984375 0.6703125 0.0296875 0.0359375
0 0.103125 0.659375 0.009375 0.009375
2 0.128125 0.66875 0.0203125 0.0625
0 0.1328125 0.64375 0.009375 0.0109375
2 0.15 0.6609375 0.03125 0.0640625
0 0.15 0.634375 0.009375 0.009375
2 0.159375 0.6609375 0.0203125 0.0484375
0 0.1625 0.64375 0.00625 0.009375
2 0.19375 0.675 0.01875 0.0328125
0 0.1953125 0.665625 0.00625 0.0078125
2 0.21875 0.6765625 0.0171875 0.0296875
0 0.2203125 0.6671875 0.00625 0.00625
2 0.2953125 0.665625 0.0203125 0.046875
0 0.29375 0.6484375 0.0078125 0.009375
2 0.271875 0.675 0.01875 0.0296875
0 0.2703125 0.6703125 0.0078125 0.0078125
2 0.353125 0.6640625 0.0125 0.0515625
0 0.3546875 0.6453125 0.0046875 0.0046875
2 0.3609375 0.6578125 0.0234375 0.0625
0 0.359375 0.634375 0.009375 0.009375
2 0.2234375 0.6734375 0.01875 0.0359375
0 0.225 0.6609375 0.00625 0.00625
2 0.1125 0.6609375 0.009375 0.025
0 0.1140625 0.65 0.0046875 0.0046875
2 0.171875 0.6765625 0.01875 0.0265625
0 0.171875 0.66875 0.0078125 0.009375
2 0.25625 0.65 0.0515625 0.1453125
0 0.2609375 0.59375 0.01875 0.0203125
2 0.4484375 0.65625 0.009375 0.021875
0 0.4484375 0.6484375 0.003125 0.003125