0 0.86875 0.5078125 0.0375 0.0453125
2 0.64375 0.578125 0.0375 0.103125
0 0.6484375 0.5375 0.0109375 0.0125
2 0.5875 0.5734375 0.034375 0.1046875
0 0.590625 0.528125 0.0125 0.0140625
2 0.68125 0.5703125 0.0296875 0.08125
0 0.678125 0.5359375 0.0109375 0.0125
2 0.78125 0.3515625 0.1046875 0.2140625
0 0.78125 0.3515625 0.1046875 0.2140625
2 0.6375 0.5703125 0.021875 0.084375
0 0.6390625 0.5375 0.009375 0.0109375
2 0.6265625 0.5515625 0.0109375 0.0171875
0 0.625 0.546875 0.003125 0.0046875
2 0.6578125 0.5734375 0.034375 0.09375
0 0.65625 0.5359375 0.0109375 0.0125
2 0.6625 0.56875 0.01875 0.0734375
0 0.6609375 0.540625 0.0078125 0.0109375
2 0.6328125 0.575 0.0203125 0.0625
0 0.6328125 0.5515625 0.00625 0.00625
2 0.7 0.5671875 0.0171875 0.0625
0 0.7 0.5421875 0.00625 0.009375
2 0.709375 0.578125 0.0359375 0.0921875
0 0.7109375 0.540625 0.0125 0.015625
2 0.7203125 0.5640625 0.01875 0.0703125
0 0.71875 0.5359375 0.009375 0.0109375
2 0.725 0.5609375 0.015625 0.0609375
0 0.725 0.5359375 0.009375 0.009375
2 0.7375 0.5609375 0.01875 0.0609375
0 0.7375 0.5359375 0.009375 0.009375
2 0.746875 0.559375 0.0171875 0.05625
0 0.746875 0.5375 0.0078125 0.009375
2 0.7890625 0.5515625 0.0109375 0.0296875
0 0.7875 0.540625 0.0046875 0.0046875
2 0.8046875 0.5515625 0.0109375 0.025
0 0.803125 0.5421875 0.003125 0.0046875
2 0.8265625 0.6 0.040625 0.075
0 0.8234375 0.5703125 0.009375 0.009375
0 0.7671875 0.553125 0.0328125 0.0359375