2 0.0671875 0.5328125 0.134375 0.4125
0 0.0609375 0.36875 0.0484375 0.059375
2 0.1453125 0.5296875 0.0953125 0.359375
0 0.1359375 0.3828125 0.046875 0.05625
2 0.1921875 0.5453125 0.13125 0.3625
0 0.209375 0.4 0.05 0.0609375
2 0.2484375 0.5015625 0.0921875 0.334375
0 0.2484375 0.365625 0.0453125 0.05625
2 0.2984375 0.5546875 0.1234375 0.3875
0 0.30625 0.3953125 0.0484375 0.0578125
2 0.36875 0.50625 0.0953125 0.3640625
0 0.36875 0.3546875 0.04375 0.0546875
2 0.396875 0.5375 0.10625 0.3671875
0 0.4078125 0.390625 0.046875 0.059375
2 0.490625 0.5421875 0.1609375 0.4046875
0 0.4859375 0.375 0.05 0.0625
2 0.5421875 0.49375 0.10625 0.3765625
0 0.5359375 0.3390625 0.0453125 0.0609375
2 0.6171875 0.5421875 0.1109375 0.38125
0 0.6109375 0.38125 0.046875 0.0546875
2 0.6921875 0.5296875 0.1 0.38125
0 0.6796875 0.3734375 0.0484375 0.059375
2 0.7890625 0.53125 0.134375 0.409375
0 0.78125 0.3609375 0.0453125 0.0609375
2 0.91875 0.528125 0.1515625 0.4265625
0 0.9140625 0.3484375 0.05625 0.0640625