2 0.034375 0.5921875 0.0609375 0.2140625
0 0.0375 0.5015625 0.0234375 0.0296875
2 0.0484375 0.56875 0.090625 0.2421875
0 0.065625 0.48125 0.025 0.03125
2 0.1140625 0.5828125 0.065625 0.2125
0 0.1140625 0.49375 0.025 0.0296875
2 0.121875 0.5625 0.0875 0.2390625
0 0.1359375 0.4859375 0.021875 0.0296875
2 0.159375 0.5921875 0.0703125 0.2
0 0.1703125 0.5109375 0.021875 0.028125
2 0.1765625 0.5703125 0.059375 0.228125
0 0.1890625 0.5 0.025 0.0296875
2 0.1671875 0.575 0.0484375 0.196875
0 0.1671875 0.4921875 0.021875 0.025
2 0.2140625 0.5875 0.0609375 0.2015625
0 0.2140625 0.5015625 0.021875 0.0265625
2 0.234375 0.5765625 0.05 0.1890625
0 0.234375 0.4984375 0.01875 0.0265625
2 0.2203125 0.553125 0.06875 0.228125
0 0.2265625 0.4859375 0.021875 0.028125
2 0.25625 0.5796875 0.0578125 0.2015625
0 0.2609375 0.5 0.025 0.028125
2 0.2625 0.5546875 0.0640625 0.2328125
0 0.284375 0.4890625 0.01875 0.0296875
2 0.2828125 0.565625 0.04375 0.1875
0 0.284375 0.4890625 0.01875 0.0296875
2 0.3109375 0.5578125 0.071875 0.2140625
0 0.3015625 0.4921875 0.01875 0.028125
2 0.325 0.578125 0.0671875 0.190625
0 0.3265625 0.5 0.021875 0.0265625
2 0.309375 0.5859375 0.0984375 0.19375
0 0.3078125 0.5046875 0.0234375 0.028125
2 0.328125 0.60625 0.1 0.1578125
0 0.3515625 0.5625 0.0265625 0.0296875
2 0.3765625 0.578125 0.046875 0.209375
0 0.3734375 0.5015625 0.021875 0.0296875
2 0.353125 0.571875 0.0453125 0.2
0 0.353125 0.5015625 0.021875 0.025
2 0.39375 0.584375 0.0453125 0.1828125
0 0.3953125 0.5078125 0.0203125 0.0265625
2 0.4046875 0.5625 0.065625 0.196875
0 0.396875 0.4796875 0.01875 0.028125
2 0.41875 0.5921875 0.05625 0.184375
0 0.4171875 0.515625 0.021875 0.025
2 0.4484375 0.5796875 0.05625 0.1875
0 0.446875 0.503125 0.0203125 0.028125
2 0.421875 0.578125 0.04375 0.18125
0 0.4234375 0.503125 0.021875 0.0265625
2 0.428125 0.55625 0.05625 0.2015625
0 0.4359375 0.490625 0.015625 0.021875
2 0.478125 0.584375 0.06875 0.19375
0 0.4859375 0.503125 0.021875 0.0265625
2 0.534375 0.5609375 0.0953125 0.2453125
0 0.528125 0.49375 0.025 0.028125
2 0.5640625 0.5796875 0.05625 0.184375
0 0.5734375 0.5015625 0.01875 0.025
2 0.5421875 0.553125 0.065625 0.2171875
0 0.5515625 0.484375 0.01875 0.025
2 0.5796875 0.571875 0.0484375 0.1875
0 0.5828125 0.4921875 0.01875 0.0265625
2 0.60625 0.584375 0.0640625 0.18125
0 0.6046875 0.509375 0.01875 0.025
2 0.6234375 0.5796875 0.0546875 0.1796875
0 0.625 0.5046875 0.021875 0.0265625
2 0.6359375 0.55 0.05625 0.209375
0 0.6390625 0.4796875 0.01875 0.021875
2 0.659375 0.58125 0.05 0.1828125
0 0.65625 0.5046875 0.01875 0.025
2 0.665625 0.56875 0.0484375 0.184375
0 0.665625 0.490625 0.01875 0.025
2 0.7 0.584375 0.05 0.175
0 0.6984375 0.5125 0.0203125 0.028125
2 0.5578125 0.5421875 0.0875 0.221875
0 0.5625 0.478125 0.01875 0.0234375
2 0.590625 0.55625 0.0546875 0.19375
0 0.596875 0.4875 0.0171875 0.021875
2 0.6171875 0.5625 0.0625 0.175
0 0.6078125 0.490625 0.0171875 0.021875
2 0.7109375 0.5734375 0.0515625 0.184375
0 0.7125 0.49375 0.021875 0.0234375
2 0.69375 0.5625 0.053125 0.165625
0 0.6953125 0.4953125 0.0203125 0.0265625
2 0.73125 0.55625 0.0453125 0.1640625
0 0.73125 0.4875 0.01875 0.021875
2 0.74375 0.575 0.0515625 0.1765625
0 0.740625 0.5015625 0.01875 0.0265625
2 0.7609375 0.5796875 0.059375 0.1875
0 0.7546875 0.5015625 0.0203125 0.028125
2 0.8109375 0.578125 0.059375 0.19375
0 0.809375 0.4984375 0.0234375 0.0296875
2 0.7859375 0.5796875 0.0484375 0.1796875
0 0.7859375 0.50625 0.01875 0.0265625
2 0.76875 0.5671875 0.0484375 0.190625
0 0.7671875 0.4859375 0.0203125 0.028125
2 0.80625 0.559375 0.0515625 0.19375
0 0.8046875 0.475 0.021875 0.025
2 0.83125 0.5703125 0.0453125 0.1890625
0 0.83125 0.4921875 0.0171875 0.025
2 0.8609375 0.5859375 0.0765625 0.190625
0 0.8609375 0.5078125 0.0234375 0.028125
2 0.8609375 0.553125 0.0609375 0.215625
0 0.8578125 0.4890625 0.01875 0.021875
2 0.9015625 0.5796875 0.0609375 0.190625
0 0.9 0.5 0.021875 0.0265625
2 0.8859375 0.56875 0.053125 0.184375
0 0.8875 0.4921875 0.0171875 0.0265625
2 0.9109375 0.559375 0.0484375 0.21875
0 0.9125 0.49375 0.01875 0.021875
2 0.95 0.565625 0.05625 0.2296875
0 0.946875 0.496875 0.0234375 0.0265625
2 0.934375 0.5734375 0.0515625 0.1890625
0 0.9328125 0.4921875 0.01875 0.0234375
0 0.98125 0.4890625 0.0203125 0.028125
2 0.84375 0.58125 0.053125 0.178125
0 0.84375 0.50625 0.0203125 0.0265625
2 0.38125 0.571875 0.040625 0.1875
0 0.3796875 0.496875 0.025 0.03125
2 0.4359375 0.565625 0.05 0.175
0 0.4359375 0.4921875 0.0171875 0.0203125
2 0.48125 0.559375 0.0484375 0.215625
0 0.48125 0.4921875 0.01875 0.021875
2 0.4875 0.5828125 0.0515625 0.18125
0 0.4703125 0.5078125 0.01875 0.025
2 0.453125 0.55625 0.0515625 0.18125
0 0.4515625 0.4796875 0.0203125 0.025
2 0.4765625 0.5625 0.05625 0.1984375
0 0.4671875 0.4796875 0.021875 0.025