2 0.0875 0.459375 0.175 0.228125
0 0.0875 0.378125 0.05625 0.059375
2 0.1828125 0.471875 0.184375 0.2140625
0 0.21875 0.396875 0.0453125 0.0546875
2 0.328125 0.46875 0.196875 0.2203125
0 0.3484375 0.384375 0.046875 0.0515625
2 0.48125 0.4703125 0.1375 0.225
0 0.4859375 0.3859375 0.04375 0.05
2 0.6234375 0.4796875 0.1828125 0.225
0 0.5921875 0.3984375 0.0359375 0.0375
2 0.6984375 0.4640625 0.134375 0.19375
0 0.7109375 0.39375 0.059375 0.0578125
0 0.83125 0.3984375 0.0515625 0.05625
0 0.890625 0.4359375 0.05 0.05625