0 0.1609375 0.284375 0.096875 0.1328125
0 0.396875 0.246875 0.0859375 0.11875
0 0.559375 0.3125 0.0828125 0.1171875
0 0.634375 0.253125 0.075 0.1046875
0 0.7125 0.3609375 0.0734375 0.1
0 0.840625 0.3390625 0.0796875 0.109375
2 0.109375 0.40625 0.1796875 0.5359375
0 0.090625 0.184375 0.0734375 0.0796875
2 0.153125 0.2625 0.0953125 0.2359375
0 0.153125 0.1765625 0.0453125 0.053125
0 0.2296875 0.271875 0.084375 0.1140625
2 0.74375 0.321875 0.0296875 0.1078125
0 0.7421875 0.2765625 0.015625 0.015625
2 0.7875 0.359375 0.0484375 0.075
0 0.778125 0.33125 0.015625 0.015625