2 0.4515625 0.6875 0.0578125 0.1390625
0 0.440625 0.6296875 0.01875 0.01875
2 0.75 0.7125 0.08125 0.1890625
0 0.7484375 0.6328125 0.0203125 0.0203125
2 0.7703125 0.7015625 0.0515625 0.1484375
0 0.775 0.6421875 0.021875 0.0234375
2 0.80625 0.7109375 0.06875 0.184375
0 0.8015625 0.6359375 0.021875 0.021875
2 0.8828125 0.6703125 0.06875 0.14375
0 0.8734375 0.6109375 0.015625 0.01875
2 0.934375 0.6640625 0.0578125 0.121875
0 0.921875 0.615625 0.0171875 0.021875
2 0.95 0.65 0.03125 0.084375
0 0.9515625 0.6140625 0.009375 0.0109375