2 0.6125 0.6625 0.26875 0.4984375
0 0.5859375 0.46875 0.0765625 0.090625
2 0.378125 0.66875 0.2796875 0.46875
0 0.359375 0.5 0.0734375 0.1
2 0.1734375 0.5546875 0.2171875 0.6859375
0 0.1796875 0.2703125 0.084375 0.09375
2 0.1859375 0.459375 0.2109375 0.6921875
0 0.1859375 0.1671875 0.0703125 0.0828125
2 0.2734375 0.509375 0.20625 0.6890625
0 0.28125 0.2203125 0.071875 0.09375
2 0.4828125 0.4671875 0.3265625 0.70625
0 0.44375 0.1765625 0.075 0.090625
2 0.58125 0.4875 0.31875 0.6234375
0 0.578125 0.225 0.0703125 0.084375
2 0.7265625 0.4671875 0.3578125 0.6546875
0 0.70625 0.1953125 0.075 0.09375
2 0.8140625 0.5 0.2125 0.6375
0 0.8078125 0.2296875 0.065625 0.0921875