2 0.0984375 0.63125 0.159375 0.38125
0 0.065625 0.54375 0.0609375 0.0578125
0 0.11875 0.6703125 0.08125 0.10625
0 0.31875 0.5296875 0.0515625 0.0609375
0 0.340625 0.6171875 0.06875 0.0796875
0 0.5109375 0.6109375 0.0828125 0.1015625
0 0.6390625 0.671875 0.059375 0.0703125
0 0.7265625 0.671875 0.084375 0.0921875
0 0.846875 0.6484375 0.0515625 0.0578125
0 0.9125 0.6125 0.0484375 0.0546875
0 0.9734375 0.4734375 0.05 0.0484375
2 0.7390625 0.46875 0.0578125 0.128125
0 0.740625 0.4140625 0.0140625 0.0171875
2 0.7328125 0.4640625 0.0390625 0.125
0 0.7328125 0.4125 0.0125 0.0140625
2 0.690625 0.4609375 0.0453125 0.125
0 0.7 0.4125 0.0171875 0.0171875
2 0.684375 0.4625 0.0296875 0.10625
0 0.690625 0.41875 0.009375 0.0109375
2 0.6421875 0.4609375 0.034375 0.1015625
0 0.64375 0.4203125 0.0125 0.0140625
2 0.6140625 0.459375 0.0359375 0.1
0 0.6140625 0.4203125 0.0140625 0.0140625
2 0.575 0.4546875 0.0453125 0.125
0 0.5796875 0.40625 0.0203125 0.0203125
2 0.4859375 0.5890625 0.1078125 0.284375
0 0.4765625 0.46875 0.0328125 0.0375
2 0.46875 0.5 0.08125 0.203125
0 0.459375 0.4140625 0.021875 0.0265625
2 0.3828125 0.41875 0.0671875 0.1234375
0 0.375 0.3703125 0.0140625 0.0203125
2 0.3375 0.421875 0.03125 0.1140625
0 0.340625 0.3765625 0.0140625 0.015625
2 0.303125 0.421875 0.04375 0.1171875
0 0.3078125 0.375 0.0140625 0.01875
2 0.3109375 0.453125 0.059375 0.1171875
0 0.3078125 0.40625 0.0171875 0.01875
2 0.315625 0.4765625 0.0625 0.128125
0 0.30625 0.4234375 0.0171875 0.01875
2 0.2640625 0.4328125 0.0453125 0.125
0 0.2609375 0.38125 0.0140625 0.0171875
2 0.2578125 0.534375 0.0671875 0.19375
0 0.2609375 0.4578125 0.0296875 0.0359375
2 0.2109375 0.44375 0.028125 0.0703125
0 0.2125 0.415625 0.0078125 0.009375
2 0.190625 0.45625 0.0328125 0.0953125
0 0.1875 0.4171875 0.0109375 0.0140625
2 0.165625 0.475 0.05 0.1234375
0 0.1640625 0.4265625 0.015625 0.0203125
2 0.05625 0.45625 0.0390625 0.1
0 0.059375 0.415625 0.0140625 0.0140625
2 0.0328125 0.4765625 0.0515625 0.1203125
0 0.0265625 0.4328125 0.0203125 0.025
2 0.903125 0.4828125 0.0859375 0.14375
0 0.9171875 0.4234375 0.0203125 0.0203125
2 0.7859375 0.459375 0.0328125 0.1015625
0 0.790625 0.41875 0.0140625 0.015625
2 0.8109375 0.4640625 0.0390625 0.096875
0 0.821875 0.4265625 0.0140625 0.015625
2 0.8375 0.465625 0.0296875 0.0828125
0 0.8421875 0.434375 0.0125 0.015625
2 0.8625 0.4640625 0.0375 0.1140625
0 0.8625 0.4640625 0.0375 0.1140625
2 0.975 0.4765625 0.0453125 0.128125
0 0.98125 0.4265625 0.0203125 0.0234375
2 0.5296875 0.44375 0.0265625 0.0734375
0 0.5359375 0.425 0.0109375 0.0125
2 0.5515625 0.4453125 0.0203125 0.0640625
0 0.553125 0.421875 0.0125 0.0140625
2 0.4109375 0.4578125 0.05625 0.0859375
0 0.4 0.4296875 0.0171875 0.01875
2 0.453125 0.45625 0.0625 0.0734375
0 0.434375 0.4296875 0.0140625 0.015625
2 0.08125 0.4828125 0.0546875 0.1234375
0 0.0828125 0.4375 0.0203125 0.025
2 0.1078125 0.5125 0.0671875 0.14375
0 0.0984375 0.459375 0.0296875 0.0328125
2 0.040625 0.4421875 0.0265625 0.071875
0 0.0390625 0.4140625 0.0109375 0.0140625
2 0.1171875 0.4265625 0.0140625 0.0359375
0 0.1171875 0.4140625 0.00625 0.0078125