2 0.3015625 0.603125 0.571875 0.725
0 0.3875 0.2984375 0.1015625 0.10625
2 0.4625 0.4484375 0.28125 0.771875
0 0.4828125 0.2796875 0.0640625 0.0796875
2 0.6265625 0.553125 0.196875 0.321875
0 0.6125 0.4203125 0.046875 0.05
0 0.9015625 0.44375 0.025 0.0296875
2 0.9703125 0.54375 0.0328125 0.084375
0 0.9671875 0.5171875 0.0125 0.015625
2 0.840625 0.55 0.025 0.06875
0 0.8453125 0.525 0.0125 0.0140625
2 0.0359375 0.553125 0.0375 0.1015625
0 0.0375 0.5078125 0.0125 0.0125
2 0.0859375 0.553125 0.046875 0.0921875
0 0.0890625 0.5140625 0.0140625 0.0140625