0 0.8703125 0.41875 0.09375 0.096875
0 0.7296875 0.4890625 0.0578125 0.059375
2 0.5609375 0.6171875 0.15 0.3546875
0 0.58125 0.471875 0.0375 0.0453125
2 0.4453125 0.5765625 0.0859375 0.2625
0 0.4390625 0.465625 0.0296875 0.0390625
2 0.35 0.5703125 0.1046875 0.2703125
0 0.3625 0.4578125 0.0296875 0.04375
2 0.3796875 0.5609375 0.078125 0.215625
0 0.3921875 0.4703125 0.0234375 0.028125
2 0.26875 0.56875 0.0796875 0.2265625
0 0.2625 0.4703125 0.0203125 0.025
2 0.2453125 0.5953125 0.090625 0.3515625
0 0.2515625 0.446875 0.04375 0.05
2 0.2109375 0.5828125 0.0875 0.26875
0 0.221875 0.465625 0.0203125 0.021875
2 0.1453125 0.615625 0.1515625 0.3875
0 0.15 0.459375 0.0484375 0.06875
0 0.0390625 0.39140625 0.078125 0.1203125