2 0.0875 0.6015625 0.15625 0.4
0 0.0828125 0.4296875 0.0421875 0.05
2 0.14375 0.5984375 0.18125 0.3734375
0 0.1671875 0.4390625 0.04375 0.0484375
2 0.221875 0.584375 0.24375 0.3859375
0 0.2375 0.41875 0.04375 0.0484375
2 0.3078125 0.584375 0.1203125 0.375
0 0.3015625 0.425 0.040625 0.05
2 0.3875 0.578125 0.146875 0.39375
0 0.38125 0.409375 0.04375 0.05
2 0.4484375 0.58125 0.14375 0.3890625
0 0.45 0.415625 0.040625 0.05625
2 0.5 0.5828125 0.1375 0.3859375
0 0.5125 0.4265625 0.0453125 0.059375
2 0.578125 0.5796875 0.1046875 0.3609375
0 0.571875 0.4265625 0.0390625 0.0484375
2 0.64375 0.5890625 0.09375 0.346875
0 0.640625 0.4421875 0.0390625 0.0484375
2 0.7125 0.5796875 0.159375 0.3625
0 0.703125 0.425 0.0453125 0.053125
2 0.790625 0.590625 0.225 0.371875
0 0.771875 0.4484375 0.04375 0.0515625
2 0.8546875 0.575 0.2453125 0.4046875
0 0.840625 0.4046875 0.0453125 0.053125
0 0.9078125 0.3890625 0.05 0.05625