2 0.7734375 0.59375 0.0109375 0.03125
0 0.7734375 0.58125 0.0046875 0.0046875
2 0.78125 0.59375 0.0125 0.034375
0 0.78125 0.58125 0.0046875 0.0046875
2 0.7953125 0.5953125 0.0109375 0.0359375
0 0.7953125 0.58125 0.0046875 0.0046875
2 0.80625 0.59375 0.0171875 0.0328125
0 0.8015625 0.58125 0.0046875 0.0046875
2 0.3765625 0.640625 0.025 0.071875
0 0.378125 0.609375 0.009375 0.0109375
2 0.3640625 0.640625 0.0265625 0.06875
0 0.36875 0.6125 0.009375 0.0109375
2 0.346875 0.621875 0.015625 0.0453125
0 0.3484375 0.603125 0.0046875 0.00625
2 0.33125 0.61875 0.015625 0.0453125
0 0.33125 0.6015625 0.0046875 0.00625
2 0.3 0.6421875 0.034375 0.071875
0 0.3046875 0.6125 0.0125 0.0140625
2 0.2921875 0.6296875 0.021875 0.0578125
0 0.2921875 0.6078125 0.0078125 0.0109375
2 0.2671875 0.625 0.0171875 0.046875
0 0.2671875 0.60625 0.0078125 0.00625
2 0.2625 0.63125 0.0234375 0.053125
0 0.259375 0.6109375 0.0078125 0.0078125
2 0.2453125 0.6328125 0.0140625 0.0625
0 0.24375 0.60625 0.0078125 0.0078125
2 0.2375 0.6328125 0.0234375 0.0671875
0 0.2375 0.60625 0.009375 0.009375
2 0.2046875 0.659375 0.0375 0.10625
0 0.209375 0.615625 0.0125 0.015625
2 0.25625 0.6578125 0.021875 0.090625
0 0.25625 0.61875 0.0140625 0.0140625
2 0.8171875 0.59375 0.0140625 0.034375
0 0.8171875 0.58125 0.0046875 0.0046875
2 0.8234375 0.590625 0.0109375 0.0328125
0 0.8234375 0.578125 0.0046875 0.0046875