0 0.496875 0.5375 0.0640625 0.059375
2 0.434375 0.65 0.1390625 0.284375
0 0.453125 0.528125 0.040625 0.0375
2 0.3265625 0.646875 0.1078125 0.3015625
0 0.325 0.51875 0.0375 0.040625
2 0.353125 0.559375 0.13125 0.403125
0 0.3203125 0.4453125 0.046875 0.040625
2 0.353125 0.6125 0.1140625 0.2234375
0 0.390625 0.5234375 0.040625 0.0375
2 0.225 0.63125 0.1140625 0.26875
0 0.2140625 0.51875 0.0390625 0.040625
2 0.2265625 0.5640625 0.053125 0.1625
0 0.221875 0.5 0.0203125 0.0265625
2 0.1796875 0.5921875 0.0359375 0.1015625
0 0.18125 0.5515625 0.0109375 0.0140625
2 0.1015625 0.5953125 0.05625 0.0984375
0 0.115625 0.5609375 0.01875 0.0171875
0 0.15625 0.5375 0.0421875 0.0484375
2 0.0390625 0.640625 0.0765625 0.2640625
0 0.0359375 0.53125 0.0328125 0.040625
2 0.028125 0.625 0.05625 0.2140625
0 0.0109375 0.5375 0.021875 0.03125