2 0.103125 0.603125 0.0875 0.3484375
0 0.096875 0.4546875 0.0453125 0.0453125
2 0.3765625 0.578125 0.1109375 0.25625
0 0.3640625 0.4703125 0.0328125 0.0296875
2 0.4015625 0.5359375 0.0734375 0.159375
0 0.4140625 0.471875 0.0203125 0.021875
2 0.4921875 0.5296875 0.0515625 0.1296875
0 0.484375 0.4734375 0.01875 0.01875
2 0.5296875 0.503125 0.1046875 0.3046875
0 0.521875 0.41875 0.034375 0.028125
2 0.5796875 0.5625 0.08125 0.24375
0 0.58125 0.4828125 0.0359375 0.03125
2 0.609375 0.5484375 0.065625 0.203125
0 0.6046875 0.4640625 0.025 0.0234375
2 0.5734375 0.5515625 0.0796875 0.2203125
0 0.5609375 0.45625 0.0234375 0.0234375
2 0.50625 0.4953125 0.01875 0.06875
0 0.503125 0.46875 0.0109375 0.0125
2 0.48125 0.4921875 0.0265625 0.0640625
0 0.484375 0.4734375 0.0171875 0.01875
2 0.4453125 0.490625 0.03125 0.06875
0 0.4515625 0.4640625 0.009375 0.009375
2 0.2515625 0.4953125 0.0234375 0.08125
0 0.253125 0.4609375 0.009375 0.0125
2 0.296875 0.4984375 0.0390625 0.0828125
0 0.2859375 0.465625 0.0125 0.0140625
2 0.284375 0.490625 0.0203125 0.0640625
0 0.2875 0.4640625 0.009375 0.0109375
2 0.2796875 0.484375 0.0234375 0.05
0 0.2828125 0.4640625 0.0078125 0.0078125
2 0.25 0.490625 0.025 0.0640625
0 0.2578125 0.4640625 0.0078125 0.009375
2 0.2734375 0.4734375 0.0078125 0.0203125
0 0.2734375 0.4671875 0.003125 0.003125
2 0.309375 0.484375 0.0109375 0.0453125
0 0.3109375 0.4671875 0.0046875 0.00625
2 0.309375 0.4828125 0.015625 0.04375
0 0.3109375 0.4671875 0.00625 0.00625
2 0.2984375 0.475 0.00625 0.021875
0 0.3 0.4671875 0.003125 0.003125
2 0.321875 0.475 0.0078125 0.0265625
0 0.3234375 0.465625 0.003125 0.003125
2 0.334375 0.48125 0.0140625 0.03125
0 0.3359375 0.4703125 0.0046875 0.0046875
2 0.3421875 0.478125 0.0109375 0.0328125
0 0.3421875 0.465625 0.0046875 0.0046875
2 0.8046875 0.53125 0.0453125 0.1546875
0 0.8 0.465625 0.0171875 0.0203125
2 0.959375 0.496875 0.0234375 0.06875
0 0.9609375 0.46875 0.009375 0.009375
2 0.2 0.475 0.009375 0.0234375
0 0.2 0.465625 0.003125 0.003125
2 0.134375 0.475 0.009375 0.0234375
0 0.134375 0.4671875 0.003125 0.0046875
2 0.0140625 0.4734375 0.0078125 0.025
0 0.0140625 0.4640625 0.003125 0.003125
2 0.0265625 0.475 0.009375 0.0265625
0 0.0265625 0.465625 0.0046875 0.0046875
2 0.0484375 0.475 0.0125 0.0265625
0 0.0515625 0.4671875 0.0046875 0.0046875
2 0.0578125 0.4765625 0.0109375 0.0234375
0 0.0609375 0.46875 0.003125 0.003125
2 0.065625 0.475 0.0078125 0.0234375
0 0.065625 0.465625 0.003125 0.003125
2 0.1203125 0.475 0.009375 0.021875
0 0.11875 0.465625 0.003125 0.003125