0 0.746875 0.571875 0.0734375 0.10625
2 0.853125 0.5765625 0.103125 0.2625
0 0.8640625 0.4671875 0.040625 0.0421875
2 0.903125 0.5203125 0.0984375 0.3171875
0 0.884375 0.3875 0.0390625 0.0484375
2 0.7125 0.603125 0.1953125 0.534375
0 0.703125 0.378125 0.0546875 0.08125
2 0.575 0.496875 0.1078125 0.30625
0 0.5734375 0.3734375 0.034375 0.040625
2 0.609375 0.41875 0.0546875 0.165625
0 0.60625 0.353125 0.021875 0.0203125
2 0.5390625 0.4328125 0.05625 0.171875
0 0.5421875 0.3640625 0.015625 0.0203125
2 0.4984375 0.446875 0.071875 0.1921875
0 0.4921875 0.3703125 0.0265625 0.034375
2 0.4609375 0.6 0.1875 0.5
0 0.4453125 0.390625 0.05625 0.078125
0 0.3125 0.3078125 0.065625 0.08125
2 0.409375 0.4703125 0.090625 0.315625
0 0.4140625 0.3375 0.040625 0.040625
2 0.4703125 0.471875 0.090625 0.2671875
0 0.459375 0.359375 0.0234375 0.0328125
2 0.3578125 0.4125 0.040625 0.125
0 0.359375 0.3625 0.015625 0.0203125
2 0.36875 0.3921875 0.0328125 0.0875
0 0.365625 0.3578125 0.0125 0.0125
2 0.35 0.4046875 0.0328125 0.1046875
0 0.35 0.3640625 0.0125 0.01875