0 0.0390625 0.646875 0.0375 0.0375
2 0.2015625 0.665625 0.0953125 0.2203125
0 0.2203125 0.5734375 0.0265625 0.03125
2 0.2296875 0.6609375 0.059375 0.2
0 0.234375 0.5796875 0.0234375 0.0296875
2 0.2765625 0.64375 0.0515625 0.0859375
0 0.2765625 0.61875 0.0140625 0.01875
2 0.34375 0.634375 0.0640625 0.08125
0 0.3515625 0.6046875 0.0171875 0.0171875
2 0.353125 0.6265625 0.04375 0.071875
0 0.35625 0.596875 0.015625 0.0125
2 0.3796875 0.621875 0.0453125 0.059375
0 0.38125 0.6 0.0125 0.0140625
2 0.41875 0.6125 0.025 0.0484375
0 0.41875 0.5953125 0.009375 0.0109375
2 0.4328125 0.6171875 0.0328125 0.0796875
0 0.434375 0.5859375 0.0109375 0.0109375
2 0.4578125 0.6140625 0.0328125 0.0828125
0 0.459375 0.58125 0.009375 0.009375
2 0.48125 0.6109375 0.028125 0.0796875
0 0.484375 0.578125 0.009375 0.0109375
2 0.5109375 0.60625 0.0265625 0.0796875
0 0.5125 0.575 0.009375 0.0109375
2 0.5375 0.61875 0.0296875 0.0875
0 0.5390625 0.58125 0.0125 0.0125
2 0.5703125 0.61875 0.0390625 0.0875
0 0.571875 0.5828125 0.0125 0.0125
2 0.59375 0.615625 0.0265625 0.075
0 0.5953125 0.5859375 0.0109375 0.0125
2 0.6078125 0.60625 0.021875 0.0578125
0 0.60625 0.5828125 0.0078125 0.009375
2 0.5546875 0.6046875 0.0171875 0.0609375
0 0.5515625 0.5796875 0.00625 0.0078125
2 0.63125 0.61875 0.05 0.0671875
0 0.6390625 0.59375 0.0125 0.0140625
2 0.66875 0.628125 0.05 0.0875
0 0.66875 0.596875 0.0125 0.015625
2 0.70625 0.6328125 0.0484375 0.0921875
0 0.7109375 0.5953125 0.0125 0.0171875
2 0.7125 0.64375 0.059375 0.1234375
0 0.725 0.5953125 0.01875 0.021875
0 0.79375 0.584375 0.05 0.0609375
2 0.8625 0.6390625 0.04375 0.1140625
0 0.853125 0.5953125 0.0140625 0.01875