2 0.2671875 0.60625 0.0140625 0.04375
0 0.2671875 0.590625 0.0046875 0.0046875
2 0.2875 0.6078125 0.0171875 0.0375
0 0.2859375 0.5921875 0.0046875 0.0046875
2 0.315625 0.615625 0.01875 0.04375
0 0.3125 0.5984375 0.00625 0.0078125
2 0.3796875 0.5921875 0.009375 0.0375
0 0.38125 0.5765625 0.00625 0.0046875
2 0.3859375 0.59375 0.0125 0.0359375
0 0.384375 0.578125 0.003125 0.0046875
2 0.3828125 0.596875 0.0140625 0.040625
0 0.384375 0.58125 0.0046875 0.00625
2 0.4171875 0.5875 0.0109375 0.03125
0 0.4171875 0.575 0.0046875 0.0046875
2 0.496875 0.58125 0.0078125 0.0234375
0 0.496875 0.5734375 0.003125 0.003125
2 0.5015625 0.58125 0.0078125 0.021875
0 0.5015625 0.5734375 0.0046875 0.003125
2 0.5171875 0.575 0.0109375 0.025
0 0.5171875 0.5640625 0.003125 0.0046875
2 0.5203125 0.58125 0.009375 0.0234375
0 0.521875 0.571875 0.003125 0.003125
2 0.5546875 0.5734375 0.009375 0.0234375
0 0.5546875 0.5640625 0.003125 0.003125
2 0.575 0.5671875 0.0078125 0.0234375
0 0.5765625 0.5578125 0.003125 0.003125
2 0.571875 0.5734375 0.0109375 0.0234375
0 0.571875 0.5640625 0.003125 0.003125
2 0.621875 0.565625 0.0078125 0.021875
0 0.621875 0.5578125 0.003125 0.003125
2 0.359375 0.7140625 0.04375 0.0828125
0 0.3625 0.6796875 0.0109375 0.0125
2 0.50625 0.7078125 0.0328125 0.0859375
0 0.5140625 0.6734375 0.0109375 0.0140625
2 0.6234375 0.703125 0.0234375 0.071875
0 0.628125 0.6734375 0.009375 0.009375
2 0.640625 0.7015625 0.0234375 0.0765625
0 0.640625 0.66875 0.0109375 0.0125
2 0.7609375 0.64375 0.01875 0.0421875
0 0.7609375 0.6265625 0.00625 0.0078125
2 0.7828125 0.65 0.0203125 0.046875
0 0.7828125 0.6328125 0.00625 0.009375
2 0.7703125 0.628125 0.0171875 0.0453125
0 0.771875 0.609375 0.00625 0.00625
2 0.7671875 0.63125 0.0125 0.040625
0 0.7671875 0.6140625 0.0078125 0.0078125
2 0.7703125 0.6328125 0.01875 0.046875
0 0.771875 0.6140625 0.0078125 0.009375
2 0.80625 0.63125 0.0203125 0.0515625
0 0.8078125 0.609375 0.0078125 0.00625
2 0.765625 0.6796875 0.028125 0.075
0 0.7671875 0.646875 0.009375 0.009375
2 0.7984375 0.725 0.04375 0.1015625
0 0.8046875 0.684375 0.0140625 0.0140625
2 0.69375 0.7421875 0.0296875 0.09375
0 0.696875 0.703125 0.0125 0.0140625
0 0.325 0.9671875 0.028125 0.034375
0 0.41875 0.859375 0.025 0.0296875
2 0.459375 0.903125 0.053125 0.190625
0 0.459375 0.8203125 0.0203125 0.025
2 0.4359375 0.8375 0.04375 0.1078125
0 0.44375 0.79375 0.0125 0.0140625
2 0.4796875 0.8484375 0.0375 0.1375
0 0.478125 0.7921875 0.015625 0.0203125
2 0.4703125 0.85625 0.053125 0.14375
0 0.471875 0.79375 0.01875 0.021875
2 0.56875 0.81875 0.05 0.1328125
0 0.5734375 0.7625 0.0171875 0.01875
2 0.559375 0.8390625 0.05 0.146875
0 0.55625 0.778125 0.01875 0.0203125
2 0.540625 0.903125 0.059375 0.18125
0 0.5421875 0.828125 0.01875 0.0234375
2 0.646875 0.8125 0.0625 0.1328125
0 0.6453125 0.7578125 0.0171875 0.01875
2 0.6359375 0.8421875 0.0375 0.13125
0 0.6390625 0.7859375 0.0171875 0.01875
2 0.6890625 0.83125 0.0390625 0.1171875
0 0.6859375 0.78125 0.0171875 0.0203125
2 0.6578125 0.865625 0.0375 0.1546875
0 0.6609375 0.7984375 0.01875 0.0234375
2 0.60625 0.8640625 0.0421875 0.146875
0 0.615625 0.8 0.0171875 0.01875
2 0.64375 0.878125 0.0578125 0.159375
0 0.646875 0.8109375 0.01875 0.021875
2 0.703125 0.88125 0.065625 0.1625
0 0.69375 0.8109375 0.0171875 0.01875
2 0.725 0.8296875 0.0390625 0.134375
0 0.725 0.7734375 0.0171875 0.01875
2 0.75625 0.8484375 0.0484375 0.1390625
0 0.75 0.7890625 0.0171875 0.0203125
2 0.7921875 0.821875 0.0421875 0.128125
0 0.796875 0.76875 0.01875 0.01875
0 0.821875 0.8015625 0.0171875 0.0171875
2 0.7796875 0.871875 0.0515625 0.1609375
0 0.784375 0.803125 0.0203125 0.025
2 0.521875 0.571875 0.00625 0.0203125
0 0.5234375 0.5640625 0.003125 0.003125