2 0.0125 0.5109375 0.025 0.090625
0 0.0078125 0.475 0.0140625 0.0171875
2 0.1 0.5 0.015625 0.053125
0 0.1 0.478125 0.00625 0.00625
2 0.121875 0.5015625 0.025 0.059375
0 0.1265625 0.4796875 0.0078125 0.0078125
2 0.1703125 0.5015625 0.0203125 0.046875
0 0.16875 0.4828125 0.00625 0.00625
2 0.225 0.503125 0.01875 0.05
0 0.225 0.484375 0.00625 0.0078125
2 0.196875 0.5 0.015625 0.0515625
0 0.2 0.48125 0.00625 0.0078125
2 0.2 0.5015625 0.01875 0.0484375
0 0.2015625 0.484375 0.00625 0.0078125
2 0.2375 0.4953125 0.0078125 0.028125
0 0.2375 0.4859375 0.003125 0.003125
2 0.2453125 0.496875 0.009375 0.0375
0 0.246875 0.4828125 0.00625 0.00625
2 0.2546875 0.5015625 0.01875 0.053125
0 0.2546875 0.48125 0.00625 0.009375
2 0.290625 0.5 0.01875 0.04375
0 0.2875 0.484375 0.00625 0.00625
2 0.3078125 0.5 0.015625 0.04375
0 0.309375 0.4828125 0.0046875 0.00625
2 0.34375 0.5125 0.0234375 0.059375
0 0.346875 0.4890625 0.009375 0.0078125
2 0.3875 0.5015625 0.0171875 0.04375
0 0.3875 0.484375 0.00625 0.00625
2 0.3734375 0.5015625 0.0125 0.0375
0 0.371875 0.4875 0.0046875 0.0046875
2 0.3671875 0.4984375 0.0109375 0.034375
0 0.3671875 0.4859375 0.003125 0.003125
2 0.35625 0.496875 0.009375 0.0328125
0 0.359375 0.4828125 0.003125 0.0046875
2 0.3984375 0.49375 0.009375 0.028125
0 0.4 0.484375 0.003125 0.0046875
2 0.390625 0.49375 0.0109375 0.0265625
0 0.390625 0.484375 0.003125 0.0046875
2 0.4140625 0.49375 0.009375 0.025
0 0.415625 0.484375 0.0046875 0.0046875
2 0.434375 0.496875 0.009375 0.0265625
0 0.4375 0.4875 0.0046875 0.003125
2 0.4234375 0.4921875 0.009375 0.025
0 0.425 0.4828125 0.003125 0.003125
2 0.46875 0.5015625 0.009375 0.025
0 0.4671875 0.4921875 0.003125 0.003125
2 0.3296875 0.4953125 0.009375 0.025
0 0.3328125 0.4859375 0.003125 0.0046875
2 0.3359375 0.4984375 0.009375 0.03125
0 0.3375 0.4875 0.00625 0.00625
2 0.35625 0.4828125 0.009375 0.025
0 0.3578125 0.4734375 0.0046875 0.00625
2 0.521875 0.503125 0.028125 0.046875
0 0.525 0.484375 0.00625 0.00625
2 0.49375 0.5 0.009375 0.03125
0 0.4953125 0.4875 0.003125 0.0046875
2 0.5 0.4984375 0.0125 0.03125
0 0.5 0.4859375 0.0046875 0.0046875
2 0.54375 0.5 0.009375 0.0234375
0 0.54375 0.490625 0.003125 0.003125
2 0.55 0.5 0.009375 0.025
0 0.5515625 0.490625 0.003125 0.003125
2 0.575 0.5015625 0.0125 0.025
0 0.575 0.490625 0.0046875 0.003125
2 0.5640625 0.49375 0.009375 0.021875
0 0.565625 0.484375 0.003125 0.003125
2 0.6359375 0.5046875 0.015625 0.04375
0 0.634375 0.4875 0.00625 0.00625
2 0.6578125 0.51875 0.028125 0.06875
0 0.6578125 0.490625 0.0078125 0.009375
2 0.875 0.5 0.0125 0.034375
0 0.878125 0.4875 0.0046875 0.00625
2 0.878125 0.5015625 0.0125 0.03125
0 0.88125 0.490625 0.00625 0.00625
2 0.8625 0.515625 0.01875 0.0515625
0 0.8625 0.4953125 0.009375 0.0078125
2 0.846875 0.509375 0.0171875 0.046875
0 0.846875 0.490625 0.00625 0.00625
2 0.8375 0.5125 0.021875 0.059375
0 0.8390625 0.4921875 0.00625 0.00625
2 0.815625 0.503125 0.01875 0.04375
0 0.815625 0.4859375 0.00625 0.00625
2 0.7859375 0.4984375 0.009375 0.03125
0 0.7859375 0.4875 0.003125 0.0046875
2 0.7671875 0.50625 0.01875 0.04375
0 0.765625 0.490625 0.00625 0.00625
2 0.753125 0.4984375 0.0109375 0.0265625
0 0.753125 0.4875 0.003125 0.0046875
2 0.7421875 0.4984375 0.009375 0.025
0 0.74375 0.4890625 0.003125 0.003125
2 0.7234375 0.5 0.009375 0.0296875
0 0.7234375 0.4875 0.003125 0.0046875
2 0.7078125 0.49375 0.009375 0.021875
0 0.7078125 0.484375 0.003125 0.003125
2 0.7140625 0.49375 0.0078125 0.01875
0 0.715625 0.4875 0.003125 0.003125
2 0.675 0.49375 0.0078125 0.01875
0 0.675 0.4859375 0.003125 0.003125
2 0.2578125 0.496875 0.015625 0.0421875
0 0.2578125 0.4796875 0.0046875 0.00625