2 0.9375 0.5203125 0.05625 0.1578125
0 0.925 0.4578125 0.0234375 0.0265625
2 0.871875 0.5 0.0640625 0.2203125
0 0.8703125 0.415625 0.0203125 0.0234375
2 0.83125 0.5140625 0.071875 0.15625
0 0.83125 0.45625 0.0140625 0.015625
2 0.7421875 0.4984375 0.06875 0.19375
0 0.7625 0.41875 0.025 0.03125
2 0.8875 0.5140625 0.0765625 0.18125
0 0.8859375 0.4390625 0.0203125 0.0203125
2 0.846875 0.5078125 0.065625 0.171875
0 0.846875 0.434375 0.0203125 0.021875
2 0.640625 0.503125 0.0609375 0.1359375
0 0.640625 0.465625 0.0171875 0.0203125
2 0.559375 0.4859375 0.0609375 0.140625
0 0.56875 0.4296875 0.0171875 0.0203125
2 0.5078125 0.5203125 0.0484375 0.1234375
0 0.5125 0.46875 0.01875 0.0203125
2 0.4515625 0.509375 0.0953125 0.1390625
0 0.4640625 0.4515625 0.015625 0.021875
2 0.4546875 0.4859375 0.046875 0.128125
0 0.4578125 0.440625 0.0171875 0.0171875
2 0.4875 0.5046875 0.053125 0.11875
0 0.4875 0.4546875 0.0125 0.0140625
2 0.396875 0.5125 0.0296875 0.0984375
0 0.4 0.4703125 0.0109375 0.0125
2 0.3625 0.5109375 0.046875 0.13125
0 0.365625 0.4578125 0.021875 0.01875
2 0.3359375 0.509375 0.034375 0.0890625
0 0.3390625 0.475 0.009375 0.0125
2 0.29375 0.5078125 0.08125 0.1421875
0 0.3 0.4578125 0.0140625 0.0171875
2 0.2703125 0.5140625 0.0484375 0.11875
0 0.2734375 0.4671875 0.0171875 0.0171875
2 0.23125 0.503125 0.0765625 0.153125
0 0.24375 0.4390625 0.0171875 0.0171875
2 0.2125 0.5109375 0.0375 0.11875
0 0.2140625 0.471875 0.0171875 0.01875
2 0.203125 0.5046875 0.04375 0.11875
0 0.2078125 0.45625 0.0140625 0.0140625
2 0.175 0.4921875 0.0484375 0.134375
0 0.18125 0.4359375 0.0171875 0.0203125
2 0.1546875 0.509375 0.0375 0.125
0 0.15625 0.459375 0.0171875 0.0171875
2 0.1265625 0.515625 0.04375 0.10625
0 0.1328125 0.4703125 0.0140625 0.0140625
2 0.09375 0.5140625 0.0421875 0.1359375
0 0.09375 0.4578125 0.015625 0.0171875
2 0.059375 0.503125 0.04375 0.1671875
0 0.059375 0.4609375 0.01875 0.021875
2 0.0171875 0.515625 0.0328125 0.1484375
0 0.0078125 0.4578125 0.0140625 0.021875
2 0.01875 0.53828125 0.0375 0.0953125
0 0.0046875 0.5 0.009375 0.0171875
2 0.1625 0.43125 0.0328125 0.084375
0 0.1671875 0.396875 0.0125 0.0140625