0 0.9671875 0.6484375 0.021875 0.0234375
2 0.96875 0.71875 0.046875 0.165625
0 0.96875 0.65 0.0234375 0.025
2 0.9265625 0.7234375 0.0453125 0.1671875
0 0.9375 0.65625 0.0203125 0.028125
2 0.890625 0.70625 0.0546875 0.190625
0 0.896875 0.628125 0.01875 0.0203125
2 0.8953125 0.7140625 0.0796875 0.178125
0 0.8890625 0.6390625 0.0234375 0.025
2 0.86875 0.709375 0.0359375 0.1703125
0 0.875 0.640625 0.0265625 0.0296875
2 0.8375 0.715625 0.0828125 0.1859375
0 0.84375 0.6390625 0.025 0.0265625
2 0.7765625 0.7171875 0.08125 0.165625
0 0.7828125 0.64375 0.021875 0.0234375
2 0.78125 0.7109375 0.090625 0.16875
0 0.7765625 0.6390625 0.0203125 0.0234375
2 0.7859375 0.7046875 0.0890625 0.171875
0 0.78125 0.6328125 0.0234375 0.0234375
2 0.73125 0.71875 0.0921875 0.1734375
0 0.73125 0.646875 0.025 0.0265625
2 0.68125 0.7109375 0.0796875 0.1796875
0 0.678125 0.6375 0.0234375 0.0296875
2 0.653125 0.709375 0.0515625 0.1796875
0 0.646875 0.634375 0.0234375 0.025
2 0.671875 0.709375 0.053125 0.171875
0 0.6765625 0.6359375 0.0234375 0.0265625
2 0.6140625 0.715625 0.0703125 0.1546875
0 0.621875 0.65625 0.021875 0.0265625
2 0.584375 0.7078125 0.075 0.1578125
0 0.5796875 0.6421875 0.021875 0.021875
2 0.5328125 0.7046875 0.0484375 0.16875
0 0.528125 0.6375 0.021875 0.025
2 0.4875 0.703125 0.0984375 0.19375
0 0.484375 0.621875 0.0296875 0.0296875
2 0.453125 0.71875 0.084375 0.171875
0 0.45625 0.646875 0.0234375 0.025
2 0.4203125 0.7125 0.078125 0.1546875
0 0.425 0.65 0.0234375 0.025
2 0.3453125 0.715625 0.0859375 0.1796875
0 0.3578125 0.640625 0.025 0.0265625
2 0.3484375 0.7125 0.090625 0.1734375
0 0.340625 0.640625 0.021875 0.0296875
2 0.384375 0.7171875 0.0765625 0.171875
0 0.3703125 0.65 0.0234375 0.028125
2 0.28125 0.7125 0.0515625 0.1609375
0 0.2734375 0.64375 0.0171875 0.01875
2 0.2703125 0.7140625 0.08125 0.184375
0 0.2609375 0.6359375 0.0234375 0.0265625
2 0.2515625 0.7140625 0.078125 0.1859375
0 0.2515625 0.6390625 0.0234375 0.0296875
2 0.2015625 0.7109375 0.0921875 0.2015625
0 0.1984375 0.6265625 0.028125 0.03125
2 0.1671875 0.70625 0.0609375 0.1875
0 0.16875 0.63125 0.0234375 0.025
2 0.1421875 0.7171875 0.059375 0.1609375
0 0.1484375 0.65 0.0203125 0.0234375
2 0.1125 0.715625 0.0828125 0.1765625
0 0.10625 0.64375 0.0234375 0.025
2 0.065625 0.7203125 0.1 0.1796875
0 0.0484375 0.6453125 0.025 0.0265625
2 0.046875 0.7140625 0.053125 0.1859375
0 0.034375 0.6375 0.021875 0.0234375