2 0.771875 0.60625 0.309375 0.428125
0 0.765625 0.440625 0.0671875 0.0875
2 0.6828125 0.6078125 0.365625 0.4
0 0.6703125 0.45 0.0609375 0.0765625
2 0.5640625 0.625 0.1421875 0.3765625
0 0.5625 0.4796875 0.0578125 0.071875
2 0.446875 0.615625 0.3421875 0.3921875
0 0.4546875 0.4578125 0.0578125 0.06875
2 0.309375 0.6109375 0.19375 0.4125
0 0.3484375 0.446875 0.0640625 0.075
2 0.1015625 0.5046875 0.159375 0.5375
0 0.1140625 0.28125 0.05625 0.06875
2 0.2140625 0.51875 0.159375 0.4984375
0 0.221875 0.309375 0.0484375 0.0609375
2 0.3046875 0.528125 0.1109375 0.446875
0 0.3171875 0.3390625 0.0484375 0.0609375
2 0.375 0.5296875 0.11875 0.4359375
0 0.384375 0.34375 0.046875 0.05625
2 0.471875 0.534375 0.128125 0.4578125
0 0.4765625 0.3328125 0.0484375 0.05625
2 0.5515625 0.528125 0.128125 0.4671875
0 0.5578125 0.321875 0.0453125 0.0578125
2 0.65625 0.5265625 0.128125 0.465625
0 0.6546875 0.325 0.046875 0.05625
2 0.7515625 0.5234375 0.121875 0.4671875
0 0.75 0.31875 0.05625 0.0609375
2 0.8625 0.525 0.1453125 0.4859375
0 0.8421875 0.3171875 0.05 0.059375