0 0.953125 0.403125 0.05625 0.0765625
0 0.821875 0.4078125 0.05625 0.06875
0 0.7453125 0.4421875 0.053125 0.071875
2 0.7015625 0.559375 0.096875 0.3578125
0 0.709375 0.4109375 0.0390625 0.0515625
0 0.646875 0.3828125 0.0515625 0.0703125
0 0.584375 0.396875 0.0609375 0.071875
0 0.4828125 0.403125 0.0578125 0.075
0 0.4359375 0.475 0.059375 0.0703125
0 0.3640625 0.4375 0.0609375 0.071875
2 0.3984375 0.571875 0.134375 0.48125
0 0.3984375 0.375 0.0515625 0.06875
2 0.3015625 0.590625 0.1453125 0.4734375
0 0.290625 0.3984375 0.05625 0.059375
0 0.2328125 0.43125 0.0578125 0.06875
0 0.10625 0.41875 0.059375 0.075
0 0.0125 0.40625 0.025 0.071875
0 0.1625 0.4015625 0.0609375 0.071875
2 0.2578125 0.5671875 0.1078125 0.45
0 0.2515625 0.3796875 0.059375 0.06875