2 0.0546875 0.478125 0.109375 0.278125
0 0.021875 0.3640625 0.0375 0.040625
2 0.0671875 0.4765625 0.1328125 0.2953125
0 0.0578125 0.35625 0.040625 0.0484375
2 0.115625 0.4734375 0.0921875 0.303125
0 0.125 0.34375 0.0296875 0.040625
2 0.1390625 0.45 0.1109375 0.290625
0 0.159375 0.33125 0.0328125 0.040625
2 0.175 0.471875 0.0984375 0.3609375
0 0.18125 0.3265625 0.040625 0.0515625
2 0.209375 0.471875 0.08125 0.278125
0 0.2125 0.35625 0.0359375 0.04375
2 0.2390625 0.4734375 0.084375 0.2875
0 0.24375 0.3546875 0.034375 0.0453125
2 0.246875 0.4484375 0.0875 0.2875
0 0.2484375 0.3265625 0.0328125 0.0359375
2 0.259375 0.4578125 0.0765625 0.2578125
0 0.2671875 0.3515625 0.03125 0.040625
2 0.3 0.4625 0.084375 0.284375
0 0.2984375 0.3421875 0.03125 0.0390625
2 0.3296875 0.4828125 0.115625 0.3578125
0 0.3359375 0.3359375 0.0421875 0.05625
2 0.3484375 0.478125 0.109375 0.3296875
0 0.359375 0.3390625 0.0296875 0.04375
2 0.384375 0.4890625 0.1484375 0.3734375
0 0.40625 0.3328125 0.0484375 0.0578125
2 0.4125 0.471875 0.0890625 0.309375
0 0.428125 0.3421875 0.034375 0.0484375
2 0.4640625 0.3578125 0.0453125 0.0875
0 0.4734375 0.328125 0.0109375 0.015625
2 0.4671875 0.471875 0.084375 0.3
0 0.471875 0.353125 0.034375 0.0453125
2 0.515625 0.475 0.1421875 0.328125
0 0.5109375 0.3359375 0.0375 0.04375
2 0.5171875 0.50625 0.1390625 0.421875
0 0.5390625 0.33125 0.053125 0.0546875
2 0.5421875 0.4828125 0.1078125 0.3875
0 0.5484375 0.309375 0.034375 0.0359375
2 0.5546875 0.4828125 0.1171875 0.3359375
0 0.55625 0.3453125 0.03125 0.0546875
2 0.603125 0.5109375 0.1359375 0.39375
0 0.609375 0.35625 0.0484375 0.06875
2 0.628125 0.4875 0.11875 0.3484375
0 0.6359375 0.340625 0.0375 0.0453125
2 0.64375 0.521875 0.1734375 0.45
0 0.6921875 0.33125 0.0515625 0.0640625
2 0.7015625 0.5015625 0.09375 0.3453125
0 0.6953125 0.3703125 0.0390625 0.0515625
2 0.7234375 0.490625 0.08125 0.3203125
0 0.734375 0.35625 0.0390625 0.05
2 0.7484375 0.484375 0.0921875 0.309375
0 0.7578125 0.3546875 0.0359375 0.0453125
2 0.8375 0.5203125 0.1078125 0.3125
0 0.8453125 0.390625 0.0375 0.0484375
2 0.91875 0.45625 0.1 0.2234375
0 0.91875 0.365625 0.025 0.03125