0 0.7453125 0.503125 0.090625 0.1140625
2 0.875 0.5625 0.1609375 0.3671875
0 0.86875 0.41875 0.0578125 0.0734375
2 0.784375 0.5046875 0.090625 0.259375
0 0.784375 0.40625 0.04375 0.053125
0 0.71875 0.4359375 0.0765625 0.0875
0 0.459375 0.490625 0.0984375 0.1078125
2 0.4375 0.5984375 0.1796875 0.359375
0 0.4203125 0.4625 0.0625 0.0828125
2 0.653125 0.55 0.159375 0.3578125
0 0.65625 0.421875 0.0546875 0.0640625
2 0.60625 0.515625 0.13125 0.2890625
0 0.6046875 0.40625 0.04375 0.059375
2 0.540625 0.45 0.1078125 0.325
0 0.5328125 0.321875 0.04375 0.0609375
2 0.6125 0.4375 0.1015625 0.278125
0 0.609375 0.325 0.0375 0.040625
2 0.3640625 0.475 0.153125 0.415625
0 0.346875 0.3078125 0.0515625 0.065625
2 0.440625 0.434375 0.0953125 0.290625
0 0.434375 0.3171875 0.040625 0.046875
2 0.471875 0.440625 0.0921875 0.2765625
0 0.46875 0.33125 0.0390625 0.05
2 0.275 0.45625 0.1171875 0.365625
0 0.29375 0.3046875 0.0484375 0.05625
2 0.196875 0.459375 0.10625 0.34375
0 0.19375 0.31875 0.0390625 0.0484375
2 0.14375 0.4515625 0.0765625 0.28125
0 0.146875 0.33125 0.0296875 0.034375