2 0.0609375 0.453125 0.0796875 0.2171875
0 0.059375 0.365625 0.0265625 0.03125
2 0.1 0.4984375 0.121875 0.31875
0 0.090625 0.365625 0.0421875 0.0484375
2 0.1125 0.353125 0.0609375 0.165625
0 0.121875 0.2890625 0.025 0.0203125
2 0.20625 0.4375 0.075 0.221875
0 0.190625 0.34375 0.0265625 0.0328125
0 0.328125 0.45 0.0703125 0.0953125
2 0.3375 0.409375 0.075 0.15
0 0.3359375 0.3484375 0.0203125 0.025
2 0.4421875 0.4515625 0.0828125 0.20625
0 0.4375 0.3640625 0.025 0.028125
2 0.475 0.4015625 0.05 0.153125
0 0.4765625 0.3375 0.0171875 0.01875
2 0.51875 0.4046875 0.0578125 0.14375
0 0.51875 0.3453125 0.01875 0.0203125
2 0.559375 0.4140625 0.0484375 0.15
0 0.5609375 0.35 0.01875 0.0203125
2 0.565625 0.4015625 0.0484375 0.146875
0 0.5640625 0.3390625 0.015625 0.01875
2 0.575 0.4 0.04375 0.1359375
0 0.5765625 0.3453125 0.01875 0.01875
2 0.590625 0.384375 0.03125 0.103125
0 0.5890625 0.3421875 0.0109375 0.0140625
2 0.6359375 0.3859375 0.028125 0.0921875
0 0.6359375 0.346875 0.0140625 0.0125
2 0.653125 0.36875 0.0203125 0.06875
0 0.653125 0.340625 0.0109375 0.0125
2 0.6453125 0.3609375 0.0140625 0.05625
0 0.64375 0.3375 0.00625 0.0078125
2 0.671875 0.40625 0.040625 0.1296875
0 0.6703125 0.3546875 0.0171875 0.01875
2 0.6796875 0.3734375 0.021875 0.0703125
0 0.68125 0.346875 0.0125 0.0125
2 0.690625 0.371875 0.021875 0.075
0 0.690625 0.3390625 0.00625 0.00625
2 0.76875 0.4015625 0.0453125 0.140625
0 0.765625 0.340625 0.0140625 0.0171875
2 0.75 0.3875 0.0515625 0.103125
0 0.734375 0.34375 0.0140625 0.015625
2 0.6125 0.4078125 0.046875 0.1515625
0 0.6140625 0.34375 0.01875 0.0203125