2 0.78125 0.225 0.05625 0.134375
0 0.7875 0.1625 0.0171875 0.009375
2 0.953125 0.4578125 0.065625 0.146875
0 0.9515625 0.396875 0.01875 0.025
2 0.8234375 0.4546875 0.0546875 0.175
0 0.8125 0.3875 0.0296875 0.0390625
2 0.8171875 0.4703125 0.09375 0.19375
0 0.7890625 0.396875 0.025 0.0375
2 0.8 0.346875 0.0609375 0.1140625
0 0.8015625 0.3046875 0.021875 0.025
2 0.840625 0.428125 0.05625 0.128125
0 0.8453125 0.378125 0.01875 0.021875
2 0.8796875 0.240625 0.0453125 0.075
0 0.8828125 0.21875 0.0171875 0.021875
2 0.971875 0.240625 0.04375 0.0640625
0 0.971875 0.2234375 0.015625 0.01875
2 0.8984375 0.253125 0.046875 0.0765625
0 0.9 0.23125 0.01875 0.021875
2 0.9390625 0.265625 0.0484375 0.0796875
0 0.9390625 0.2390625 0.0171875 0.021875
0 0.9859375 0.234375 0.01875 0.021875
2 0.971875 0.303125 0.0375 0.084375
0 0.9828125 0.2734375 0.0171875 0.025
2 0.9234375 0.2953125 0.0390625 0.090625
0 0.925 0.2640625 0.0203125 0.0234375
2 0.9421875 0.3140625 0.053125 0.0890625
0 0.9421875 0.2875 0.021875 0.0234375
2 0.8890625 0.328125 0.0484375 0.0953125
0 0.890625 0.29375 0.0203125 0.0234375
2 0.85625 0.3453125 0.0546875 0.1078125
0 0.85625 0.30625 0.0203125 0.025
2 0.9078125 0.3640625 0.0625 0.10625
0 0.909375 0.3265625 0.021875 0.0265625
2 0.959375 0.365625 0.046875 0.09375
0 0.9578125 0.3328125 0.01875 0.0234375
2 0.9203125 0.41875 0.05 0.1421875
0 0.9171875 0.3625 0.021875 0.025
2 0.68125 0.2796875 0.040625 0.1234375
0 0.684375 0.23125 0.01875 0.021875
2 0.675 0.2140625 0.053125 0.1125
0 0.675 0.1625 0.0125 0.009375
2 0.675 0.221875 0.05 0.11875
0 0.66875 0.18125 0.015625 0.0203125
2 0.6375 0.225 0.034375 0.1125
0 0.6375 0.18125 0.0171875 0.021875
2 0.6 0.221875 0.04375 0.1171875
0 0.603125 0.1765625 0.0171875 0.021875
2 0.5453125 0.2171875 0.046875 0.1125
0 0.546875 0.1765625 0.0171875 0.0203125
2 0.478125 0.21875 0.05 0.10625
0 0.4765625 0.178125 0.0140625 0.0203125
2 0.4171875 0.2171875 0.0546875 0.1109375
0 0.415625 0.1765625 0.01875 0.021875
2 0.3765625 0.2203125 0.0546875 0.1234375
0 0.371875 0.1640625 0.0171875 0.0140625
2 0.3078125 0.215625 0.0484375 0.115625
0 0.309375 0.1609375 0.0140625 0.00625
2 0.2484375 0.2203125 0.0609375 0.125
0 0.2484375 0.1609375 0.015625 0.00625
2 0.05625 0.2328125 0.053125 0.0890625
0 0.0578125 0.2046875 0.01875 0.0203125
2 0.103125 0.2390625 0.0453125 0.0828125
0 0.1078125 0.209375 0.015625 0.0171875
2 0.1875 0.240625 0.040625 0.0890625
0 0.190625 0.209375 0.015625 0.01875
2 0.171875 0.259375 0.0421875 0.096875
0 0.1703125 0.225 0.0171875 0.021875
2 0.121875 0.2578125 0.053125 0.0953125
0 0.128125 0.221875 0.0140625 0.021875
2 0.01875 0.2796875 0.0375 0.0796875
0 0.01875 0.2546875 0.01875 0.021875
2 0.0640625 0.2796875 0.0515625 0.08125
0 0.065625 0.25625 0.01875 0.0265625
2 0.0796875 0.303125 0.0546875 0.0859375
0 0.08125 0.275 0.021875 0.025
2 0.15625 0.2828125 0.04375 0.0875
0 0.153125 0.2546875 0.01875 0.021875
2 0.20625 0.3390625 0.059375 0.1140625
0 0.203125 0.2984375 0.021875 0.0296875
2 0.1296875 0.31875 0.0609375 0.1046875
0 0.140625 0.2875 0.025 0.028125
2 0.1578125 0.35625 0.053125 0.128125
0 0.165625 0.3125 0.025 0.0296875
2 0.084375 0.3828125 0.0640625 0.1171875
0 0.0796875 0.3375 0.025 0.025
2 0.0296875 0.38125 0.05625 0.1078125
0 0.025 0.340625 0.021875 0.025
2 0.05 0.3515625 0.0453125 0.103125
0 0.05 0.315625 0.0203125 0.021875
2 0.0140625 0.3484375 0.028125 0.109375
0 0.0046875 0.3046875 0.009375 0.021875
2 0.028125 0.37265625 0.05625 0.1046875
0 0.025 0.340625 0.021875 0.025
2 0.034375 0.459375 0.06875 0.1859375
0 0.01875 0.384375 0.028125 0.0328125
2 0.18125 0.41875 0.0609375 0.1421875
0 0.18125 0.3671875 0.025 0.025
2 0.1328125 0.4453125 0.06875 0.1484375
0 0.14375 0.3875 0.025 0.028125
2 0.2 0.4171875 0.0484375 0.1421875
0 0.2 0.3671875 0.021875 0.028125
2 0.1984375 0.484375 0.084375 0.23125
0 0.215625 0.384375 0.025 0.028125
2 0.29375 0.5015625 0.2140625 0.596875
0 0.284375 0.2484375 0.071875 0.0875
2 0.409375 0.515625 0.16875 0.54375
0 0.41875 0.28125 0.0609375 0.0734375
2 0.5578125 0.515625 0.209375 0.5609375
0 0.5703125 0.2796875 0.065625 0.0828125
2 0.6921875 0.5265625 0.2140625 0.584375
0 0.725 0.2796875 0.0625 0.08125
2 0.8859375 0.290625 0.05 0.0953125
0 0.8953125 0.25625 0.01875 0.021875
2 0.2203125 0.4875 0.084375 0.253125
0 0.2203125 0.3828125 0.0296875 0.034375