2 0.8125 0.603125 0.1875 0.215625
0 0.8125 0.5265625 0.0453125 0.05
0 0.971875 0.5796875 0.0546875 0.240625
2 0.5390625 0.546875 0.1671875 0.2078125
0 0.5375 0.471875 0.0515625 0.053125
2 0.2453125 0.5703125 0.128125 0.215625
0 0.2703125 0.49375 0.0515625 0.0546875
2 0.28125 0.5453125 0.13125 0.2015625
0 0.290625 0.471875 0.0484375 0.053125
2 0.4578125 0.5 0.1890625 0.2453125
0 0.44375 0.409375 0.0453125 0.0546875
2 0.3484375 0.409375 0.0796875 0.1765625
0 0.359375 0.334375 0.01875 0.021875
2 0.4359375 0.4 0.0390625 0.0875
0 0.440625 0.3671875 0.0140625 0.0171875
2 0.496875 0.4203125 0.0375 0.1015625
0 0.5046875 0.3796875 0.01875 0.01875
2 0.5015625 0.415625 0.0359375 0.1
0 0.503125 0.3796875 0.0140625 0.01875
2 0.4828125 0.4109375 0.0265625 0.0546875
0 0.4828125 0.3921875 0.0109375 0.0140625
2 0.553125 0.415625 0.0578125 0.1359375
0 0.553125 0.359375 0.0171875 0.0203125
2 0.596875 0.421875 0.0453125 0.1078125
0 0.6 0.3796875 0.0125 0.015625
2 0.690625 0.453125 0.05 0.125
0 0.6890625 0.40625 0.025 0.025
2 0.75625 0.4375 0.053125 0.1796875
0 0.759375 0.365625 0.021875 0.028125
2 0.88125 0.4375 0.0359375 0.11875
0 0.8734375 0.3890625 0.0125 0.0171875
2 0.859375 0.4484375 0.0546875 0.1671875
0 0.8546875 0.3765625 0.0234375 0.0234375
2 0.528125 0.4140625 0.040625 0.0703125
0 0.521875 0.390625 0.015625 0.01875
2 0.075 0.3875 0.03125 0.1015625
0 0.0734375 0.346875 0.01875 0.01875