2 0.3203125 0.553125 0.0203125 0.0734375
0 0.31875 0.525 0.0078125 0.009375
2 0.328125 0.5625 0.0125 0.046875
0 0.3296875 0.5453125 0.00625 0.0078125
2 0.3484375 0.553125 0.025 0.065625
0 0.35 0.5265625 0.009375 0.0109375
2 0.415625 0.596875 0.109375 0.2328125
0 0.4046875 0.5015625 0.0296875 0.034375
2 0.4234375 0.54375 0.0390625 0.0953125
0 0.41875 0.5046875 0.0125 0.0109375
2 0.3 0.590625 0.071875 0.221875
0 0.3015625 0.4984375 0.0296875 0.034375
2 0.4828125 0.546875 0.01875 0.0484375
0 0.4828125 0.528125 0.0078125 0.0078125
2 0.496875 0.546875 0.0171875 0.046875
0 0.5015625 0.53125 0.00625 0.00625
2 0.5140625 0.546875 0.0140625 0.05
0 0.5171875 0.528125 0.00625 0.00625
2 0.51875 0.546875 0.025 0.0515625
0 0.5234375 0.5265625 0.00625 0.0078125
2 0.559375 0.5484375 0.01875 0.0453125
0 0.559375 0.53125 0.00625 0.00625
2 0.609375 0.6328125 0.1390625 0.271875
0 0.603125 0.51875 0.04375 0.0421875
2 0.646875 0.5703125 0.065625 0.15
0 0.6484375 0.509375 0.01875 0.021875
2 0.6921875 0.5671875 0.05 0.159375
0 0.6921875 0.5 0.0171875 0.0171875
2 0.703125 0.5703125 0.059375 0.16875
0 0.7046875 0.503125 0.0171875 0.021875
2 0.725 0.5625 0.0375 0.1078125
0 0.7203125 0.5171875 0.0140625 0.0140625
2 0.746875 0.5453125 0.0140625 0.0453125
0 0.746875 0.528125 0.00625 0.00625
2 0.7625 0.54375 0.01875 0.04375
0 0.7625 0.5265625 0.00625 0.00625
2 0.7828125 0.559375 0.0328125 0.1171875
0 0.7828125 0.5109375 0.0171875 0.0171875
2 0.815625 0.5625 0.034375 0.0953125
0 0.8171875 0.5234375 0.0140625 0.0140625
2 0.8453125 0.559375 0.034375 0.1078125
0 0.840625 0.5140625 0.0125 0.0140625
2 0.8578125 0.5609375 0.021875 0.103125
0 0.859375 0.521875 0.0125 0.0125
2 0.871875 0.5625 0.0328125 0.1015625
0 0.875 0.525 0.0125 0.015625
2 0.8875 0.571875 0.05 0.1234375
0 0.8875 0.5234375 0.015625 0.0171875
2 0.896875 0.5609375 0.0328125 0.0984375
0 0.9015625 0.5203125 0.0140625 0.015625
2 0.934375 0.578125 0.046875 0.11875
0 0.9296875 0.5265625 0.0171875 0.0171875
0 0.990625 0.521875 0.0140625 0.015625
2 0.3421875 0.4046875 0.0375 0.1140625
0 0.3421875 0.4046875 0.0375 0.1140625