0 0.825 0.4421875 0.0140625 0.0140625
0 0.815625 0.4203125 0.0140625 0.0203125
2 0.7796875 0.453125 0.0375 0.0671875
0 0.7875 0.4296875 0.0140625 0.015625
2 0.740625 0.4078125 0.046875 0.053125
0 0.7484375 0.3890625 0.0140625 0.0140625
2 0.725 0.409375 0.03125 0.0515625
0 0.7265625 0.3921875 0.0125 0.015625
2 0.7140625 0.4390625 0.03125 0.0640625
0 0.709375 0.4171875 0.0125 0.015625
2 0.7375 0.4625 0.03125 0.065625
0 0.734375 0.4390625 0.0125 0.015625
2 0.746875 0.46875 0.0359375 0.0765625
0 0.746875 0.440625 0.015625 0.0203125
2 0.7609375 0.4515625 0.0328125 0.0671875
0 0.7578125 0.428125 0.0140625 0.0171875
2 0.76875 0.5375 0.0703125 0.1171875
0 0.78125 0.49375 0.0171875 0.021875
2 0.6703125 0.5796875 0.159375 0.3890625
0 0.678125 0.4171875 0.0375 0.046875
2 0.615625 0.5734375 0.1171875 0.2484375
0 0.6171875 0.471875 0.0328125 0.0375
2 0.5828125 0.5296875 0.046875 0.0890625
0 0.5875 0.496875 0.015625 0.01875
2 0.6390625 0.4921875 0.025 0.0578125
0 0.6390625 0.471875 0.0109375 0.0140625
2 0.659375 0.440625 0.0421875 0.078125
0 0.659375 0.4125 0.0125 0.01875
2 0.653125 0.4109375 0.046875 0.0703125
0 0.659375 0.3859375 0.0125 0.015625
2 0.61875 0.4125 0.04375 0.0640625
0 0.628125 0.3875 0.0109375 0.0140625
2 0.571875 0.4546875 0.03125 0.0625
0 0.5703125 0.43125 0.0125 0.0140625
2 0.6109375 0.45625 0.0390625 0.0671875
0 0.615625 0.4328125 0.0140625 0.0171875
2 0.596875 0.4546875 0.0296875 0.0578125
0 0.59375 0.4359375 0.0140625 0.015625
2 0.584375 0.440625 0.0265625 0.0515625
0 0.584375 0.421875 0.009375 0.0140625
2 0.58125 0.5296875 0.0453125 0.0859375
0 0.5890625 0.496875 0.0171875 0.01875
2 0.55 0.5203125 0.0546875 0.096875
0 0.5609375 0.48125 0.0140625 0.0171875
2 0.5234375 0.478125 0.028125 0.059375
0 0.5234375 0.45625 0.0109375 0.0140625
2 0.5078125 0.41875 0.025 0.0484375
0 0.509375 0.403125 0.0109375 0.0125
2 0.4609375 0.4859375 0.23125 0.3546875
0 0.4203125 0.340625 0.0625 0.0609375
2 0.39375 0.51875 0.065625 0.16875
0 0.39375 0.4484375 0.01875 0.025
2 0.3953125 0.4375 0.0390625 0.0578125
0 0.3984375 0.4171875 0.0109375 0.0140625
2 0.359375 0.5015625 0.0640625 0.08125
0 0.375 0.4703125 0.0125 0.015625
2 0.2640625 0.634375 0.1921875 0.384375
0 0.2625 0.475 0.06875 0.0625
2 0.240625 0.525 0.0703125 0.2125
0 0.2375 0.4375 0.028125 0.0296875
2 0.2859375 0.4515625 0.028125 0.05
0 0.2859375 0.434375 0.009375 0.0109375
2 0.265625 0.446875 0.025 0.05
0 0.265625 0.428125 0.009375 0.0109375
2 0.209375 0.4703125 0.028125 0.05625
0 0.209375 0.45 0.009375 0.0109375