2 0.4984375 0.60625 0.103125 0.19375
0 0.51875 0.525 0.028125 0.028125
2 0.7984375 0.540625 0.040625 0.0875
0 0.796875 0.50625 0.0125 0.0140625
2 0.74375 0.5234375 0.025 0.065625
0 0.7453125 0.4984375 0.0109375 0.0125
2 0.85625 0.509375 0.028125 0.0515625
0 0.85625 0.4890625 0.009375 0.0078125
2 0.95625 0.515625 0.028125 0.05
0 0.95625 0.4953125 0.0078125 0.0078125
2 0.975 0.5109375 0.0234375 0.0515625
0 0.978125 0.4890625 0.0046875 0.0046875
2 0.925 0.4984375 0.0125 0.03125
0 0.9265625 0.4859375 0.0046875 0.0046875
2 0.9 0.4984375 0.0265625 0.0359375
0 0.903125 0.4859375 0.0046875 0.0046875
2 0.875 0.503125 0.01875 0.0375
0 0.875 0.4890625 0.0046875 0.0046875
2 0.8234375 0.5046875 0.01875 0.0484375
0 0.8234375 0.484375 0.00625 0.00625
2 0.809375 0.5015625 0.015625 0.0421875
0 0.809375 0.4828125 0.00625 0.0046875
2 0.78125 0.521875 0.034375 0.071875
0 0.7859375 0.49375 0.0109375 0.0109375
2 0.7234375 0.4984375 0.01875 0.0328125
0 0.725 0.4859375 0.003125 0.0046875
2 0.7125 0.4921875 0.0125 0.028125
0 0.7125 0.48125 0.003125 0.0046875
2 0.6421875 0.4984375 0.0203125 0.0453125
0 0.6421875 0.4796875 0.00625 0.00625
2 0.4703125 0.5 0.0234375 0.05
0 0.4734375 0.4796875 0.00625 0.00625
2 0.45 0.4890625 0.015625 0.03125
0 0.4515625 0.478125 0.0046875 0.0046875
2 0.3578125 0.496875 0.0328125 0.0515625
0 0.35625 0.478125 0.0078125 0.009375
2 0.3328125 0.4875 0.015625 0.028125
0 0.334375 0.4765625 0.0046875 0.0046875
2 0.321875 0.4890625 0.0125 0.0359375
0 0.31875 0.475 0.0046875 0.00625
2 0.2734375 0.5 0.0265625 0.0453125
0 0.2671875 0.48125 0.0078125 0.00625
2 0.2484375 0.5109375 0.0328125 0.0640625
0 0.24375 0.484375 0.009375 0.0109375
2 0.2046875 0.5 0.0203125 0.046875
0 0.2046875 0.4828125 0.00625 0.0078125
2 0.1625 0.5 0.0203125 0.046875
0 0.1640625 0.4828125 0.00625 0.0078125
2 0.153125 0.496875 0.0265625 0.0453125
0 0.1546875 0.478125 0.00625 0.0046875
2 0.078125 0.4859375 0.0203125 0.0265625
0 0.078125 0.4765625 0.0046875 0.0046875
2 0.059375 0.5 0.03125 0.05625
0 0.0578125 0.478125 0.0109375 0.009375
2 0.0140625 0.5 0.028125 0.053125
0 0.0015625 0.478125 0.003125 0.00625
2 0.5296875 0.4953125 0.021875 0.0484375
0 0.528125 0.4765625 0.0046875 0.0046875