0 0.8609375 0.4296875 0.0796875 0.0875
0 0.725 0.453125 0.0625 0.075
0 0.796875 0.403125 0.065625 0.0703125
0 0.7171875 0.39375 0.053125 0.0734375
0 0.653125 0.4640625 0.0578125 0.078125
0 0.571875 0.43125 0.05625 0.075
2 0.6125 0.5796875 0.1140625 0.41875
0 0.6140625 0.409375 0.0546875 0.071875
0 0.44375 0.4359375 0.065625 0.0796875
0 0.309375 0.415625 0.065625 0.0890625
0 0.11875 0.4 0.0765625 0.09375
0 0.2234375 0.3828125 0.071875 0.084375
0 0.3703125 0.4 0.0578125 0.075
0 0.4984375 0.4140625 0.05625 0.071875