0 0.2 0.475 0.10625 0.1375
0 0.425 0.48125 0.053125 0.06875
2 0.396875 0.6140625 0.1265625 0.371875
0 0.4 0.4625 0.0390625 0.05
2 0.0703125 0.659375 0.140625 0.34375
0 0.0890625 0.51875 0.046875 0.0484375
2 0.29375 0.5875 0.0671875 0.2203125
0 0.29375 0.4984375 0.0265625 0.034375
2 0.3359375 0.584375 0.059375 0.2390625
0 0.3375 0.4890625 0.0296875 0.0359375
2 0.134375 0.5890625 0.0609375 0.2328125
0 0.1265625 0.4953125 0.034375 0.0375
0 0.603125 0.4640625 0.0546875 0.0703125
2 0.5515625 0.6375 0.1453125 0.340625
0 0.5671875 0.49375 0.034375 0.046875
2 0.521875 0.59375 0.0578125 0.2015625
0 0.5234375 0.5125 0.021875 0.0234375
2 0.4859375 0.6 0.0578125 0.2171875
0 0.4828125 0.5125 0.0234375 0.0328125
2 0.6984375 0.6109375 0.078125 0.2578125
0 0.696875 0.5015625 0.0296875 0.03125
2 0.75 0.6265625 0.0828125 0.275
0 0.7578125 0.5140625 0.0296875 0.03125
2 0.8875 0.64375 0.0890625 0.2703125
0 0.8921875 0.53125 0.0328125 0.0359375
0 0.7921875 0.5015625 0.0515625 0.059375