2 0.13125 0.4890625 0.2484375 0.571875
0 0.140625 0.2765625 0.0640625 0.078125
2 0.190625 0.4828125 0.1359375 0.36875
0 0.178125 0.325 0.0421875 0.0484375
2 0.3046875 0.496875 0.146875 0.3765625
0 0.3109375 0.3390625 0.04375 0.05625
2 0.40625 0.4875 0.103125 0.2921875
0 0.40625 0.3625 0.0390625 0.0390625
2 0.45 0.4875 0.1359375 0.3359375
0 0.4421875 0.34375 0.0375 0.0453125
2 0.5796875 0.4515625 0.215625 0.51875
0 0.571875 0.234375 0.0609375 0.0671875
2 0.71875 0.44375 0.1 0.2921875
0 0.721875 0.3203125 0.0328125 0.0375
2 0.8359375 0.4375 0.1625 0.375
0 0.8140625 0.28125 0.046875 0.05625
2 0.8921875 0.4375 0.065625 0.21875
0 0.8875 0.346875 0.025 0.0296875
0 0.9421875 0.315625 0.04375 0.0546875