2 0.0875 0.5421875 0.175 0.5328125
0 0.09375 0.328125 0.075 0.0859375
0 0.121875 0.446875 0.103125 0.1234375
2 0.2609375 0.5203125 0.1953125 0.4859375
0 0.2828125 0.3296875 0.046875 0.06875
2 0.28125 0.5203125 0.2328125 0.375
0 0.246875 0.3953125 0.0671875 0.0875
2 0.3625 0.5765625 0.2875 0.465625
0 0.3484375 0.4296875 0.0796875 0.1125
0 0.4515625 0.459375 0.096875 0.1328125
0 0.6171875 0.4984375 0.1234375 0.1859375
0 0.921875 0.371875 0.1046875 0.13125
0 0.8078125 0.3890625 0.0859375 0.1078125
0 0.6921875 0.3890625 0.071875 0.09375
2 0.559375 0.55625 0.15625 0.41875
0 0.5609375 0.396875 0.0625 0.0859375
2 0.4375 0.55625 0.1546875 0.4734375
0 0.440625 0.3703125 0.0578125 0.0765625