2 0.4765625 0.5625 0.01875 0.0484375
0 0.4765625 0.5421875 0.00625 0.00625
2 0.04375 0.5578125 0.0171875 0.0453125
0 0.046875 0.540625 0.00625 0.00625
2 0.0203125 0.596875 0.0390625 0.121875
0 0.015625 0.5453125 0.0171875 0.015625
2 0.0140625 0.6328125 0.028125 0.15625
0 0.0078125 0.56796875 0.015625 0.0234375
2 0.040625 0.64375 0.0390625 0.15
0 0.0453125 0.58125 0.021875 0.021875
2 0.0671875 0.6328125 0.03125 0.0859375
0 0.06875 0.6 0.0140625 0.0140625
2 0.0890625 0.61875 0.0578125 0.1296875
0 0.0890625 0.5640625 0.0234375 0.01875
2 0.078125 0.6046875 0.0453125 0.134375
0 0.075 0.5484375 0.01875 0.0203125
2 0.125 0.559375 0.01875 0.046875
0 0.1265625 0.5421875 0.0078125 0.0078125
2 0.1390625 0.5609375 0.01875 0.0484375
0 0.1390625 0.5421875 0.00625 0.0078125
2 0.1640625 0.584375 0.0375 0.103125
0 0.16875 0.540625 0.0140625 0.0140625
2 0.196875 0.59375 0.0265625 0.0859375
0 0.196875 0.559375 0.0140625 0.0140625
2 0.18125 0.64375 0.0625 0.1671875
0 0.1859375 0.5734375 0.01875 0.025
2 0.240625 0.6921875 0.1078125 0.2328125
0 0.2453125 0.596875 0.03125 0.0390625
2 0.25 0.7171875 0.103125 0.28125
0 0.2453125 0.596875 0.0328125 0.0375
2 0.325 0.71875 0.0921875 0.240625
0 0.3265625 0.621875 0.0234375 0.03125
2 0.2703125 0.5796875 0.025 0.0703125
0 0.2703125 0.55 0.009375 0.009375
2 0.2921875 0.575 0.021875 0.0796875
0 0.2921875 0.54375 0.009375 0.009375
2 0.315625 0.6 0.0359375 0.078125
0 0.321875 0.5703125 0.0140625 0.015625
2 0.3421875 0.6 0.0359375 0.084375
0 0.3421875 0.5703125 0.0140625 0.01875
2 0.375 0.60625 0.0359375 0.0859375
0 0.3765625 0.5703125 0.0140625 0.0140625
2 0.3796875 0.6140625 0.0359375 0.0890625
0 0.3828125 0.5765625 0.0109375 0.0140625
2 0.43125 0.621875 0.0484375 0.1265625
0 0.4296875 0.56875 0.015625 0.015625
2 0.4578125 0.5671875 0.0171875 0.0453125
0 0.4578125 0.55 0.0046875 0.0046875
2 0.471875 0.565625 0.01875 0.053125
0 0.4734375 0.5421875 0.0046875 0.0078125
2 0.4875 0.5671875 0.021875 0.0484375
0 0.490625 0.5484375 0.0078125 0.0078125
2 0.3734375 0.6859375 0.0953125 0.215625
0 0.378125 0.5953125 0.0265625 0.03125
0 0.4890625 0.80625 0.0328125 0.046875
0 0.6046875 0.64375 0.0484375 0.0609375
2 0.521875 0.584375 0.028125 0.08125
0 0.5234375 0.5515625 0.009375 0.0125
2 0.5578125 0.5875 0.028125 0.078125
0 0.553125 0.5578125 0.0109375 0.0125
2 0.5390625 0.5984375 0.03125 0.1
0 0.5390625 0.559375 0.0125 0.015625
2 0.5734375 0.578125 0.0125 0.04375
0 0.575 0.559375 0.0046875 0.00625
2 0.578125 0.575 0.01875 0.05625
0 0.578125 0.553125 0.0078125 0.009375
2 0.5953125 0.5765625 0.0234375 0.0609375
0 0.5953125 0.5515625 0.00625 0.009375
2 0.6359375 0.571875 0.01875 0.05
0 0.634375 0.553125 0.00625 0.00625
2 0.63125 0.61875 0.053125 0.1203125
0 0.6234375 0.5703125 0.0140625 0.0171875
2 0.659375 0.6203125 0.040625 0.11875
0 0.659375 0.56875 0.015625 0.0140625
2 0.690625 0.6140625 0.03125 0.1046875
0 0.6921875 0.5703125 0.0140625 0.0140625
2 0.7125 0.584375 0.0296875 0.084375
0 0.7109375 0.5484375 0.0109375 0.0125
2 0.721875 0.6078125 0.0328125 0.0953125
0 0.71875 0.5703125 0.0140625 0.015625
2 0.7390625 0.58125 0.025 0.075
0 0.7390625 0.5515625 0.0109375 0.009375
2 0.7625 0.5609375 0.0203125 0.0375
0 0.7625 0.5484375 0.0078125 0.0078125
2 0.7796875 0.571875 0.025 0.059375
0 0.778125 0.5515625 0.009375 0.0109375
2 0.7875 0.5671875 0.021875 0.0609375
0 0.7890625 0.5421875 0.00625 0.0078125
2 0.803125 0.571875 0.0203125 0.059375
0 0.803125 0.546875 0.0078125 0.0078125
2 0.8671875 0.5671875 0.0265625 0.05625
0 0.8703125 0.5453125 0.009375 0.0109375
2 0.8734375 0.59375 0.034375 0.09375
0 0.878125 0.5578125 0.0140625 0.015625
2 0.8390625 0.6265625 0.04375 0.140625
0 0.8421875 0.565625 0.015625 0.0171875
2 0.7625 0.6265625 0.05 0.134375
0 0.7625 0.578125 0.01875 0.021875
0 0.753125 0.6265625 0.0453125 0.05
2 0.79375 0.690625 0.0859375 0.2453125
0 0.7890625 0.5859375 0.03125 0.034375
2 0.8765625 0.7 0.0984375 0.2296875
0 0.8625 0.603125 0.025 0.03125
2 0.9578125 0.665625 0.0828125 0.1765625
0 0.965625 0.5921875 0.0234375 0.025
2 0.8984375 0.621875 0.046875 0.1359375
0 0.9015625 0.565625 0.0171875 0.01875
2 0.94375 0.584375 0.0234375 0.075
0 0.9453125 0.553125 0.009375 0.009375
2 0.0734375 0.5484375 0.025 0.0484375
0 0.071875 0.5296875 0.0078125 0.0078125