0 0.040625 0.40625 0.0390625 0.0484375
0 0.090625 0.4265625 0.0265625 0.040625
0 0.1484375 0.425 0.0359375 0.046875
2 0.159375 0.5265625 0.0734375 0.2796875
0 0.1625 0.4125 0.0375 0.0453125
0 0.20625 0.4203125 0.0390625 0.0484375
2 0.2171875 0.53125 0.06875 0.2703125
0 0.2265625 0.41875 0.025 0.0390625
2 0.2625 0.5328125 0.0796875 0.2828125
0 0.2625 0.41875 0.025 0.0390625
0 0.2734375 0.4359375 0.0296875 0.040625
2 0.3078125 0.528125 0.0625 0.2671875
0 0.3046875 0.4234375 0.0296875 0.034375
2 0.321875 0.553125 0.0734375 0.2796875
0 0.3296875 0.4390625 0.0296875 0.040625
0 0.3703125 0.4484375 0.0296875 0.040625
2 0.3734375 0.525 0.075 0.275
0 0.378125 0.4109375 0.0296875 0.03125
2 0.4078125 0.5359375 0.0765625 0.2640625
0 0.40625 0.428125 0.0328125 0.034375
2 0.425 0.51875 0.0734375 0.2671875
0 0.425 0.4046875 0.025 0.03125
2 0.44375 0.5375 0.0765625 0.278125
0 0.4421875 0.4234375 0.0265625 0.034375
0 0.4265625 0.446875 0.03125 0.0375
2 0.475 0.5546875 0.0734375 0.26875
0 0.471875 0.440625 0.025 0.0390625
0 0.4875 0.4484375 0.0328125 0.0390625
2 0.50625 0.540625 0.075 0.2671875
0 0.5046875 0.425 0.025 0.03125
2 0.5234375 0.5453125 0.0765625 0.25625
0 0.5265625 0.4453125 0.0328125 0.0328125
0 0.5671875 0.4328125 0.03125 0.0390625
2 0.5796875 0.525 0.065625 0.2703125
0 0.5796875 0.4078125 0.0265625 0.034375
2 0.6078125 0.55 0.0703125 0.275
0 0.6046875 0.4328125 0.03125 0.034375
2 0.6265625 0.528125 0.0734375 0.2734375
0 0.6296875 0.4140625 0.03125 0.040625
0 0.6453125 0.4453125 0.0328125 0.0375
2 0.665625 0.5328125 0.0796875 0.2765625
0 0.6625 0.4140625 0.028125 0.034375
2 0.66875 0.546875 0.09375 0.284375
0 0.6765625 0.4296875 0.028125 0.0375
2 0.7015625 0.5328125 0.075 0.2734375
0 0.7046875 0.4234375 0.0265625 0.0375
2 0.7140625 0.5546875 0.0875 0.26875
0 0.7109375 0.4484375 0.028125 0.0375
0 0.7375 0.4578125 0.034375 0.040625
2 0.753125 0.53125 0.08125 0.284375
0 0.7546875 0.415625 0.03125 0.0375
2 0.7546875 0.5609375 0.06875 0.2609375
0 0.7609375 0.4515625 0.0296875 0.0390625
0 0.790625 0.4515625 0.0328125 0.0421875
2 0.809375 0.54375 0.075 0.28125
0 0.8125 0.4265625 0.0296875 0.034375
0 0.840625 0.459375 0.0375 0.046875
2 0.8453125 0.54375 0.0796875 0.2875
0 0.8484375 0.428125 0.0328125 0.0390625
0 0.8734375 0.4390625 0.0328125 0.0421875
0 0.8984375 0.4421875 0.040625 0.0484375
0 0.9546875 0.44375 0.0390625 0.0484375