2 0.0703125 0.6765625 0.09375 0.303125
0 0.05625 0.546875 0.04375 0.0421875
0 0.23125 0.5890625 0.053125 0.04375
0 0.3609375 0.646875 0.040625 0.0375
2 0.3875 0.653125 0.11875 0.2421875
0 0.384375 0.5578125 0.03125 0.0421875
0 0.5375 0.534375 0.0484375 0.0453125
0 0.8765625 0.5734375 0.040625 0.04375
2 0.896875 0.553125 0.10625 0.259375
0 0.9109375 0.44375 0.0296875 0.034375
2 0.9203125 0.2984375 0.0515625 0.1375
0 0.921875 0.2421875 0.0171875 0.0203125
2 0.8859375 0.29375 0.0484375 0.134375
0 0.8859375 0.2375 0.0171875 0.021875
2 0.8484375 0.2828125 0.053125 0.1484375
0 0.85 0.221875 0.01875 0.01875
2 0.5984375 0.2921875 0.04375 0.15
0 0.596875 0.2296875 0.0171875 0.021875
2 0.3921875 0.225 0.0375 0.115625
0 0.3859375 0.1734375 0.0171875 0.0125
2 0.0765625 0.2078125 0.053125 0.0796875
0 0.075 0.1734375 0.0171875 0.0140625
2 0.0328125 0.2046875 0.0609375 0.075
0 0.04375 0.171875 0.0140625 0.009375
2 0.21875 0.25 0.0390625 0.121875
0 0.215625 0.2015625 0.01875 0.021875