0 0.9796875 0.4625 0.0171875 0.01875
2 0.7828125 0.5375 0.140625 0.1796875
0 0.7640625 0.471875 0.0265625 0.03125
2 0.8453125 0.55625 0.10625 0.171875
0 0.8375 0.4875 0.028125 0.0328125
0 0.034375 0.5578125 0.059375 0.065625
2 0.1171875 0.665625 0.11875 0.3453125
0 0.1265625 0.53125 0.040625 0.0453125
2 0.421875 0.640625 0.1015625 0.2625
0 0.4296875 0.5390625 0.0296875 0.0296875
2 0.378125 0.634375 0.0921875 0.2375
0 0.3796875 0.540625 0.0296875 0.0328125
2 0.340625 0.5828125 0.0734375 0.1953125
0 0.3546875 0.5109375 0.025 0.034375
2 0.434375 0.546875 0.0796875 0.1640625
0 0.434375 0.546875 0.0796875 0.1640625
2 0.4984375 0.5015625 0.040625 0.09375
0 0.5 0.465625 0.009375 0.009375
2 0.4640625 0.4984375 0.0453125 0.1
0 0.4734375 0.4609375 0.0140625 0.015625
2 0.29375 0.5046875 0.040625 0.1125
0 0.2921875 0.459375 0.0109375 0.0125
2 0.2515625 0.503125 0.0421875 0.115625
0 0.25625 0.4546875 0.015625 0.015625
2 0.1296875 0.5109375 0.0484375 0.1234375
0 0.1375 0.4625 0.01875 0.021875
2 0.1125 0.4859375 0.0359375 0.08125
0 0.1125 0.45625 0.009375 0.0125
2 0.1921875 0.496875 0.034375 0.09375
0 0.1921875 0.4640625 0.0109375 0.0140625
2 0.3078125 0.484375 0.0328125 0.0921875
0 0.3078125 0.45 0.0140625 0.015625
2 0.3234375 0.4734375 0.025 0.084375
0 0.3265625 0.4390625 0.009375 0.009375
2 0.2203125 0.49375 0.0375 0.1015625
0 0.2265625 0.45625 0.0109375 0.0125
2 0.2390625 0.496875 0.0375 0.1015625
0 0.2359375 0.4609375 0.0125 0.0140625
2 0.2625 0.4953125 0.0265625 0.0828125
0 0.265625 0.459375 0.0125 0.0125
2 0.3734375 0.465625 0.034375 0.0640625
0 0.375 0.4421875 0.009375 0.0078125
2 0.575 0.4671875 0.0296875 0.059375
0 0.5765625 0.4484375 0.0109375 0.0109375
2 0.6234375 0.4828125 0.0296875 0.0796875
0 0.6171875 0.45 0.0109375 0.0109375
2 0.721875 0.4875 0.0265625 0.075
0 0.7234375 0.459375 0.0125 0.0140625
2 0.74375 0.4859375 0.025 0.0703125
0 0.74375 0.4609375 0.0109375 0.0125
2 0.715625 0.440625 0.015625 0.0515625
0 0.715625 0.41875 0.00625 0.00625