2 0.071875 0.4640625 0.14375 0.496875
0 0.0421875 0.2578125 0.0578125 0.0734375
2 0.1765625 0.446875 0.1203125 0.478125
0 0.1609375 0.246875 0.0578125 0.06875
2 0.365625 0.30625 0.125 0.1765625
0 0.340625 0.240625 0.0296875 0.0359375
2 0.71875 0.4640625 0.19375 0.5765625
0 0.6984375 0.2234375 0.0640625 0.090625
2 0.9375 0.4203125 0.1015625 0.1796875
0 0.9296875 0.3609375 0.0421875 0.0375
0 0.859375 0.4578125 0.096875 0.1265625
0 0.6515625 0.3296875 0.1265625 0.178125
0 0.49375 0.378125 0.146875 0.16875
0 0.415625 0.5625 0.1578125 0.1859375
0 0.60625 0.6125 0.1484375 0.1796875
0 0.7296875 0.5328125 0.140625 0.1921875