0 0.646875 0.7171875 0.10625 0.1078125
0 0.696875 0.7140625 0.0703125 0.1078125
0 0.4359375 0.7828125 0.1171875 0.1140625
0 0.2078125 0.625 0.0359375 0.0953125
0 0.2546875 0.5234375 0.0671875 0.0875
0 0.759375 0.53125 0.0609375 0.071875
0 0.76875 0.51875 0.0453125 0.0640625
2 0.6640625 0.6953125 0.1359375 0.4359375
0 0.665625 0.515625 0.05625 0.065625
2 0.58125 0.690625 0.1609375 0.446875
0 0.5765625 0.50625 0.0453125 0.0640625
0 0.3671875 0.4890625 0.059375 0.0734375
2 0.4734375 0.615625 0.1515625 0.4046875
0 0.48125 0.4484375 0.0484375 0.0609375
2 0.29375 0.5046875 0.1125 0.3265625
0 0.290625 0.375 0.040625 0.0546875
2 0.3953125 0.5140625 0.1078125 0.2953125
0 0.40625 0.390625 0.034375 0.04375
2 0.515625 0.503125 0.121875 0.3046875
0 0.521875 0.3734375 0.0359375 0.040625
2 0.665625 0.6140625 0.1546875 0.384375
0 0.68125 0.4578125 0.046875 0.0609375
0 0.7640625 0.4265625 0.0375 0.0546875
2 0.6015625 0.5703125 0.1078125 0.3265625
0 0.6046875 0.44375 0.0390625 0.0625
2 0.64375 0.55 0.103125 0.3453125
0 0.6421875 0.40625 0.04375 0.053125
0 0.74375 0.365625 0.03125 0.0453125
2 0.6703125 0.5046875 0.109375 0.3
0 0.675 0.3828125 0.0328125 0.0453125
0 0.778125 0.3828125 0.0296875 0.0359375
2 0.7171875 0.453125 0.08125 0.2296875
0 0.71875 0.359375 0.0265625 0.034375
2 0.65625 0.48125 0.0890625 0.2765625
0 0.6578125 0.365625 0.0328125 0.0390625
2 0.7 0.45 0.0890625 0.2546875
0 0.7 0.3453125 0.03125 0.0421875
2 0.6984375 0.340625 0.0765625 0.1890625
0 0.7140625 0.290625 0.0375 0.03125
2 0.64375 0.4203125 0.0859375 0.2296875
0 0.6390625 0.328125 0.0265625 0.0328125
2 0.5703125 0.425 0.084375 0.2359375
0 0.571875 0.33125 0.03125 0.040625
2 0.54375 0.4453125 0.1203125 0.271875
0 0.534375 0.33125 0.0359375 0.0375
2 0.4703125 0.484375 0.103125 0.26875
0 0.4703125 0.3703125 0.0359375 0.0390625
2 0.384375 0.4875 0.1 0.2875
0 0.3921875 0.3703125 0.03125 0.0359375
2 0.259375 0.509375 0.140625 0.371875
0 0.2703125 0.35 0.040625 0.0484375
2 0.2328125 0.45 0.0859375 0.2609375
0 0.225 0.3421875 0.03125 0.0453125
2 0.2296875 0.41875 0.08125 0.2625
0 0.2265625 0.3125 0.034375 0.0421875
2 0.3546875 0.45625 0.0890625 0.24375
0 0.3609375 0.359375 0.0265625 0.0296875
2 0.51875 0.43125 0.0890625 0.2515625
0 0.5234375 0.3265625 0.0265625 0.0296875
2 0.4734375 0.425 0.075 0.2109375
0 0.4765625 0.340625 0.025 0.0296875
2 0.371875 0.4046875 0.0765625 0.2171875
0 0.375 0.3171875 0.028125 0.034375
2 0.334375 0.425 0.071875 0.2234375
0 0.3453125 0.3296875 0.0296875 0.03125
2 0.209375 0.384375 0.0390625 0.1984375
0 0.215625 0.3046875 0.028125 0.034375
2 0.503125 0.375 0.059375 0.1921875
0 0.5109375 0.2984375 0.028125 0.034375
2 0.6171875 0.3859375 0.0625 0.1703125
0 0.61875 0.3171875 0.0265625 0.03125
2 0.346875 0.390625 0.078125 0.2171875
0 0.3515625 0.3046875 0.028125 0.0359375