2 0.059375 0.5296875 0.1109375 0.1390625
0 0.0390625 0.4765625 0.0359375 0.0296875
2 0.08125 0.5109375 0.08125 0.1328125
0 0.0734375 0.4609375 0.0265625 0.0265625
2 0.1828125 0.5078125 0.05625 0.1234375
0 0.184375 0.4625 0.0234375 0.0265625
2 0.2265625 0.5375 0.0921875 0.1640625
0 0.2359375 0.4734375 0.03125 0.0296875
0 0.1390625 0.5265625 0.0671875 0.08125
0 0.1375 0.5265625 0.0703125 0.0828125
2 0.321875 0.5203125 0.1171875 0.2984375
0 0.3125 0.3953125 0.0421875 0.04375
0 0.43125 0.5765625 0.0890625 0.1109375
0 0.7265625 0.5296875 0.0734375 0.075
0 0.63125 0.490625 0.0640625 0.0671875
2 0.3421875 0.5859375 0.1390625 0.2375
0 0.3390625 0.5046875 0.0578125 0.0671875
2 0.5046875 0.509375 0.0640625 0.1359375
0 0.50625 0.453125 0.0171875 0.01875
2 0.5234375 0.4734375 0.040625 0.075
0 0.53125 0.4484375 0.0140625 0.015625
2 0.546875 0.4875 0.053125 0.1015625
0 0.5515625 0.4484375 0.0171875 0.0203125
2 0.5734375 0.4984375 0.05625 0.1140625
0 0.584375 0.4546875 0.021875 0.0234375
2 0.771875 0.565625 0.1140625 0.2140625
0 0.7609375 0.48125 0.0390625 0.04375
2 0.809375 0.5484375 0.1015625 0.2203125
0 0.8046875 0.4578125 0.0328125 0.0328125
2 0.88125 0.55 0.1296875 0.21875
0 0.915625 0.465625 0.0515625 0.0421875
2 0.8578125 0.5078125 0.0640625 0.13125
0 0.8640625 0.4578125 0.0265625 0.0265625
2 0.5734375 0.4703125 0.0296875 0.0703125
0 0.575 0.446875 0.0140625 0.0171875