2 0.4828125 0.7046875 0.09375 0.209375
0 0.4828125 0.625 0.03125 0.04375
0 0.790625 0.578125 0.0328125 0.04375
2 0.8734375 0.653125 0.078125 0.259375
0 0.865625 0.546875 0.03125 0.0359375
2 0.94765625 0.65234375 0.1046875 0.2796875
0 0.9265625 0.5390625 0.034375 0.040625
2 0.8328125 0.6390625 0.0609375 0.259375
0 0.834375 0.5296875 0.0234375 0.0328125
2 0.796875 0.634375 0.0765625 0.228125
0 0.7921875 0.540625 0.028125 0.03125
2 0.75625 0.628125 0.0625 0.2140625
0 0.7578125 0.5390625 0.025 0.03125
2 0.7234375 0.690625 0.1078125 0.259375
0 0.709375 0.5875 0.03125 0.0375
2 0.734375 0.6328125 0.0671875 0.2171875
0 0.73125 0.54375 0.034375 0.03125
2 0.6359375 0.6765625 0.075 0.21875
0 0.63125 0.5859375 0.028125 0.0359375
2 0.6796875 0.621875 0.0671875 0.2140625
0 0.678125 0.534375 0.0296875 0.0328125
2 0.5328125 0.6828125 0.09375 0.225
0 0.5234375 0.59375 0.0328125 0.0390625
2 0.5859375 0.6421875 0.0671875 0.228125
0 0.5953125 0.5515625 0.028125 0.034375
2 0.625 0.6234375 0.0640625 0.2046875
0 0.625 0.5390625 0.0234375 0.03125
2 0.64375 0.5984375 0.0671875 0.2015625
0 0.64375 0.5171875 0.025 0.028125
2 0.5859375 0.6125 0.05625 0.19375
0 0.584375 0.5328125 0.025 0.028125
2 0.5546875 0.6140625 0.06875 0.203125
0 0.553125 0.53125 0.0234375 0.0328125
2 0.509375 0.6078125 0.06875 0.1859375
0 0.5078125 0.5328125 0.0234375 0.028125
2 0.4671875 0.6078125 0.0578125 0.190625
0 0.4703125 0.534375 0.021875 0.03125
2 0.390625 0.690625 0.13125 0.25
0 0.41875 0.5890625 0.034375 0.040625
2 0.446875 0.5875 0.0546875 0.1734375
0 0.4453125 0.5171875 0.021875 0.025
2 0.40625 0.6109375 0.0640625 0.2234375
0 0.40625 0.515625 0.025 0.028125
2 0.3734375 0.6203125 0.0640625 0.221875
0 0.3734375 0.528125 0.0234375 0.0296875
2 0.33125 0.6265625 0.0703125 0.209375
0 0.3328125 0.5453125 0.021875 0.028125
2 0.3171875 0.6765625 0.10625 0.2296875
0 0.3296875 0.584375 0.0328125 0.0375
2 0.315625 0.625 0.0640625 0.2
0 0.3109375 0.5390625 0.021875 0.0265625
2 0.2921875 0.6390625 0.05625 0.215625
0 0.2875 0.5484375 0.025 0.0328125
2 0.246875 0.6484375 0.0734375 0.234375
0 0.2484375 0.553125 0.0234375 0.0359375
2 0.2671875 0.6296875 0.0578125 0.2125
0 0.2640625 0.540625 0.021875 0.0265625
2 0.2140625 0.6359375 0.05 0.2171875
0 0.2171875 0.5453125 0.025 0.0296875
2 0.19375 0.6484375 0.0625 0.2484375
0 0.1921875 0.5453125 0.0359375 0.0359375
2 0.15 0.6640625 0.0828125 0.271875
0 0.153125 0.553125 0.034375 0.040625
2 0.1125 0.65625 0.078125 0.2640625
0 0.1140625 0.546875 0.0375 0.040625
2 0.06875 0.678125 0.1078125 0.3
0 0.075 0.5546875 0.0390625 0.04375