2 0.0109375 0.33125 0.021875 0.0671875
0 0.00625 0.3234375 0.0109375 0.0171875
2 0.046875 0.3671875 0.059375 0.15
0 0.040625 0.30625 0.021875 0.025
2 0.0484375 0.3828125 0.096875 0.0671875
0 0.0078125 0.359375 0.015625 0.0171875
2 0.121875 0.396875 0.0453125 0.078125
0 0.1203125 0.3703125 0.0171875 0.0234375
2 0.075 0.353125 0.0390625 0.0640625
0 0.0703125 0.33125 0.0140625 0.0171875
2 0.05 0.3390625 0.0359375 0.0859375
0 0.0421875 0.309375 0.0140625 0.0171875
2 0.315625 0.3984375 0.0453125 0.090625
0 0.3078125 0.3671875 0.01875 0.021875
2 0.49375 0.328125 0.0265625 0.0984375
0 0.496875 0.2921875 0.009375 0.0109375
2 0.51875 0.3390625 0.0421875 0.0859375
0 0.5296875 0.30625 0.0140625 0.0171875
2 0.5015625 0.3703125 0.040625 0.0734375
0 0.50625 0.3453125 0.015625 0.0171875
2 0.5640625 0.3953125 0.1203125 0.1515625
0 0.609375 0.3421875 0.028125 0.028125
2 0.659375 0.3171875 0.025 0.0765625
0 0.665625 0.2859375 0.009375 0.009375
2 0.69375 0.3140625 0.028125 0.0765625
0 0.69375 0.2859375 0.009375 0.009375
2 0.28125 0.509375 0.2671875 0.490625
0 0.2140625 0.2984375 0.059375 0.075
0 0.6046875 0.3046875 0.0796875 0.1
2 0.765625 0.315625 0.05 0.1265625
0 0.7671875 0.2640625 0.0140625 0.0171875
2 0.75625 0.3421875 0.0515625 0.075
0 0.75625 0.3140625 0.015625 0.01875
2 0.7578125 0.4421875 0.0875 0.134375
0 0.7609375 0.39375 0.0328125 0.0328125
2 0.775 0.4359375 0.0875 0.1171875
0 0.784375 0.3953125 0.028125 0.028125
2 0.8671875 0.4390625 0.1046875 0.1171875
0 0.878125 0.3984375 0.03125 0.0328125
2 0.8125 0.3265625 0.0328125 0.109375
0 0.8203125 0.28125 0.0140625 0.0140625
2 0.815625 0.315625 0.040625 0.1328125
0 0.815625 0.2609375 0.0140625 0.0171875
2 0.8375 0.3328125 0.0484375 0.0828125
0 0.825 0.303125 0.0140625 0.015625
2 0.8640625 0.321875 0.040625 0.109375
0 0.8625 0.2796875 0.0140625 0.0171875
2 0.9109375 0.3015625 0.025 0.0890625
0 0.9125 0.2671875 0.0125 0.015625
2 0.934375 0.30625 0.0328125 0.0859375
0 0.9375 0.2734375 0.009375 0.009375
2 0.86875 0.396875 0.071875 0.084375
0 0.8484375 0.371875 0.0265625 0.0296875