0 0.0265625 0.528125 0.053125 0.159375
0 0.1203125 0.365625 0.0484375 0.0515625
2 0.3234375 0.5890625 0.1296875 0.35
0 0.340625 0.44375 0.0453125 0.0546875
0 0.4546875 0.428125 0.0578125 0.0671875
0 0.5609375 0.496875 0.1125 0.15625
0 0.809375 0.5234375 0.1078125 0.128125
0 0.66875 0.403125 0.071875 0.0953125
2 0.7109375 0.5875 0.0828125 0.25625
0 0.7234375 0.4828125 0.0328125 0.0390625
2 0.796875 0.56875 0.0984375 0.2578125
0 0.8 0.465625 0.0421875 0.0390625
2 0.709375 0.5421875 0.0640625 0.1984375
0 0.7046875 0.4671875 0.03125 0.0390625
2 0.71875 0.5109375 0.0484375 0.1734375
0 0.721875 0.440625 0.025 0.0296875
2 0.7359375 0.490625 0.0421875 0.1359375
0 0.740625 0.4359375 0.0203125 0.021875