0 0.6328125 0.6625 0.025 0.0328125
0 0.7421875 0.6234375 0.025 0.0328125
2 0.6125 0.625 0.04375 0.0765625
0 0.60625 0.590625 0.009375 0.009375
2 0.6484375 0.6203125 0.0234375 0.0578125
0 0.65 0.5953125 0.00625 0.0078125
2 0.5328125 0.63125 0.028125 0.0625
0 0.528125 0.6046875 0.0078125 0.009375
2 0.53125 0.625 0.028125 0.075
0 0.528125 0.59375 0.0078125 0.009375
2 0.4421875 0.628125 0.0328125 0.0609375
0 0.4390625 0.6046875 0.0078125 0.0109375
2 0.3390625 0.6359375 0.0234375 0.06875
0 0.3421875 0.6078125 0.0078125 0.0078125
2 0.340625 0.63125 0.0234375 0.0734375
0 0.340625 0.6 0.0078125 0.0078125
2 0.1671875 0.6375 0.0296875 0.065625
0 0.1703125 0.609375 0.0078125 0.0109375
2 0.0171875 0.634375 0.021875 0.059375
0 0.01875 0.609375 0.00625 0.0078125
2 0.375 0.64375 0.03125 0.0609375
0 0.3703125 0.61875 0.0078125 0.0078125
2 0.36875 0.6375 0.0234375 0.0703125
0 0.36875 0.6078125 0.009375 0.009375
2 0.38125 0.6421875 0.021875 0.0625
0 0.3765625 0.609375 0.0078125 0.0078125