0 0.025 0.6484375 0.0453125 0.0546875
2 0.0484375 0.609375 0.0328125 0.0703125
0 0.046875 0.58125 0.0109375 0.0125
2 0.0765625 0.6015625 0.0171875 0.05
0 0.08125 0.58125 0.0078125 0.0078125
2 0.0859375 0.621875 0.0375 0.1078125
0 0.090625 0.5765625 0.0140625 0.0140625
2 0.1140625 0.596875 0.0203125 0.0546875
0 0.1140625 0.575 0.0078125 0.0078125
2 0.1375 0.6078125 0.0296875 0.0625
0 0.1421875 0.5796875 0.00625 0.0078125
2 0.1953125 0.596875 0.025 0.0578125
0 0.1953125 0.571875 0.0078125 0.0078125
2 0.203125 0.7234375 0.0859375 0.2609375
0 0.19375 0.6140625 0.0296875 0.0375
2 0.25625 0.6203125 0.0359375 0.0953125
0 0.25625 0.58125 0.0109375 0.0140625
2 0.278125 0.58125 0.009375 0.0328125
0 0.278125 0.5671875 0.0046875 0.0046875
2 0.2828125 0.6 0.0265625 0.05
0 0.2875 0.5796875 0.0078125 0.0078125
2 0.2265625 0.6015625 0.015625 0.05
0 0.2265625 0.5796875 0.00625 0.0078125
2 0.31875 0.5890625 0.0140625 0.0421875
0 0.3171875 0.571875 0.00625 0.00625
2 0.3109375 0.6015625 0.01875 0.0765625
0 0.30625 0.56875 0.0078125 0.0109375
2 0.303125 0.6203125 0.040625 0.0953125
0 0.3015625 0.58125 0.0125 0.0140625
2 0.346875 0.5953125 0.0171875 0.0515625
0 0.34375 0.575 0.00625 0.0078125
2 0.4171875 0.58125 0.0109375 0.0328125
0 0.4171875 0.5671875 0.0046875 0.00625
2 0.434375 0.590625 0.0125 0.053125
0 0.4359375 0.56875 0.0078125 0.0078125
2 0.4453125 0.5828125 0.009375 0.034375
0 0.44375 0.56875 0.0046875 0.0046875
2 0.459375 0.5921875 0.01875 0.0484375
0 0.459375 0.571875 0.00625 0.009375
2 0.5 0.5734375 0.0078125 0.021875
0 0.5015625 0.565625 0.003125 0.003125
2 0.509375 0.571875 0.0078125 0.0203125
0 0.5109375 0.5625 0.003125 0.003125
2 0.5234375 0.575 0.009375 0.0234375
0 0.5234375 0.565625 0.003125 0.003125
2 0.534375 0.575 0.0109375 0.028125
0 0.534375 0.5640625 0.003125 0.0046875
2 0.5453125 0.59375 0.0125 0.05625
0 0.546875 0.5703125 0.00625 0.00625
2 0.5609375 0.59375 0.0171875 0.053125
0 0.5625 0.571875 0.0078125 0.0078125
2 0.6046875 0.5921875 0.0140625 0.0453125
0 0.603125 0.5734375 0.0046875 0.00625
2 0.6171875 0.5921875 0.0140625 0.053125
0 0.615625 0.56875 0.00625 0.00625
2 0.6359375 0.5796875 0.0078125 0.0265625
0 0.634375 0.56875 0.0046875 0.0046875
2 0.6484375 0.5984375 0.0171875 0.0453125
0 0.646875 0.58125 0.0078125 0.0078125
2 0.6828125 0.6109375 0.0375 0.0734375
0 0.6734375 0.58125 0.0109375 0.0109375
2 0.6875 0.6 0.015625 0.05
0 0.684375 0.578125 0.00625 0.00625
2 0.7109375 0.5953125 0.021875 0.05
0 0.7109375 0.5765625 0.00625 0.0078125
2 0.7296875 0.5953125 0.0171875 0.04375
0 0.7265625 0.578125 0.0046875 0.00625
2 0.7359375 0.5890625 0.0171875 0.0453125
0 0.7359375 0.5703125 0.00625 0.00625
2 0.7546875 0.60625 0.01875 0.06875
0 0.753125 0.578125 0.009375 0.0109375
2 0.79375 0.590625 0.0171875 0.0328125
0 0.7953125 0.5765625 0.00625 0.00625
2 0.834375 0.6015625 0.021875 0.0609375
0 0.8328125 0.5765625 0.00625 0.0078125
2 0.875 0.60625 0.0234375 0.0546875
0 0.8765625 0.5859375 0.0078125 0.0078125
2 0.8921875 0.6078125 0.028125 0.0640625
0 0.89375 0.58125 0.0078125 0.009375
2 0.915625 0.5984375 0.021875 0.05
0 0.9171875 0.5796875 0.00625 0.0078125
2 0.9328125 0.60625 0.015625 0.0515625
0 0.9359375 0.5859375 0.0078125 0.0078125
2 0.94375 0.609375 0.0109375 0.0546875
0 0.94375 0.5875 0.00625 0.0078125
2 0.9546875 0.6078125 0.0140625 0.05
0 0.9515625 0.5875 0.0078125 0.0078125
2 0.965625 0.60625 0.015625 0.0546875
0 0.9640625 0.5859375 0.00625 0.0078125
2 0.978125 0.6078125 0.0140625 0.05
0 0.978125 0.5875 0.00625 0.0078125
2 0.99375 0.6078125 0.0125 0.053125
0 0.99375 0.5859375 0.00625 0.0078125
2 0.9859375 0.609375 0.0125 0.0484375
0 0.9875 0.5890625 0.0046875 0.0046875
0 0.921875 0.63125 0.0390625 0.0515625
2 0.8125 0.6421875 0.059375 0.1546875
0 0.8078125 0.5765625 0.0171875 0.0203125
2 0.765625 0.653125 0.0421875 0.1296875
0 0.76875 0.6 0.0140625 0.0203125
2 0.70625 0.61875 0.0234375 0.078125
0 0.7046875 0.5875 0.0078125 0.009375
2 0.6625 0.7265625 0.0890625 0.25
0 0.659375 0.6203125 0.0296875 0.0375
2 0.51875 0.675 0.053125 0.1796875
0 0.51875 0.5984375 0.01875 0.0234375
2 0.4703125 0.665625 0.0546875 0.203125
0 0.484375 0.58125 0.021875 0.0296875
2 0.4390625 0.6390625 0.0359375 0.109375
0 0.4421875 0.5984375 0.0125 0.01875
2 0.4359375 0.6671875 0.0375 0.0984375
0 0.440625 0.628125 0.0140625 0.0171875
2 0.40625 0.6484375 0.040625 0.1359375
0 0.3984375 0.5890625 0.0171875 0.0171875
2 0.3765625 0.640625 0.0671875 0.153125
0 0.371875 0.5765625 0.015625 0.0203125