2 0.7875 0.5 0.05 0.1234375
0 0.7953125 0.45 0.015625 0.01875
2 0.7890625 0.5140625 0.0421875 0.13125
0 0.79375 0.459375 0.015625 0.01875
2 0.696875 0.528125 0.0484375 0.1078125
0 0.690625 0.4859375 0.0140625 0.0171875
2 0.6375 0.55625 0.1265625 0.234375
0 0.65 0.459375 0.0296875 0.03125
2 0.459375 0.5484375 0.0859375 0.2125
0 0.4515625 0.459375 0.028125 0.028125
2 0.3640625 0.546875 0.0953125 0.2421875
0 0.3515625 0.4453125 0.0296875 0.034375
2 0.5203125 0.621875 0.1296875 0.3546875
0 0.51875 0.475 0.040625 0.046875