2 0.0109375 0.7609375 0.021875 0.1546875
0 0.0109375 0.6984375 0.021875 0.025
2 0.015625 0.7484375 0.03125 0.1546875
0 0.01875 0.684375 0.0171875 0.021875
2 0.028125 0.74140625 0.05625 0.1390625
0 0.046875 0.6859375 0.021875 0.021875
2 0.0609375 0.746875 0.0734375 0.125
0 0.06875 0.6953125 0.0171875 0.0203125
2 0.0703125 0.7578125 0.05 0.1640625
0 0.0796875 0.6921875 0.021875 0.021875
2 0.1375 0.7625 0.053125 0.1734375
0 0.1453125 0.690625 0.025 0.025
2 0.1265625 0.7515625 0.0625 0.1515625
0 0.1234375 0.6890625 0.01875 0.025
2 0.1921875 0.7625 0.0640625 0.1875
0 0.2 0.684375 0.0234375 0.0265625
2 0.2 0.7578125 0.059375 0.1671875
0 0.1890625 0.69375 0.0171875 0.021875
2 0.190625 0.75 0.0421875 0.134375
0 0.1921875 0.696875 0.01875 0.0234375
2 0.396875 0.759375 0.0453125 0.15
0 0.403125 0.7 0.0203125 0.025
2 0.4265625 0.7796875 0.0578125 0.171875
0 0.4234375 0.7078125 0.0234375 0.0234375
2 0.434375 0.7609375 0.053125 0.184375
0 0.4328125 0.6859375 0.0265625 0.0296875
2 0.45625 0.7515625 0.0578125 0.14375
0 0.45625 0.6921875 0.0203125 0.0234375
2 0.4671875 0.7515625 0.0375 0.1234375
0 0.46875 0.7 0.015625 0.0171875
2 0.4890625 0.7703125 0.0546875 0.196875
0 0.490625 0.6859375 0.028125 0.028125
2 0.5015625 0.76875 0.0390625 0.1734375
0 0.5015625 0.6953125 0.01875 0.021875
2 0.5640625 0.78125 0.0546875 0.178125
0 0.5578125 0.70625 0.021875 0.0265625
2 0.559375 0.76875 0.071875 0.178125
0 0.5671875 0.696875 0.021875 0.0296875
2 0.5875 0.74375 0.0328125 0.125
0 0.5875 0.690625 0.015625 0.0171875
2 0.6328125 0.78125 0.0546875 0.1859375
0 0.6265625 0.709375 0.021875 0.0265625
2 0.64375 0.740625 0.04375 0.13125
0 0.6421875 0.6875 0.0171875 0.0203125
2 0.609375 0.7609375 0.0515625 0.153125
0 0.6125 0.6984375 0.01875 0.0234375
0 0.6828125 0.7 0.0234375 0.0265625
2 0.684375 0.74375 0.053125 0.1140625
0 0.6828125 0.7 0.0234375 0.025
2 0.734375 0.7734375 0.059375 0.1796875
0 0.7265625 0.696875 0.021875 0.0265625
2 0.75625 0.7765625 0.0625 0.1953125
0 0.7515625 0.696875 0.0234375 0.0234375
2 0.8359375 0.771875 0.071875 0.19375
0 0.8234375 0.690625 0.0265625 0.0328125
2 0.8453125 0.778125 0.0546875 0.1953125
0 0.8390625 0.69375 0.025 0.0234375
2 0.8875 0.7578125 0.090625 0.1515625
0 0.8625 0.69375 0.0203125 0.021875