2 0.2140625 0.709375 0.0234375 0.0828125
0 0.2125 0.6765625 0.009375 0.0125
2 0.246875 0.7046875 0.0296875 0.0734375
0 0.240625 0.675 0.0078125 0.0109375
2 0.0890625 0.7203125 0.0375 0.1625
0 0.09375 0.65625 0.01875 0.0234375
0 0.15 0.75 0.071875 0.0828125
0 0.35 0.7390625 0.053125 0.0640625
2 0.278125 0.7421875 0.059375 0.1515625
0 0.2734375 0.6796875 0.0203125 0.0234375
2 0.3 0.7046875 0.03125 0.0796875
0 0.3015625 0.6703125 0.0109375 0.0109375
2 0.334375 0.6953125 0.0328125 0.078125
0 0.3359375 0.6640625 0.009375 0.0109375
2 0.3328125 0.703125 0.0265625 0.0640625
0 0.3359375 0.678125 0.0109375 0.0109375
2 0.3609375 0.7015625 0.028125 0.075
0 0.3609375 0.6703125 0.009375 0.009375
2 0.371875 0.7328125 0.05 0.146875
0 0.371875 0.66875 0.015625 0.0171875
2 0.415625 0.759375 0.0703125 0.1859375
0 0.434375 0.684375 0.021875 0.0265625
2 0.3921875 0.7046875 0.025 0.0703125
0 0.39375 0.6765625 0.0109375 0.0109375
2 0.40625 0.7015625 0.0171875 0.0609375
0 0.40625 0.6796875 0.0078125 0.009375
2 0.453125 0.7078125 0.0234375 0.084375
0 0.45 0.671875 0.009375 0.009375
2 0.4328125 0.7109375 0.01875 0.096875
0 0.4359375 0.6671875 0.009375 0.0109375
2 0.475 0.7078125 0.01875 0.071875
0 0.475 0.6796875 0.009375 0.0109375
2 0.5015625 0.7046875 0.025 0.0671875
0 0.5015625 0.6765625 0.0078125 0.009375
2 0.49375 0.7046875 0.0171875 0.0640625
0 0.4953125 0.6765625 0.0078125 0.0078125
0 0.5484375 0.703125 0.03125 0.040625
0 0.6015625 0.7046875 0.0296875 0.0328125
0 0.6171875 0.68125 0.0265625 0.034375
0 0.66875 0.70625 0.0328125 0.0359375
2 0.7890625 0.6890625 0.009375 0.0375
0 0.7890625 0.6734375 0.003125 0.0046875
2 0.796875 0.690625 0.0109375 0.0359375
0 0.796875 0.6765625 0.0046875 0.0046875
2 0.7765625 0.6859375 0.0140625 0.0359375
0 0.778125 0.6734375 0.003125 0.003125
2 0.8296875 0.6921875 0.0125 0.0328125
0 0.828125 0.6796875 0.00625 0.00625