0 0.0078125 0.57421875 0.015625 0.0390625
0 0.128125 0.590625 0.03125 0.03125
2 0.903125 0.584375 0.0265625 0.08125
0 0.896875 0.553125 0.009375 0.009375
2 0.8765625 0.5875 0.03125 0.075
0 0.875 0.55625 0.009375 0.009375
2 0.5953125 0.5875 0.015625 0.04375
0 0.59375 0.571875 0.0046875 0.00625
2 0.509375 0.68125 0.1078125 0.2
0 0.503125 0.59375 0.0203125 0.021875
2 0.5203125 0.675 0.0796875 0.1953125
0 0.51875 0.596875 0.021875 0.0265625
2 0.4140625 0.6046875 0.034375 0.059375
0 0.4171875 0.5796875 0.0078125 0.00625
2 0.403125 0.5875 0.0109375 0.0296875
0 0.4046875 0.575 0.003125 0.003125
2 0.3359375 0.5859375 0.0078125 0.01875
0 0.3375 0.578125 0.003125 0.003125