2 0.1890625 0.921875 0.01875 0.1078125
0 0.1921875 0.875 0.0125 0.0140625
2 0.1921875 0.9171875 0.0203125 0.1
0 0.1921875 0.875 0.0125 0.0140625
2 0.209375 0.925 0.0359375 0.1109375
0 0.2046875 0.878125 0.0140625 0.015625
2 0.225 0.8984375 0.01875 0.0578125
0 0.2234375 0.875 0.0078125 0.0078125
2 0.2359375 0.9234375 0.0234375 0.0921875
0 0.2390625 0.8859375 0.0109375 0.0140625
2 0.2515625 0.921875 0.025 0.0921875
0 0.253125 0.8828125 0.0109375 0.0109375
2 0.2484375 0.8921875 0.01875 0.0546875
0 0.246875 0.8703125 0.0078125 0.009375
2 0.265625 0.9171875 0.034375 0.109375
0 0.26875 0.871875 0.0171875 0.0171875
0 0.275 0.884375 0.01875 0.0234375
2 0.29375 0.9234375 0.0296875 0.1046875
0 0.296875 0.88125 0.0109375 0.0140625
2 0.3125 0.9359375 0.03125 0.11875
0 0.309375 0.8859375 0.0140625 0.01875
2 0.325 0.9234375 0.034375 0.09375
0 0.31875 0.8875 0.0125 0.0140625
2 0.33125 0.9171875 0.0296875 0.09375
0 0.3265625 0.878125 0.0109375 0.0140625
2 0.3546875 0.915625 0.0203125 0.0859375
0 0.35625 0.8796875 0.0125 0.0140625
2 0.365625 0.903125 0.0203125 0.0734375
0 0.3671875 0.8734375 0.009375 0.0109375
2 0.371875 0.9171875 0.01875 0.0859375
0 0.3734375 0.88125 0.0109375 0.0140625
2 0.3828125 0.9140625 0.021875 0.084375
0 0.3828125 0.88125 0.009375 0.0140625
2 0.3796875 0.925 0.0234375 0.0765625
0 0.3828125 0.89375 0.0109375 0.0125
2 0.3984375 0.928125 0.0359375 0.1015625
0 0.403125 0.8875 0.0140625 0.015625
2 0.4 0.9 0.0296875 0.078125
0 0.4 0.8671875 0.0109375 0.0109375
2 0.4109375 0.8921875 0.0203125 0.06875
0 0.409375 0.8640625 0.009375 0.0125
2 0.4140625 0.9125 0.028125 0.0921875
0 0.415625 0.8734375 0.0109375 0.0125
2 0.4046875 0.909375 0.021875 0.084375
0 0.4078125 0.8734375 0.009375 0.009375
2 0.43125 0.9109375 0.03125 0.0875
0 0.4296875 0.871875 0.009375 0.0109375
2 0.440625 0.8875 0.01875 0.0734375
0 0.4421875 0.85625 0.0078125 0.0078125
2 0.446875 0.9 0.0203125 0.078125
0 0.44375 0.865625 0.0078125 0.0078125
2 0.45 0.909375 0.025 0.08125
0 0.4484375 0.8765625 0.0109375 0.0140625
2 0.465625 0.903125 0.01875 0.0828125
0 0.4671875 0.86875 0.0109375 0.0109375
2 0.475 0.9109375 0.0265625 0.0796875
0 0.4765625 0.878125 0.009375 0.009375
2 0.4828125 0.9046875 0.0234375 0.0796875
0 0.48125 0.8734375 0.009375 0.0125
2 0.5015625 0.903125 0.0234375 0.075
0 0.5 0.871875 0.009375 0.0109375
2 0.5125 0.9265625 0.0296875 0.096875
0 0.509375 0.884375 0.0125 0.0140625
2 0.5203125 0.9015625 0.021875 0.0703125
0 0.51875 0.871875 0.0078125 0.009375
2 0.5296875 0.9015625 0.025 0.06875
0 0.5234375 0.871875 0.009375 0.0109375
2 0.5328125 0.9 0.0234375 0.06875
0 0.53125 0.871875 0.0078125 0.0109375
2 0.565625 0.921875 0.0375 0.1109375
0 0.56875 0.875 0.0125 0.015625
2 0.5609375 0.8875 0.0234375 0.0625
0 0.5609375 0.8625 0.009375 0.0109375
2 0.584375 0.896875 0.0234375 0.065625
0 0.58125 0.871875 0.0078125 0.009375
2 0.615625 0.90625 0.03125 0.084375
0 0.6125 0.8703125 0.0109375 0.0125
2 0.621875 0.8984375 0.0171875 0.075
0 0.6234375 0.86875 0.009375 0.0109375
2 0.6015625 0.903125 0.0265625 0.0546875
0 0.6 0.8828125 0.009375 0.0109375
2 0.6375 0.8921875 0.025 0.0671875
0 0.640625 0.8640625 0.0078125 0.0078125
2 0.640625 0.8984375 0.01875 0.065625
0 0.6421875 0.8703125 0.00625 0.009375
2 0.6453125 0.9 0.025 0.0671875
0 0.6453125 0.8734375 0.009375 0.009375
2 0.659375 0.8953125 0.0265625 0.0671875
0 0.6578125 0.865625 0.009375 0.0078125
2 0.6625 0.8859375 0.01875 0.059375
0 0.6625 0.8609375 0.0078125 0.0078125
2 0.678125 0.9125 0.0359375 0.0828125
0 0.6765625 0.878125 0.009375 0.009375
2 0.68125 0.8859375 0.0140625 0.053125
0 0.6828125 0.865625 0.0078125 0.0109375
2 0.690625 0.8953125 0.0203125 0.06875
0 0.6890625 0.86875 0.0109375 0.0125
2 0.696875 0.8921875 0.0203125 0.0671875
0 0.696875 0.8640625 0.009375 0.009375
2 0.715625 0.8921875 0.021875 0.0734375
0 0.715625 0.859375 0.0078125 0.0078125
2 0.715625 0.8828125 0.01875 0.065625
0 0.715625 0.85625 0.009375 0.009375
2 0.725 0.9109375 0.03125 0.0921875
0 0.73125 0.871875 0.0109375 0.0140625
2 0.74375 0.8890625 0.01875 0.0625
0 0.7453125 0.8625 0.0078125 0.009375
2 0.7453125 0.9015625 0.01875 0.071875
0 0.7453125 0.871875 0.009375 0.0125
2 0.7609375 0.9109375 0.0421875 0.09375
0 0.7625 0.8734375 0.0109375 0.0140625
2 0.7546875 0.8796875 0.0171875 0.059375
0 0.75625 0.85625 0.0078125 0.009375
2 0.775 0.896875 0.021875 0.075
0 0.7734375 0.865625 0.009375 0.0109375
2 0.7921875 0.9109375 0.0328125 0.096875
0 0.7875 0.871875 0.015625 0.0140625
2 0.7828125 0.859375 0.0140625 0.046875
0 0.7828125 0.840625 0.00625 0.0078125
0 0.809375 0.865625 0.009375 0.009375
2 0.75625 0.9078125 0.0265625 0.0921875
0 0.7546875 0.8703125 0.009375 0.0140625
2 0.796875 0.909375 0.0234375 0.0890625
0 0.79375 0.871875 0.0109375 0.0125