2 0.896875 0.8046875 0.1140625 0.2484375
0 0.903125 0.7046875 0.03125 0.0375
2 0.7078125 0.7515625 0.0671875 0.1796875
0 0.7234375 0.68125 0.021875 0.0234375
2 0.7125 0.6703125 0.0234375 0.040625
0 0.7125 0.65625 0.009375 0.009375
2 0.5765625 0.6734375 0.021875 0.05
0 0.578125 0.653125 0.0078125 0.00625
2 0.5609375 0.66875 0.01875 0.05
0 0.5640625 0.6484375 0.00625 0.00625
2 0.5234375 0.721875 0.0390625 0.1359375
0 0.521875 0.665625 0.01875 0.01875
2 0.4921875 0.7265625 0.04375 0.13125
0 0.4921875 0.6734375 0.015625 0.01875
2 0.45 0.671875 0.025 0.046875
0 0.453125 0.65625 0.0078125 0.0078125
2 0.415625 0.665625 0.015625 0.0375
0 0.415625 0.65 0.0046875 0.0046875
2 0.3765625 0.7953125 0.1046875 0.334375
0 0.3625 0.653125 0.0359375 0.0390625
2 0.1734375 0.821875 0.10625 0.3140625
0 0.18125 0.690625 0.03125 0.0375
2 0.1171875 0.809375 0.1109375 0.2890625
0 0.140625 0.69375 0.0375 0.04375
2 0.025 0.8328125 0.05 0.30625
0 0.009375 0.709375 0.01875 0.046875