2 0.815625 0.690625 0.1265625 0.209375
0 0.8171875 0.6109375 0.0390625 0.046875
2 0.709375 0.69375 0.0984375 0.1890625
0 0.7125 0.6234375 0.034375 0.046875
2 0.6375 0.6796875 0.128125 0.1703125
0 0.6359375 0.61875 0.0296875 0.0375
2 0.578125 0.6875 0.0859375 0.18125
0 0.5796875 0.625 0.0328125 0.040625
2 0.509375 0.69375 0.08125 0.1921875
0 0.515625 0.6203125 0.03125 0.040625
2 0.4328125 0.6828125 0.1015625 0.2015625
0 0.4546875 0.6078125 0.034375 0.0484375
2 0.371875 0.678125 0.090625 0.190625
0 0.371875 0.6046875 0.0328125 0.040625
2 0.315625 0.6859375 0.071875 0.196875
0 0.3203125 0.6109375 0.034375 0.0421875
2 0.253125 0.696875 0.1 0.2234375
0 0.2671875 0.609375 0.03125 0.040625
2 0.1734375 0.7015625 0.103125 0.19375
0 0.1796875 0.628125 0.034375 0.0453125
2 0.0875 0.6921875 0.1015625 0.21875
0 0.078125 0.6078125 0.0359375 0.04375
2 0.1390625 0.6046875 0.0921875 0.253125
0 0.1390625 0.5 0.03125 0.040625
2 0.221875 0.59375 0.0921875 0.259375
0 0.225 0.4890625 0.03125 0.0375
2 0.325 0.6046875 0.075 0.2234375
0 0.33125 0.5125 0.0296875 0.0390625
2 0.2859375 0.596875 0.065625 0.228125
0 0.2953125 0.503125 0.028125 0.034375
2 0.3921875 0.5984375 0.075 0.2171875
0 0.390625 0.50625 0.0265625 0.03125
2 0.4734375 0.5828125 0.078125 0.2078125
0 0.484375 0.5 0.0265625 0.0328125
2 0.5578125 0.628125 0.103125 0.25
0 0.5671875 0.525 0.028125 0.0359375
2 0.63125 0.6171875 0.09375 0.2671875
0 0.6453125 0.50625 0.0328125 0.0421875
2 0.709375 0.6234375 0.0875 0.253125
0 0.7 0.521875 0.03125 0.0390625
2 0.740625 0.6 0.090625 0.2640625
0 0.7421875 0.490625 0.03125 0.0375
2 0.903125 0.640625 0.1265625 0.3203125
0 0.896875 0.5078125 0.0390625 0.046875
2 0.8328125 0.6109375 0.11875 0.275
0 0.8140625 0.5046875 0.034375 0.040625
2 0.7734375 0.5921875 0.078125 0.221875
0 0.778125 0.5015625 0.028125 0.034375
2 0.5375 0.5921875 0.0609375 0.20625
0 0.5375 0.5109375 0.0296875 0.0375
2 0.51875 0.58125 0.0765625 0.190625
0 0.5203125 0.509375 0.028125 0.0359375
2 0.4203125 0.578125 0.059375 0.2125
0 0.425 0.4921875 0.028125 0.034375
2 0.2578125 0.565625 0.0578125 0.203125
0 0.2625 0.4875 0.0265625 0.034375
2 0.1890625 0.5671875 0.065625 0.2078125
0 0.1890625 0.4859375 0.0296875 0.034375
2 0.615625 0.5875 0.0671875 0.1875
0 0.6203125 0.5125 0.0265625 0.0359375
2 0.690625 0.58125 0.065625 0.1890625
0 0.6875 0.50625 0.0296875 0.03125
2 0.6015625 0.575 0.065625 0.1875
0 0.5984375 0.4984375 0.028125 0.0328125
2 0.359375 0.5765625 0.0640625 0.1953125
0 0.359375 0.496875 0.0265625 0.0328125