0 0.15 0.54375 0.06875 0.0734375
2 0.2359375 0.7140625 0.1 0.184375
0 0.253125 0.6453125 0.025 0.03125
2 0.259375 0.715625 0.0734375 0.1765625
0 0.2671875 0.64375 0.0234375 0.0265625
2 0.315625 0.6984375 0.0328125 0.0921875
0 0.3171875 0.659375 0.009375 0.0109375
2 0.35 0.73125 0.109375 0.234375
0 0.34375 0.6390625 0.0390625 0.0453125
2 0.40625 0.703125 0.0421875 0.1171875
0 0.409375 0.659375 0.015625 0.0203125
2 0.440625 0.7078125 0.0609375 0.1453125
0 0.4390625 0.653125 0.01875 0.025
2 0.465625 0.675 0.0171875 0.05625
0 0.4671875 0.6546875 0.0078125 0.009375
2 0.48125 0.6671875 0.0125 0.0328125
0 0.4828125 0.6546875 0.0046875 0.0046875
2 0.4953125 0.675 0.021875 0.0546875
0 0.496875 0.653125 0.0078125 0.0078125
2 0.525 0.7109375 0.075 0.1984375
0 0.51875 0.63125 0.0234375 0.0296875
2 0.5515625 0.6671875 0.0125 0.034375
0 0.5515625 0.653125 0.00625 0.00625
2 0.578125 0.671875 0.0234375 0.0546875
0 0.58125 0.65 0.00625 0.0078125
2 0.5890625 0.6671875 0.009375 0.03125
0 0.590625 0.65625 0.0046875 0.0046875
2 0.6015625 0.6828125 0.025 0.06875
0 0.6 0.6546875 0.0078125 0.009375
2 0.60625 0.665625 0.01875 0.046875
0 0.6078125 0.646875 0.00625 0.00625
2 0.6234375 0.6734375 0.0140625 0.0390625
0 0.6234375 0.6578125 0.0046875 0.00625
2 0.628125 0.6703125 0.0171875 0.0421875
0 0.628125 0.6546875 0.0046875 0.00625
2 0.6453125 0.684375 0.0234375 0.0703125
0 0.64375 0.65625 0.0078125 0.009375
2 0.653125 0.6828125 0.0171875 0.06875
0 0.653125 0.6546875 0.00625 0.0078125
2 0.68125 0.7078125 0.0515625 0.159375
0 0.6796875 0.6390625 0.0171875 0.021875
2 0.7015625 0.709375 0.05 0.1625
0 0.7 0.6453125 0.0171875 0.021875
2 0.7359375 0.703125 0.053125 0.1609375
0 0.7234375 0.634375 0.0203125 0.021875
2 0.8015625 0.7 0.034375 0.0875
0 0.8 0.6640625 0.0109375 0.0125
2 0.7921875 0.6703125 0.028125 0.071875
0 0.7921875 0.6421875 0.009375 0.0140625
2 0.8015625 0.6765625 0.0265625 0.0734375
0 0.796875 0.65 0.009375 0.0140625
2 0.8921875 0.7078125 0.046875 0.125
0 0.8828125 0.6546875 0.015625 0.0171875
0 0.728125 0.746875 0.0421875 0.04375