2 0.8046875 0.5734375 0.159375 0.4140625
0 0.784375 0.40625 0.04375 0.059375
2 0.828125 0.5734375 0.121875 0.3578125
0 0.85 0.421875 0.0390625 0.0453125
2 0.6640625 0.575 0.11875 0.403125
0 0.6796875 0.4140625 0.04375 0.059375
2 0.7125 0.578125 0.0953125 0.35625
0 0.7125 0.43125 0.0359375 0.053125
2 0.6265625 0.5390625 0.0875 0.2640625
0 0.6296875 0.4296875 0.0359375 0.040625
2 0.553125 0.55625 0.1125 0.315625
0 0.5578125 0.421875 0.0328125 0.0375
2 0.5203125 0.54375 0.090625 0.278125
0 0.5265625 0.43125 0.034375 0.04375
2 0.440625 0.565625 0.0921875 0.3078125
0 0.45 0.4359375 0.0390625 0.0453125
2 0.3609375 0.5328125 0.0765625 0.2125
0 0.3625 0.44375 0.0296875 0.028125
2 0.2515625 0.53125 0.09375 0.259375
0 0.253125 0.421875 0.028125 0.0375
2 0.2015625 0.50625 0.0703125 0.2140625
0 0.2109375 0.4171875 0.0296875 0.0328125
2 0.0953125 0.521875 0.1078125 0.2875
0 0.0953125 0.403125 0.0328125 0.0484375
2 0.1625 0.5046875 0.0625 0.18125
0 0.1625 0.4296875 0.01875 0.025
2 0.05 0.4859375 0.04375 0.153125
0 0.0546875 0.425 0.01875 0.021875
2 0.0203125 0.4890625 0.040625 0.1453125
0 0.0140625 0.4359375 0.0171875 0.021875
2 0.0875 0.48125 0.04375 0.1515625
0 0.08125 0.4234375 0.0171875 0.021875
2 0.109375 0.4765625 0.04375 0.1546875
0 0.1078125 0.4171875 0.0140625 0.021875
2 0.15 0.490625 0.05625 0.1875
0 0.146875 0.415625 0.0234375 0.03125
2 0.30625 0.5140625 0.053125 0.1890625
0 0.3078125 0.434375 0.0203125 0.0265625
2 0.3078125 0.50625 0.0734375 0.19375
0 0.309375 0.434375 0.01875 0.025
2 0.346875 0.5109375 0.06875 0.2078125
0 0.3453125 0.4265625 0.0234375 0.0328125
2 0.403125 0.509375 0.0671875 0.21875
0 0.4 0.41875 0.028125 0.034375
2 0.4328125 0.5328125 0.08125 0.271875
0 0.43125 0.41875 0.0234375 0.034375
2 0.471875 0.515625 0.059375 0.2109375
0 0.4703125 0.4328125 0.025 0.0296875
2 0.775 0.5625 0.09375 0.303125
0 0.76875 0.434375 0.0390625 0.0375
2 0.040625 0.4828125 0.0375 0.15
0 0.046875 0.4234375 0.0140625 0.0203125