2 0.6734375 0.615625 0.2015625 0.490625
0 0.6640625 0.421875 0.0765625 0.0984375
2 0.26875 0.5578125 0.2296875 0.50625
0 0.2734375 0.3578125 0.0703125 0.096875
2 0.6234375 0.4765625 0.2421875 0.6046875
0 0.6140625 0.2171875 0.06875 0.08125
2 0.465625 0.4796875 0.1828125 0.5734375
0 0.453125 0.2390625 0.0625 0.0796875
2 0.3484375 0.4578125 0.1703125 0.5390625
0 0.34375 0.2359375 0.0578125 0.0796875
2 0.196875 0.45 0.178125 0.559375
0 0.2 0.2265625 0.05625 0.065625
2 0.909375 0.4 0.1484375 0.2859375
0 0.8921875 0.2859375 0.03125 0.0390625
2 0.7421875 0.4265625 0.1234375 0.40625
0 0.728125 0.2578125 0.0484375 0.0625
2 0.05 0.53359375 0.1 0.3828125
0 0.0375 0.3890625 0.053125 0.075
2 0.0640625 0.4171875 0.1125 0.3171875
0 0.0609375 0.2890625 0.0421875 0.0546875
2 0.046875 0.45625 0.09375 0.440625
0 0.059375 0.2890625 0.0421875 0.05625
2 0.8171875 0.3828125 0.1 0.2390625
0 0.8359375 0.284375 0.0234375 0.0328125
2 0.11875 0.3296875 0.05 0.1515625
0 0.128125 0.265625 0.021875 0.01875
2 0.2328125 0.40625 0.1078125 0.3765625
0 0.2328125 0.2625 0.0546875 0.0625
2 0.5578125 0.359375 0.0765625 0.2625
0 0.5578125 0.25 0.03125 0.0375