2 0.915625 0.703125 0.1140625 0.175
0 0.9125 0.634375 0.0203125 0.0234375
2 0.7078125 0.6921875 0.1265625 0.278125
0 0.690625 0.571875 0.0296875 0.03125
2 0.6375 0.6984375 0.1203125 0.2453125
0 0.6359375 0.59375 0.025 0.0265625
2 0.528125 0.60625 0.1953125 0.390625
0 0.559375 0.4859375 0.040625 0.034375
2 0.2890625 0.71875 0.115625 0.153125
0 0.2984375 0.6578125 0.025 0.0234375
2 0.121875 0.7078125 0.084375 0.2015625
0 0.1234375 0.621875 0.0203125 0.021875
2 0.06875 0.6984375 0.1171875 0.2703125
0 0.109375 0.5828125 0.03125 0.03125
2 0.01875 0.70625 0.0359375 0.2203125
0 0.0171875 0.6140625 0.025 0.0265625
2 0.0296875 0.715625 0.046875 0.175
0 0.0296875 0.646875 0.01875 0.025
2 0.0640625 0.7046875 0.128125 0.2296875
0 0.096875 0.6109375 0.034375 0.0296875