2 0.215625 0.5796875 0.0390625 0.115625
0 0.215625 0.5296875 0.0140625 0.0171875
2 0.2375 0.58125 0.034375 0.103125
0 0.234375 0.540625 0.0171875 0.01875
2 0.2703125 0.56875 0.0421875 0.121875
0 0.26875 0.5171875 0.015625 0.0171875
2 0.3 0.575 0.040625 0.1078125
0 0.3046875 0.5296875 0.0125 0.015625
2 0.3390625 0.5671875 0.0390625 0.1171875
0 0.3390625 0.521875 0.015625 0.0171875
2 0.3640625 0.596875 0.065625 0.1765625
0 0.371875 0.5203125 0.025 0.025
2 0.4109375 0.61875 0.0515625 0.1578125
0 0.409375 0.5546875 0.021875 0.0265625
2 0.6359375 0.6125 0.053125 0.1640625
0 0.64375 0.5453125 0.01875 0.0265625
0 0.9515625 0.5578125 0.04375 0.0546875
2 0.290625 0.56875 0.0265625 0.1
0 0.290625 0.5265625 0.0140625 0.0140625
2 0.3140625 0.565625 0.0296875 0.10625
0 0.3109375 0.51875 0.0125 0.0125
2 0.3796875 0.5765625 0.0328125 0.1171875
0 0.378125 0.53125 0.0125 0.015625
2 0.2484375 0.571875 0.028125 0.1
0 0.25 0.53125 0.015625 0.015625