2 0.2046875 0.634375 0.2453125 0.3765625
0 0.2671875 0.490625 0.059375 0.08125
0 0.35625 0.4921875 0.05625 0.078125
2 0.403125 0.659375 0.1125 0.29375
0 0.3890625 0.55 0.0546875 0.05625
2 0.38125 0.6234375 0.1328125 0.3640625
0 0.40625 0.4890625 0.0515625 0.0734375
2 0.521875 0.63125 0.234375 0.3421875
0 0.45 0.496875 0.0484375 0.0703125
2 0.4703125 0.5421875 0.1796875 0.421875
0 0.471875 0.3765625 0.0484375 0.0703125
2 0.5765625 0.5734375 0.178125 0.3859375
0 0.5234375 0.4125 0.0421875 0.0609375
2 0.6703125 0.575 0.2796875 0.390625
0 0.565625 0.4234375 0.05625 0.078125
2 0.7296875 0.5921875 0.29375 0.3984375
0 0.621875 0.4390625 0.065625 0.084375
2 0.7890625 0.590625 0.2640625 0.434375
0 0.6890625 0.4140625 0.059375 0.0765625
2 0.41875 0.5984375 0.175 0.4125
0 0.4203125 0.43125 0.0546875 0.06875