2 0.8453125 0.43125 0.0234375 0.0515625
0 0.8421875 0.4125 0.00625 0.00625
2 0.8203125 0.428125 0.025 0.0515625
0 0.825 0.4078125 0.0078125 0.0078125
0 0.8046875 0.55 0.0953125 0.1078125
0 0.884375 0.5109375 0.0703125 0.071875
0 0.6390625 0.5078125 0.0734375 0.096875
0 0.3421875 0.45 0.0734375 0.084375
0 0.0875 0.4921875 0.071875 0.0875
2 0.034375 0.58125 0.06875 0.30625
0 0.0203125 0.45625 0.0390625 0.0453125
0 0.14375 0.4671875 0.065625 0.0671875
2 0.221875 0.5796875 0.1015625 0.278125
0 0.2140625 0.4640625 0.04375 0.0421875
0 0.5859375 0.4953125 0.0484375 0.05625
0 0.5375 0.49375 0.0359375 0.034375
2 0.7796875 0.5203125 0.0828125 0.2046875
0 0.78125 0.4390625 0.0296875 0.040625
0 0.7234375 0.5 0.05 0.0515625
0 0.45 0.4984375 0.0546875 0.05
2 0.4578125 0.55625 0.0953125 0.25625
0 0.459375 0.4484375 0.0328125 0.034375
2 0.428125 0.525 0.078125 0.2375
0 0.4265625 0.428125 0.0296875 0.0328125
2 0.240625 0.56875 0.121875 0.26875
0 0.215625 0.4625 0.046875 0.0421875
2 0.128125 0.5078125 0.0890625 0.2265625
0 0.13125 0.4140625 0.0296875 0.034375
2 0.2484375 0.4875 0.0640625 0.175
0 0.2453125 0.415625 0.025 0.028125
2 0.1859375 0.54375 0.0796875 0.2203125
0 0.1859375 0.4546875 0.028125 0.0359375
2 0.75625 0.425 0.0046875 0.009375
0 0.7578125 0.4203125 0.0015625 0.0015625
2 0.7296875 0.5515625 0.09375 0.2359375
0 0.728125 0.45625 0.03125 0.040625
0 0.7140625 0.5140625 0.04375 0.0546875
0 0.3 0.471875 0.0515625 0.0671875