2 0.35625 0.690625 0.10625 0.384375
0 0.365625 0.53125 0.04375 0.0515625
2 0.4203125 0.709375 0.1125 0.425
0 0.4203125 0.53125 0.0421875 0.059375
2 0.4609375 0.6875 0.1078125 0.365625
0 0.4609375 0.5296875 0.0375 0.05
2 0.5640625 0.6984375 0.125 0.396875
0 0.5546875 0.5328125 0.0375 0.0515625
2 0.64375 0.6765625 0.115625 0.3984375
0 0.628125 0.5046875 0.0421875 0.0484375
2 0.5296875 0.74375 0.109375 0.1109375
0 0.5625 0.7140625 0.0390625 0.040625
2 0.75 0.6265625 0.0421875 0.0953125
0 0.746875 0.5859375 0.0109375 0.0109375
2 0.775 0.6265625 0.03125 0.090625
0 0.7734375 0.590625 0.0125 0.015625
0 0.8234375 0.584375 0.0140625 0.0125
2 0.2015625 0.6609375 0.0453125 0.1375
0 0.196875 0.60625 0.01875 0.0234375
2 0.2234375 0.6578125 0.034375 0.1015625
0 0.2203125 0.615625 0.0125 0.015625
2 0.18125 0.64375 0.0296875 0.1328125
0 0.1796875 0.5890625 0.015625 0.01875