2 0.65625 0.65625 0.0875 0.2109375
0 0.6546875 0.56875 0.0328125 0.0296875
2 0.5578125 0.6515625 0.071875 0.203125
0 0.5609375 0.56875 0.025 0.03125
2 0.4953125 0.634375 0.0703125 0.2046875
0 0.4875 0.5625 0.0234375 0.0265625
2 0.328125 0.6515625 0.0984375 0.23125
0 0.3421875 0.55625 0.025 0.03125
2 0.221875 0.6453125 0.0859375 0.1953125
0 0.2171875 0.5609375 0.025 0.028125
2 0.3 0.64375 0.0609375 0.1984375
0 0.309375 0.559375 0.021875 0.025
2 0.0328125 0.59375 0.065625 0.1203125
0 0.0328125 0.5421875 0.0140625 0.0125
2 0.0703125 0.58125 0.040625 0.1140625
0 0.0734375 0.53125 0.0109375 0.0125
2 0.109375 0.5953125 0.046875 0.125
0 0.1078125 0.54375 0.0140625 0.0171875
2 0.1 0.590625 0.028125 0.09375
0 0.0984375 0.553125 0.0125 0.0140625
2 0.09375 0.578125 0.0265625 0.0875
0 0.0953125 0.5390625 0.0078125 0.009375
2 0.0859375 0.56875 0.025 0.0796875
0 0.0875 0.5375 0.009375 0.0109375
2 0.134375 0.5953125 0.034375 0.0984375
0 0.134375 0.55625 0.0125 0.0140625
2 0.1328125 0.584375 0.03125 0.09375
0 0.1328125 0.546875 0.015625 0.0171875
2 0.184375 0.59375 0.0453125 0.11875
0 0.178125 0.5453125 0.0109375 0.015625
2 0.2078125 0.5859375 0.034375 0.1
0 0.209375 0.54375 0.0125 0.0109375
2 0.246875 0.5703125 0.021875 0.059375
0 0.246875 0.546875 0.009375 0.0109375
2 0.2625 0.575 0.0234375 0.0609375
0 0.2609375 0.5515625 0.0109375 0.0109375
2 0.3828125 0.590625 0.0296875 0.0859375
0 0.3828125 0.5546875 0.0109375 0.0109375
2 0.3671875 0.575 0.0265625 0.08125
0 0.365625 0.540625 0.009375 0.009375
2 0.409375 0.5828125 0.01875 0.0640625
0 0.409375 0.55625 0.0078125 0.009375
2 0.434375 0.578125 0.01875 0.06875
0 0.434375 0.55 0.009375 0.009375
2 0.396875 0.5734375 0.0203125 0.065625
0 0.3953125 0.546875 0.00625 0.0078125
2 0.459375 0.58125 0.034375 0.103125
0 0.4609375 0.5375 0.0109375 0.0125
2 0.4703125 0.59375 0.03125 0.09375
0 0.471875 0.55625 0.0109375 0.0125
2 0.46875 0.5921875 0.034375 0.084375
0 0.471875 0.55625 0.0109375 0.0125
2 0.5203125 0.584375 0.0390625 0.09375
0 0.5234375 0.5453125 0.0125 0.015625
2 0.58125 0.5859375 0.0328125 0.0828125
0 0.578125 0.5546875 0.0109375 0.0140625
2 0.5953125 0.590625 0.0328125 0.096875
0 0.6 0.5515625 0.0125 0.0125
2 0.615625 0.5953125 0.034375 0.0921875
0 0.6171875 0.5578125 0.0125 0.0125
2 0.6296875 0.5828125 0.0203125 0.071875
0 0.6328125 0.5546875 0.0125 0.0140625
2 0.71875 0.5828125 0.034375 0.084375
0 0.7171875 0.5484375 0.0109375 0.0109375
2 0.6625 0.5890625 0.0359375 0.0921875
0 0.6640625 0.553125 0.0125 0.0125