2 0.15625 0.5734375 0.1328125 0.3671875
0 0.15625 0.465625 0.040625 0.0421875
2 0.11875 0.584375 0.06875 0.18125
0 0.115625 0.525 0.021875 0.01875
2 0.4453125 0.5546875 0.1015625 0.3359375
0 0.434375 0.465625 0.0328125 0.0359375
2 0.309375 0.571875 0.071875 0.228125
0 0.3015625 0.5078125 0.01875 0.0234375
2 0.2671875 0.571875 0.0515625 0.18125
0 0.2625 0.5171875 0.015625 0.01875
2 0.2359375 0.58125 0.0375 0.1328125
0 0.2328125 0.54375 0.0140625 0.0125
2 0.225 0.5828125 0.0328125 0.090625
0 0.2203125 0.55 0.009375 0.0109375
2 0.3296875 0.571875 0.0453125 0.1390625
0 0.3296875 0.5140625 0.015625 0.0171875
2 0.3875 0.575 0.05 0.153125
0 0.384375 0.5265625 0.015625 0.01875
2 0.64375 0.540625 0.1015625 0.31875
0 0.634375 0.45 0.0296875 0.0328125
2 0.528125 0.5578125 0.0515625 0.16875
0 0.51875 0.5109375 0.0140625 0.015625
2 0.475 0.565625 0.0640625 0.20625
0 0.465625 0.50625 0.021875 0.0234375
2 0.5859375 0.565625 0.04375 0.1265625
0 0.578125 0.5265625 0.0125 0.0140625
2 0.8921875 0.534375 0.11875 0.296875
0 0.8640625 0.45 0.03125 0.03125
2 0.7578125 0.5484375 0.0734375 0.203125
0 0.74375 0.4953125 0.021875 0.021875
2 0.70625 0.5609375 0.0484375 0.1546875
0 0.6953125 0.5234375 0.0140625 0.015625
2 0.940625 0.559375 0.071875 0.175
0 0.9234375 0.509375 0.021875 0.021875
2 0.8484375 0.5671875 0.0625 0.1625
0 0.8375 0.525 0.0171875 0.0203125
2 0.7859375 0.575 0.0515625 0.1265625
0 0.775 0.5234375 0.0140625 0.0171875
2 0.96875 0.575 0.034375 0.0984375
0 0.96875 0.5359375 0.0125 0.015625
2 0.98125 0.56875 0.025 0.096875
0 0.98125 0.5296875 0.0109375 0.015625
2 0.815625 0.571875 0.0265625 0.0828125
0 0.8140625 0.540625 0.0109375 0.0140625
2 0.71875 0.5765625 0.034375 0.075
0 0.7265625 0.546875 0.0109375 0.0125
2 0.68125 0.5796875 0.021875 0.06875
0 0.678125 0.5515625 0.009375 0.0109375
2 0.55625 0.5796875 0.0265625 0.065625
0 0.5578125 0.553125 0.009375 0.009375
2 0.5421875 0.58125 0.021875 0.053125
0 0.5421875 0.5609375 0.00625 0.0078125
2 0.5109375 0.5703125 0.0390625 0.11875
0 0.5125 0.51875 0.0109375 0.0140625
2 0.4953125 0.5828125 0.03125 0.08125
0 0.49375 0.5515625 0.0109375 0.0125