2 0.8578125 0.409375 0.1765625 0.3796875
0 0.8625 0.2375 0.06875 0.0375
2 0.6828125 0.40625 0.1859375 0.3765625
0 0.6953125 0.2390625 0.06875 0.0390625
0 0.1265625 0.6171875 0.2390625 0.28125
0 0.1671875 0.5078125 0.171875 0.196875
0 0.265625 0.503125 0.11875 0.159375
0 0.2734375 0.4015625 0.103125 0.109375
0 0.275 0.3734375 0.0984375 0.121875
0 0.415625 0.4890625 0.0953125 0.121875
2 0.24375 0.4625 0.30625 0.4859375
0 0.321875 0.2765625 0.0921875 0.1171875
2 0.334375 0.421875 0.25625 0.4078125
0 0.3171875 0.2484375 0.0859375 0.059375
2 0.4484375 0.4671875 0.1875 0.4921875
0 0.4453125 0.303125 0.0828125 0.1140625