0 0.4203125 0.6109375 0.065625 0.0703125
2 0.065625 0.3390625 0.1296875 0.2953125
0 0.0125 0.2203125 0.025 0.053125
2 0.071875 0.2984375 0.14375 0.2515625
0 0.0203125 0.1921875 0.040625 0.0375
2 0.1296875 0.3 0.1375 0.253125
0 0.10625 0.1859375 0.0390625 0.025
2 0.265625 0.3359375 0.16875 0.2828125
0 0.2296875 0.2203125 0.0375 0.04375
2 0.43125 0.3453125 0.159375 0.26875
0 0.4796875 0.2421875 0.0484375 0.05625
2 0.584375 0.3546875 0.225 0.259375
0 0.5484375 0.2546875 0.040625 0.05625
2 0.5125 0.3046875 0.1546875 0.2484375
0 0.4890625 0.2046875 0.0390625 0.040625
2 0.628125 0.3015625 0.1453125 0.25625
0 0.603125 0.196875 0.0359375 0.0421875
2 0.6984375 0.3 0.134375 0.2546875
0 0.6828125 0.196875 0.0375 0.0421875
2 0.7796875 0.3515625 0.11875 0.259375
0 0.78125 0.2484375 0.0421875 0.05
2 0.8015625 0.2984375 0.1203125 0.2515625
0 0.7921875 0.1953125 0.034375 0.04375
2 0.8734375 0.303125 0.1375 0.259375
0 0.8609375 0.196875 0.0375 0.046875
0 0.94375 0.24375 0.0421875 0.053125
2 0.2234375 0.2625 0.1515625 0.178125
0 0.2109375 0.18125 0.034375 0.0171875
2 0.29375 0.25625 0.121875 0.1671875
0 0.2984375 0.1828125 0.0421875 0.01875
2 0.384375 0.240625 0.084375 0.1328125
0 0.38125 0.1828125 0.025 0.01875
2 0.4609375 0.2375 0.1125 0.1265625
0 0.4515625 0.18125 0.0296875 0.015625
2 0.3984375 0.2703125 0.1453125 0.19375
0 0.38125 0.18125 0.025 0.0140625
2 0.496875 0.228125 0.0921875 0.1109375
0 0.4953125 0.1796875 0.025 0.0125
2 0.5609375 0.2546875 0.1203125 0.1609375
0 0.553125 0.1828125 0.0328125 0.01875
2 0.6546875 0.2328125 0.1015625 0.11875
0 0.6453125 0.18125 0.03125 0.015625
2 0.7359375 0.24375 0.1015625 0.140625
0 0.7359375 0.1828125 0.0328125 0.01875
2 0.828125 0.240625 0.1265625 0.1328125
0 0.815625 0.18125 0.0359375 0.0171875
0 0.95 0.203125 0.0375 0.05
2 0.94375 0.2984375 0.1078125 0.25
0 0.95 0.2015625 0.0375 0.046875