2 0.06875 0.5234375 0.1375 0.4140625
0 0.06875 0.346875 0.046875 0.053125
2 0.109375 0.60625 0.14375 0.3734375
0 0.128125 0.4546875 0.05625 0.0609375
2 0.18125 0.53125 0.1046875 0.3828125
0 0.184375 0.36875 0.0453125 0.0453125
2 0.2453125 0.6171875 0.1265625 0.3265625
0 0.2515625 0.484375 0.05 0.05625
2 0.2984375 0.534375 0.109375 0.384375
0 0.3 0.36875 0.0421875 0.04375
2 0.3921875 0.6203125 0.1234375 0.36875
0 0.3890625 0.46875 0.05 0.0578125
2 0.4296875 0.5375 0.1078125 0.378125
0 0.4296875 0.375 0.0390625 0.0484375
2 0.5203125 0.634375 0.1328125 0.35
0 0.50625 0.4953125 0.05 0.0640625
2 0.553125 0.553125 0.096875 0.3703125
0 0.5546875 0.3984375 0.040625 0.04375
2 0.6578125 0.55 0.1140625 0.38125
0 0.6546875 0.3875 0.040625 0.05
2 0.6515625 0.628125 0.125 0.33125
0 0.65625 0.49375 0.0515625 0.0578125
2 0.7734375 0.6328125 0.13125 0.3375
0 0.7765625 0.4984375 0.053125 0.065625
2 0.7625 0.5546875 0.1234375 0.3765625
0 0.765625 0.3921875 0.040625 0.0453125
2 0.890625 0.5390625 0.1359375 0.403125
0 0.8890625 0.3734375 0.05 0.05625
2 0.8859375 0.65 0.1515625 0.2984375
0 0.8890625 0.5390625 0.05625 0.0640625