2 0.09375 0.509375 0.1875 0.5890625
0 0.025 0.284375 0.05 0.115625
2 0.0734375 0.3421875 0.146875 0.421875
0 0.034375 0.1515625 0.0671875 0.040625
0 0.26875 0.5546875 0.1234375 0.1453125
2 0.20625 0.521875 0.1953125 0.509375
0 0.203125 0.325 0.1140625 0.109375
2 0.2125 0.3625 0.153125 0.4625
0 0.1921875 0.175 0.08125 0.0828125
0 0.7421875 0.61875 0.0953125 0.14375
0 0.54375 0.4203125 0.0984375 0.1296875
0 0.671875 0.3734375 0.0734375 0.103125
2 0.425 0.45625 0.2 0.6
0 0.4015625 0.2125 0.0875 0.1
2 0.40625 0.396875 0.1890625 0.53125
0 0.4 0.159375 0.0671875 0.0546875
2 0.375 0.334375 0.2328125 0.40625
0 0.3671875 0.15 0.06875 0.0359375
2 0.578125 0.375 0.16875 0.4875
0 0.5703125 0.1484375 0.0703125 0.034375
2 0.6875 0.296875 0.1515625 0.33125
0 0.6890625 0.14375 0.05625 0.025
2 0.73125 0.3953125 0.2015625 0.4640625
0 0.746875 0.209375 0.075 0.084375
0 0.928125 0.184375 0.08125 0.0828125
2 0.884375 0.3203125 0.2109375 0.3796875
0 0.9265625 0.1484375 0.0609375 0.034375