2 0.04375 0.4390625 0.05 0.103125
0 0.0515625 0.396875 0.021875 0.021875
2 0.090625 0.4609375 0.075 0.1390625
0 0.075 0.4078125 0.0234375 0.0265625
2 0.1046875 0.440625 0.0546875 0.1046875
0 0.0984375 0.4046875 0.0203125 0.025
2 0.0671875 0.5078125 0.125 0.1953125
0 0.0578125 0.434375 0.0375 0.0421875
2 0.1640625 0.4390625 0.0546875 0.10625
0 0.171875 0.403125 0.0203125 0.025
2 0.1828125 0.4453125 0.0640625 0.1296875
0 0.1859375 0.4 0.021875 0.0234375
2 0.2359375 0.440625 0.059375 0.1125
0 0.2359375 0.396875 0.01875 0.021875
2 0.2546875 0.421875 0.04375 0.0890625
0 0.2515625 0.3890625 0.0171875 0.0203125
2 0.3015625 0.4203125 0.04375 0.0890625
0 0.3 0.3890625 0.021875 0.0203125
2 0.2890625 0.46875 0.0796875 0.14375
0 0.284375 0.415625 0.028125 0.0296875
2 0.3140625 0.475 0.103125 0.1484375
0 0.303125 0.421875 0.0328125 0.0375
2 0.3265625 0.4515625 0.059375 0.1265625
0 0.3265625 0.4078125 0.0265625 0.0328125
2 0.3453125 0.4296875 0.0515625 0.0953125
0 0.3453125 0.3984375 0.0203125 0.0265625
2 0.378125 0.403125 0.0328125 0.05625
0 0.384375 0.3859375 0.015625 0.0140625
2 0.409375 0.45625 0.05625 0.1375
0 0.4078125 0.409375 0.028125 0.03125
2 0.446875 0.4125 0.040625 0.1
0 0.44375 0.3734375 0.0171875 0.0171875
2 0.453125 0.4359375 0.05 0.103125
0 0.4546875 0.396875 0.021875 0.0234375
2 0.4484375 0.371875 0.0421875 0.0984375
0 0.4546875 0.3359375 0.0125 0.015625
2 0.5046875 0.4671875 0.0890625 0.1609375
0 0.5078125 0.4078125 0.0359375 0.0375
2 0.5515625 0.5296875 0.1296875 0.2546875
0 0.559375 0.43125 0.040625 0.05625
2 0.6515625 0.5734375 0.175 0.321875
0 0.6625 0.4484375 0.05 0.0546875
0 0.63125 0.4828125 0.0640625 0.0859375
0 0.509375 0.503125 0.075 0.0734375
0 0.209375 0.4953125 0.0828125 0.08125
2 0.1859375 0.6046875 0.225 0.3375
0 0.1859375 0.475 0.065625 0.06875
2 0.2484375 0.5265625 0.13125 0.234375
0 0.246875 0.440625 0.040625 0.053125
2 0.5671875 0.4171875 0.04375 0.0796875
0 0.5765625 0.390625 0.015625 0.021875
2 0.59375 0.421875 0.0484375 0.0796875
0 0.59375 0.396875 0.0171875 0.01875
2 0.621875 0.4265625 0.053125 0.0875
0 0.6359375 0.396875 0.01875 0.0203125
2 0.671875 0.4171875 0.0453125 0.090625
0 0.671875 0.3875 0.0203125 0.025
2 0.64375 0.4421875 0.075 0.109375
0 0.64375 0.4046875 0.0265625 0.028125
2 0.7015625 0.440625 0.046875 0.103125
0 0.6984375 0.4078125 0.01875 0.025
2 0.7375 0.4703125 0.06875 0.1640625
0 0.734375 0.40625 0.0265625 0.0265625
2 0.771875 0.44375 0.05 0.1171875
0 0.7671875 0.403125 0.025 0.03125
2 0.8046875 0.459375 0.0859375 0.1421875
0 0.8140625 0.4078125 0.025 0.0296875
2 0.865625 0.4234375 0.0390625 0.090625
0 0.859375 0.3890625 0.0171875 0.015625
2 0.95625 0.49375 0.0859375 0.203125
0 0.9515625 0.415625 0.0296875 0.0421875
0 0.98125 0.4125 0.0328125 0.0359375
2 0.884375 0.546875 0.140625 0.2546875
0 0.9140625 0.446875 0.0375 0.04375