2 0.684375 0.5828125 0.0390625 0.09375
0 0.684375 0.54375 0.009375 0.0140625
2 0.6578125 0.5734375 0.025 0.0734375
0 0.65625 0.54375 0.009375 0.0109375
2 0.634375 0.5671875 0.028125 0.0703125
0 0.63125 0.5390625 0.009375 0.0109375
2 0.5078125 0.565625 0.025 0.0609375
0 0.509375 0.540625 0.0078125 0.009375
0 0.04375 0.403125 0.0703125 0.06875
0 0.109375 0.478125 0.04375 0.0484375
0 0.16875 0.471875 0.0484375 0.05
0 0.259375 0.4296875 0.059375 0.065625
0 0.334375 0.4640625 0.04375 0.053125
0 0.4375 0.465625 0.0421875 0.05
0 0.4234375 0.428125 0.053125 0.0609375
0 0.5671875 0.4609375 0.05625 0.0609375
0 0.8265625 0.4390625 0.1109375 0.096875
0 0.7671875 0.4875 0.053125 0.06875