2 0.78125 0.7578125 0.03125 0.075
0 0.7765625 0.7265625 0.0109375 0.0109375
2 0.76875 0.7609375 0.028125 0.078125
0 0.7671875 0.7265625 0.009375 0.009375
2 0.678125 0.759375 0.0203125 0.0625
0 0.678125 0.734375 0.0078125 0.009375
2 0.5984375 0.75625 0.01875 0.053125
0 0.5984375 0.734375 0.0078125 0.0078125
2 0.6109375 0.7515625 0.01875 0.0625
0 0.60625 0.725 0.0078125 0.009375
2 0.5609375 0.7515625 0.0203125 0.0625
0 0.5625 0.7265625 0.009375 0.009375
2 0.5515625 0.7515625 0.015625 0.0421875
0 0.553125 0.734375 0.00625 0.00625
2 0.4484375 0.7921875 0.065625 0.1578125
0 0.44375 0.725 0.01875 0.0203125
2 0.40625 0.7453125 0.0140625 0.034375
0 0.409375 0.73125 0.0046875 0.0046875
2 0.38125 0.7453125 0.0125 0.0390625
0 0.38125 0.7296875 0.0046875 0.00625
2 0.371875 0.7453125 0.0125 0.0390625
0 0.371875 0.7296875 0.00625 0.00625
2 0.3640625 0.746875 0.0125 0.0375
0 0.3640625 0.73125 0.00625 0.00625
2 0.2953125 0.7453125 0.0125 0.03125
0 0.296875 0.7328125 0.0046875 0.0046875