2 0.840625 0.71875 0.0375 0.09375
0 0.840625 0.6796875 0.0125 0.0125
2 0.796875 0.715625 0.0375 0.09375
0 0.7984375 0.675 0.0109375 0.0109375
2 0.7515625 0.71875 0.03125 0.0921875
0 0.753125 0.68125 0.0109375 0.0109375
2 0.71875 0.7078125 0.028125 0.0703125
0 0.71875 0.678125 0.009375 0.0109375
2 0.7109375 0.7078125 0.028125 0.0734375
0 0.7125 0.6796875 0.0109375 0.0109375
2 0.696875 0.7203125 0.0234375 0.090625
0 0.696875 0.684375 0.0125 0.0140625
2 0.6765625 0.725 0.028125 0.08125
0 0.678125 0.69375 0.0109375 0.0109375
2 0.6546875 0.7203125 0.0234375 0.0890625
0 0.65625 0.684375 0.0140625 0.0140625
2 0.6375 0.7171875 0.034375 0.1015625
0 0.6390625 0.6734375 0.0109375 0.0109375
2 0.6078125 0.7171875 0.028125 0.0921875
0 0.6109375 0.6796875 0.0140625 0.0140625
2 0.6203125 0.7140625 0.0296875 0.0953125
0 0.621875 0.675 0.0109375 0.0125
2 0.9703125 0.7015625 0.0234375 0.046875
0 0.9734375 0.684375 0.0078125 0.0078125