0 0.8703125 0.7625 0.0125 0.0125
2 0.621875 0.60625 0.025 0.09375
0 0.621875 0.60625 0.025 0.09375
2 0.603125 0.78125 0.0140625 0.0296875
0 0.6 0.76875 0.0046875 0.0046875
2 0.590625 0.78125 0.0109375 0.03125
0 0.590625 0.76875 0.0046875 0.0046875
2 0.575 0.7828125 0.0125 0.0296875
0 0.5734375 0.7703125 0.0046875 0.0046875
2 0.5640625 0.7828125 0.009375 0.0296875
0 0.5640625 0.7703125 0.0046875 0.0046875
2 0.559375 0.7828125 0.009375 0.03125
0 0.559375 0.7703125 0.0046875 0.0046875
2 0.5484375 0.7796875 0.0125 0.034375
0 0.5453125 0.765625 0.003125 0.003125
2 0.5359375 0.778125 0.0109375 0.034375
0 0.5359375 0.765625 0.0046875 0.0046875
2 0.546875 0.778125 0.009375 0.0296875
0 0.5453125 0.765625 0.0046875 0.0046875
2 0.5125 0.778125 0.009375 0.028125
0 0.5125 0.7671875 0.003125 0.0046875
2 0.484375 0.78125 0.0109375 0.0328125
0 0.4859375 0.76875 0.0046875 0.0046875
2 0.4921875 0.78125 0.009375 0.03125
0 0.49375 0.76875 0.0046875 0.00625
2 0.471875 0.78125 0.0109375 0.0328125
0 0.471875 0.76875 0.003125 0.003125
2 0.4609375 0.78125 0.0125 0.0296875
0 0.4609375 0.76875 0.0046875 0.0046875
2 0.44375 0.7796875 0.009375 0.0296875
0 0.4421875 0.7671875 0.0046875 0.0046875
2 0.434375 0.7796875 0.009375 0.034375
0 0.434375 0.765625 0.0046875 0.003125
2 0.415625 0.778125 0.009375 0.0328125
0 0.4171875 0.765625 0.0046875 0.003125
2 0.4046875 0.7765625 0.009375 0.03125
0 0.4046875 0.7640625 0.003125 0.0046875
2 0.39375 0.778125 0.0125 0.0375
0 0.39375 0.7625 0.0046875 0.00625
2 0.3796875 0.7796875 0.009375 0.034375
0 0.3796875 0.765625 0.0046875 0.0046875
2 0.365625 0.775 0.00625 0.0328125
0 0.3671875 0.7625 0.0046875 0.0046875
2 0.35 0.778125 0.0109375 0.0390625
0 0.353125 0.7625 0.003125 0.0046875
2 0.3328125 0.778125 0.0140625 0.0359375
0 0.334375 0.7671875 0.0046875 0.00625
2 0.3171875 0.7796875 0.01875 0.0375
0 0.3171875 0.7640625 0.0046875 0.00625
2 0.275 0.778125 0.015625 0.034375
0 0.2765625 0.765625 0.003125 0.0046875
2 0.2625 0.778125 0.009375 0.0296875
0 0.2640625 0.7671875 0.00625 0.00625
2 0.2578125 0.775 0.009375 0.0375
0 0.2609375 0.759375 0.00625 0.00625
2 0.246875 0.775 0.0171875 0.040625
0 0.25 0.759375 0.00625 0.00625
2 0.2140625 0.7765625 0.009375 0.028125
0 0.2140625 0.7640625 0.003125 0.003125
2 0.1828125 0.771875 0.0125 0.0375
0 0.184375 0.75625 0.0046875 0.00625
2 0.190625 0.775 0.0109375 0.0328125
0 0.190625 0.7609375 0.0046875 0.0046875
2 0.140625 0.7703125 0.0109375 0.028125
0 0.1421875 0.759375 0.003125 0.0046875
2 0.1265625 0.7703125 0.00625 0.028125
0 0.1265625 0.759375 0.003125 0.0046875
2 0.1125 0.771875 0.0125 0.0390625
0 0.1140625 0.7546875 0.0046875 0.0046875
2 0.1015625 0.771875 0.0140625 0.040625
0 0.1046875 0.7578125 0.0046875 0.00625
2 0.0828125 0.771875 0.015625 0.0390625
0 0.0875 0.75625 0.00625 0.00625
2 0.0640625 0.7671875 0.009375 0.0234375
0 0.0671875 0.7578125 0.003125 0.003125
2 0.05 0.7734375 0.0125 0.0390625
0 0.053125 0.7578125 0.00625 0.00625
2 0.01875 0.7796875 0.028125 0.046875
0 0.025 0.7609375 0.00625 0.00625
2 0.040625 0.76875 0.0125 0.028125
0 0.04375 0.7578125 0.003125 0.0046875
2 0.609375 0.415625 0.028125 0.075
0 0.609375 0.415625 0.028125 0.075
2 0.11875 0.7703125 0.0125 0.03125
0 0.1203125 0.7578125 0.003125 0.0046875