2 0.93125 0.559375 0.0921875 0.296875
0 0.9328125 0.4390625 0.0390625 0.04375
2 0.871875 0.53125 0.0890625 0.2890625
0 0.871875 0.409375 0.034375 0.0453125
2 0.946875 0.5171875 0.08125 0.2921875
0 0.934375 0.3921875 0.0265625 0.0296875
2 0.8921875 0.5 0.046875 0.265625
0 0.8953125 0.3921875 0.0265625 0.0296875
2 0.8390625 0.4875 0.0546875 0.1890625
0 0.8453125 0.41875 0.021875 0.028125
2 0.790625 0.46875 0.0640625 0.259375
0 0.7890625 0.3640625 0.028125 0.0328125
2 0.721875 0.5640625 0.171875 0.478125
0 0.740625 0.3609375 0.0546875 0.0578125
2 0.73125 0.49375 0.059375 0.2484375
0 0.7234375 0.39375 0.028125 0.0328125
2 0.6984375 0.484375 0.04375 0.2203125
0 0.6984375 0.4015625 0.0234375 0.025
2 0.653125 0.4875 0.0546875 0.209375
0 0.6546875 0.4015625 0.0234375 0.0296875
2 0.703125 0.4734375 0.0375 0.190625
0 0.7 0.4015625 0.0265625 0.034375
2 0.671875 0.48125 0.0265625 0.1640625
0 0.671875 0.4140625 0.01875 0.021875
2 0.66875 0.4671875 0.028125 0.1671875
0 0.6703125 0.3953125 0.01875 0.021875
2 0.64375 0.4828125 0.03125 0.1765625
0 0.640625 0.4140625 0.01875 0.0265625
2 0.6359375 0.4703125 0.021875 0.1765625
0 0.634375 0.390625 0.0140625 0.0140625
2 0.6296875 0.484375 0.0453125 0.1921875
0 0.621875 0.4046875 0.021875 0.028125
2 0.6109375 0.48125 0.0328125 0.175
0 0.609375 0.409375 0.01875 0.0234375
2 0.6 0.4828125 0.0421875 0.2015625
0 0.5953125 0.3984375 0.021875 0.028125
2 0.584375 0.50625 0.0640625 0.2359375
0 0.5828125 0.4078125 0.028125 0.0328125
2 0.5625 0.48125 0.0390625 0.1921875
0 0.5625 0.4 0.0203125 0.0265625
2 0.5765625 0.46875 0.0359375 0.178125
0 0.5734375 0.39375 0.015625 0.0203125
2 0.546875 0.4734375 0.0375 0.190625
0 0.5484375 0.396875 0.01875 0.0265625
2 0.5328125 0.4890625 0.059375 0.2234375
0 0.5328125 0.396875 0.0234375 0.0328125
2 0.5015625 0.5015625 0.0546875 0.228125
0 0.5015625 0.4078125 0.0234375 0.03125
2 0.5171875 0.478125 0.0484375 0.1859375
0 0.5140625 0.3984375 0.01875 0.021875
2 0.484375 0.4921875 0.0515625 0.203125
0 0.4828125 0.4046875 0.021875 0.028125
2 0.4828125 0.4703125 0.053125 0.1875
0 0.484375 0.39375 0.0203125 0.021875
2 0.4515625 0.490625 0.0625 0.18125
0 0.4453125 0.415625 0.0109375 0.015625
2 0.440625 0.5 0.0703125 0.2453125
0 0.4359375 0.3984375 0.028125 0.034375
2 0.4296875 0.4984375 0.059375 0.20625
0 0.4234375 0.4109375 0.0234375 0.0265625
2 0.415625 0.4859375 0.0671875 0.21875
0 0.4125 0.3921875 0.021875 0.0265625
2 0.3890625 0.4875 0.0390625 0.1765625
0 0.3859375 0.4125 0.01875 0.021875
2 0.384375 0.49375 0.0546875 0.2265625
0 0.3765625 0.4 0.0234375 0.0328125
2 0.375 0.5015625 0.0890625 0.259375
0 0.3625 0.3921875 0.0265625 0.0359375
2 0.3421875 0.484375 0.0359375 0.1875
0 0.3390625 0.40625 0.01875 0.0265625
2 0.346875 0.4890625 0.040625 0.1703125
0 0.340625 0.4203125 0.021875 0.0234375
2 0.3265625 0.484375 0.04375 0.209375
0 0.3203125 0.396875 0.0234375 0.03125
2 0.3125 0.4953125 0.053125 0.2203125
0 0.3046875 0.4046875 0.0171875 0.0265625
2 0.29375 0.5 0.084375 0.2703125
0 0.2921875 0.3875 0.03125 0.040625
2 0.2859375 0.490625 0.0359375 0.209375
0 0.28125 0.4015625 0.0171875 0.0203125
2 0.2640625 0.4890625 0.040625 0.20625
0 0.2609375 0.4078125 0.025 0.028125
2 0.2484375 0.4984375 0.0484375 0.23125
0 0.240625 0.3984375 0.0296875 0.0296875
2 0.209375 0.4953125 0.09375 0.2875
0 0.203125 0.3703125 0.03125 0.0359375
2 0.203125 0.4859375 0.0609375 0.2328125
0 0.19375 0.3859375 0.0265625 0.0265625
2 0.1421875 0.5171875 0.1203125 0.315625
0 0.1375 0.384375 0.0390625 0.04375
2 0.040625 0.5640625 0.0796875 0.31875
0 0.0203125 0.43203125 0.040625 0.0515625
2 0.0421875 0.515625 0.0828125 0.33125
0 0.0203125 0.38203125 0.040625 0.0515625