2 0.0953125 0.3296875 0.0421875 0.125
0 0.1078125 0.2796875 0.0171875 0.0171875
2 0.140625 0.334375 0.0390625 0.1125
0 0.1421875 0.2921875 0.0125 0.015625
2 0.24375 0.5109375 0.175 0.5265625
0 0.259375 0.2890625 0.05625 0.075
2 0.346875 0.5171875 0.134375 0.4390625
0 0.3640625 0.3390625 0.05 0.053125
2 0.34375 0.575 0.1234375 0.3796875
0 0.3578125 0.421875 0.05625 0.0640625
2 0.4203125 0.609375 0.125 0.2
0 0.4078125 0.5375 0.0625 0.046875
2 0.4015625 0.459375 0.1 0.4203125
0 0.40625 0.2875 0.0515625 0.05625
2 0.4578125 0.5265625 0.1296875 0.4515625
0 0.4578125 0.3375 0.05 0.06875
2 0.5484375 0.5453125 0.140625 0.425
0 0.5578125 0.3828125 0.05 0.0640625
2 0.5203125 0.484375 0.2703125 0.5078125
0 0.55625 0.26875 0.05625 0.0640625
2 0.671875 0.5140625 0.2296875 0.459375
0 0.6796875 0.3234375 0.05 0.0671875
2 0.7546875 0.5484375 0.1296875 0.40625
0 0.71875 0.3796875 0.046875 0.0625