2 0.775 0.5890625 0.1625 0.3359375
0 0.7859375 0.4453125 0.0359375 0.0453125
2 0.759375 0.53125 0.0921875 0.2046875
0 0.7765625 0.446875 0.0203125 0.0203125
2 0.68125 0.5671875 0.09375 0.246875
0 0.6640625 0.4640625 0.028125 0.0328125
2 0.5953125 0.5578125 0.090625 0.2671875
0 0.603125 0.4453125 0.0296875 0.0359375
2 0.4890625 0.578125 0.0890625 0.284375
0 0.4828125 0.4578125 0.03125 0.0390625
2 0.30625 0.5296875 0.08125 0.209375
0 0.2984375 0.440625 0.0203125 0.025
2 0.2203125 0.51875 0.1 0.20625
0 0.221875 0.43125 0.025 0.0265625
2 0.159375 0.50625 0.0625 0.121875
0 0.165625 0.4546875 0.0171875 0.0171875
2 0.134375 0.49375 0.0328125 0.103125
0 0.134375 0.453125 0.0125 0.0125
2 0.0265625 0.496875 0.0484375 0.1296875
0 0.0359375 0.44375 0.015625 0.0203125
2 0.0515625 0.490625 0.0375 0.1109375
0 0.0546875 0.44375 0.015625 0.0171875
2 0.078125 0.4875 0.0375 0.1078125
0 0.08125 0.4421875 0.0140625 0.015625
2 0.0859375 0.5 0.0484375 0.13125
0 0.0875 0.44375 0.0171875 0.015625
2 0.0921875 0.5046875 0.0515625 0.1296875
0 0.090625 0.4484375 0.0140625 0.0140625
2 0.1046875 0.49375 0.0375 0.1
0 0.103125 0.453125 0.0109375 0.0140625