2 0.0140625 0.3859375 0.0265625 0.1109375
0 0.009375 0.3421875 0.0171875 0.01875
2 0.0609375 0.384375 0.0453125 0.1375
0 0.0625 0.3265625 0.0171875 0.01875
2 0.396875 0.371875 0.0296875 0.0703125
0 0.39375 0.34375 0.0078125 0.0109375
2 0.7 0.3703125 0.009375 0.028125
0 0.7 0.3609375 0.0046875 0.0046875
2 0.7046875 0.36875 0.0078125 0.0265625
0 0.7046875 0.359375 0.003125 0.0046875
2 0.7203125 0.3703125 0.0109375 0.0296875
0 0.7203125 0.359375 0.0046875 0.0046875
2 0.7265625 0.3703125 0.009375 0.025
0 0.728125 0.3609375 0.0046875 0.0046875
2 0.9640625 0.384375 0.0546875 0.090625
0 0.9703125 0.3484375 0.0140625 0.0140625