2 0.928125 0.5140625 0.1078125 0.3046875
0 0.915625 0.3859375 0.0421875 0.04375
2 0.875 0.5234375 0.096875 0.2953125
0 0.8671875 0.3984375 0.034375 0.04375
2 0.8109375 0.521875 0.0875 0.30625
0 0.8078125 0.3921875 0.0359375 0.040625
2 0.7609375 0.525 0.0765625 0.284375
0 0.7609375 0.4046875 0.0328125 0.0390625
2 0.740625 0.5046875 0.0890625 0.2984375
0 0.7359375 0.3796875 0.034375 0.034375
2 0.7078125 0.525 0.0734375 0.2765625
0 0.7109375 0.409375 0.0328125 0.0421875
2 0.6671875 0.50625 0.08125 0.2890625
0 0.665625 0.38125 0.03125 0.034375
2 0.659375 0.5296875 0.084375 0.2953125
0 0.6578125 0.40625 0.028125 0.0390625
2 0.6171875 0.5171875 0.065625 0.2859375
0 0.6140625 0.39375 0.0328125 0.0359375
2 0.5890625 0.528125 0.0859375 0.3015625
0 0.5828125 0.4046875 0.034375 0.0453125
2 0.54375 0.5171875 0.08125 0.2921875
0 0.5453125 0.3953125 0.0265625 0.0390625
2 0.534375 0.51875 0.09375 0.3078125
0 0.5265625 0.390625 0.034375 0.04375
2 0.475 0.5328125 0.0859375 0.29375
0 0.475 0.4078125 0.0265625 0.0390625
2 0.45 0.53125 0.090625 0.3140625
0 0.4484375 0.3984375 0.0328125 0.040625
2 0.4078125 0.528125 0.0734375 0.3109375
0 0.4078125 0.4 0.0328125 0.04375
2 0.378125 0.528125 0.1078125 0.33125
0 0.371875 0.3890625 0.0375 0.04375
2 0.3171875 0.5203125 0.1015625 0.3359375
0 0.3171875 0.3796875 0.0375 0.0453125
2 0.2671875 0.53125 0.096875 0.3390625
0 0.265625 0.3953125 0.0390625 0.046875
2 0.2203125 0.534375 0.0859375 0.315625
0 0.221875 0.4015625 0.0359375 0.0421875
2 0.19375 0.55 0.0921875 0.3140625
0 0.19375 0.421875 0.0359375 0.0484375
2 0.1375 0.5453125 0.0765625 0.3046875
0 0.1375 0.4140625 0.0359375 0.0421875
2 0.1 0.5421875 0.1109375 0.3515625
0 0.1 0.396875 0.04375 0.05