2 0.0703125 0.68125 0.140625 0.246875
0 0.078125 0.5765625 0.0390625 0.040625
2 0.0359375 0.58125 0.0328125 0.0578125
0 0.0375 0.5578125 0.0078125 0.0078125
2 0.06875 0.653125 0.1015625 0.2
0 0.078125 0.575 0.0375 0.040625
2 0.0890625 0.5875 0.025 0.0671875
0 0.09375 0.5609375 0.009375 0.0125
2 0.1390625 0.5828125 0.034375 0.0578125
0 0.1421875 0.5609375 0.0078125 0.0078125
2 0.1453125 0.6328125 0.065625 0.15
0 0.15625 0.571875 0.01875 0.0234375
2 0.171875 0.7046875 0.1796875 0.315625
0 0.1984375 0.5703125 0.0390625 0.0453125
2 0.2265625 0.5828125 0.0296875 0.0515625
0 0.234375 0.5625 0.00625 0.0078125
2 0.2375 0.5578125 0.0109375 0.0328125
0 0.2390625 0.546875 0.003125 0.0046875
2 0.2484375 0.559375 0.0109375 0.03125
0 0.246875 0.546875 0.003125 0.0046875
2 0.2796875 0.5890625 0.0234375 0.05
0 0.2796875 0.56875 0.0078125 0.0078125
2 0.28125 0.5859375 0.0328125 0.0578125
0 0.2890625 0.5609375 0.0078125 0.009375
2 0.2984375 0.5625 0.0125 0.0359375
0 0.3015625 0.5484375 0.0046875 0.0046875
2 0.3046875 0.5640625 0.0140625 0.0328125
0 0.30625 0.55 0.0046875 0.0046875
2 0.328125 0.5609375 0.0109375 0.028125
0 0.3296875 0.55 0.0046875 0.0046875
2 0.3546875 0.5640625 0.0109375 0.028125
0 0.3515625 0.553125 0.003125 0.003125
2 0.3640625 0.5625 0.0109375 0.0296875
0 0.3640625 0.55 0.003125 0.003125
2 0.3796875 0.5625 0.0125 0.028125
0 0.3796875 0.55 0.003125 0.003125
2 0.3109375 0.65625 0.1015625 0.1984375
0 0.3203125 0.5765625 0.028125 0.03125
2 0.3703125 0.6640625 0.0796875 0.178125
0 0.39375 0.5921875 0.025 0.034375
2 0.4515625 0.69375 0.1203125 0.246875
0 0.4421875 0.590625 0.0296875 0.0359375
2 0.496875 0.6375 0.0671875 0.134375
0 0.49375 0.5828125 0.0171875 0.021875
2 0.63125 0.671875 0.1078125 0.1953125
0 0.6359375 0.5875 0.0296875 0.0296875
2 0.46875 0.584375 0.0171875 0.0484375
0 0.4703125 0.5640625 0.0046875 0.0078125
2 0.371875 0.584375 0.01875 0.05
0 0.378125 0.5640625 0.009375 0.009375
2 0.3765625 0.584375 0.0140625 0.05
0 0.3796875 0.565625 0.00625 0.0078125
2 0.3359375 0.6 0.01875 0.078125
0 0.3359375 0.56875 0.0109375 0.0140625
2 0.7953125 0.5984375 0.0375 0.065625
0 0.8015625 0.5703125 0.0109375 0.009375
2 0.8515625 0.59375 0.0203125 0.0515625
0 0.85 0.5734375 0.0078125 0.0078125
2 0.8953125 0.5890625 0.015625 0.0234375
0 0.8953125 0.58125 0.003125 0.0046875
2 0.95 0.5921875 0.025 0.046875
0 0.9421875 0.5734375 0.0078125 0.0078125
2 0.5203125 0.6046875 0.03125 0.0734375
0 0.5140625 0.5765625 0.0109375 0.0125
2 0.528125 0.5921875 0.021875 0.059375
0 0.5265625 0.56875 0.0078125 0.0078125
2 0.54375 0.590625 0.021875 0.0515625
0 0.5421875 0.5703125 0.0078125 0.0078125
2 0.1515625 0.5828125 0.01875 0.053125
0 0.153125 0.5609375 0.00625 0.0078125