2 0.8703125 0.3890625 0.0421875 0.1421875
0 0.8609375 0.33125 0.015625 0.0203125
2 0.8015625 0.39375 0.0453125 0.153125
0 0.8 0.3328125 0.0203125 0.0234375
2 0.753125 0.396875 0.059375 0.16875
0 0.753125 0.3265625 0.0203125 0.021875
2 0.9109375 0.4953125 0.0953125 0.178125
0 0.915625 0.4359375 0.046875 0.0515625
0 0.95 0.4546875 0.05625 0.05625
0 0.959375 0.5265625 0.06875 0.084375
2 0.8 0.64375 0.2046875 0.3828125
0 0.7921875 0.490625 0.0609375 0.071875
2 0.7359375 0.60625 0.10625 0.2796875
0 0.746875 0.4984375 0.0546875 0.05625
2 0.9328125 0.5953125 0.1203125 0.2765625
0 0.94375 0.4796875 0.0296875 0.0390625
2 0.4109375 0.6359375 0.1453125 0.475
0 0.425 0.45625 0.0578125 0.0734375
2 0.340625 0.5765625 0.1546875 0.3171875
0 0.36875 0.45625 0.0625 0.071875
2 0.2359375 0.6328125 0.1953125 0.3734375
0 0.215625 0.490625 0.0703125 0.071875
0 0.040625 0.24375 0.0796875 0.18125
2 0.225 0.48125 0.1046875 0.3140625
0 0.23125 0.353125 0.0453125 0.046875
2 0.3359375 0.4828125 0.1125 0.3609375
0 0.3296875 0.3359375 0.0484375 0.059375
2 0.4484375 0.3890625 0.04375 0.1265625
0 0.45625 0.3359375 0.01875 0.01875
2 0.48125 0.484375 0.08125 0.303125
0 0.4796875 0.3578125 0.0375 0.046875
2 0.61875 0.4 0.0609375 0.1703125
0 0.61875 0.3296875 0.0203125 0.0234375
2 0.59375 0.3953125 0.0453125 0.15
0 0.59375 0.33125 0.0171875 0.0171875
2 0.5625 0.4171875 0.04375 0.1296875
0 0.5609375 0.365625 0.0171875 0.01875
2 0.515625 0.48125 0.1015625 0.19375
0 0.515625 0.40625 0.028125 0.034375
2 0.5328125 0.465625 0.0765625 0.1796875
0 0.5328125 0.4015625 0.0328125 0.0453125
2 0.8515625 0.446875 0.0796875 0.1234375
0 0.8625 0.409375 0.03125 0.0375