2 0.1234375 0.546875 0.1 0.315625
0 0.1390625 0.415625 0.0359375 0.04375
2 0.196875 0.546875 0.121875 0.2828125
0 0.2 0.4359375 0.0359375 0.0453125
2 0.2625 0.5359375 0.0953125 0.296875
0 0.2609375 0.4109375 0.0328125 0.046875
2 0.2953125 0.5390625 0.1265625 0.2859375
0 0.30625 0.421875 0.0328125 0.0484375
2 0.3921875 0.5328125 0.11875 0.2921875
0 0.3734375 0.4109375 0.034375 0.0421875
2 0.446875 0.5359375 0.1296875 0.275
0 0.4484375 0.428125 0.0328125 0.0453125
2 0.5078125 0.5265625 0.0890625 0.2859375
0 0.50625 0.409375 0.0296875 0.040625
2 0.5828125 0.5296875 0.0921875 0.275
0 0.5828125 0.4171875 0.0296875 0.0359375
2 0.6578125 0.5296875 0.09375 0.290625
0 0.653125 0.40625 0.0296875 0.040625
2 0.715625 0.5234375 0.0984375 0.26875
0 0.7140625 0.4125 0.0328125 0.0375
2 0.7625 0.5125 0.0953125 0.265625
0 0.76875 0.4015625 0.0328125 0.040625
2 0.840625 0.5421875 0.0890625 0.2328125
0 0.8265625 0.4484375 0.0296875 0.0390625
2 0.86875 0.5078125 0.096875 0.2765625
0 0.865625 0.390625 0.03125 0.040625