2 0.0453125 0.38359375 0.090625 0.5203125
0 0.015625 0.140625 0.03125 0.0296875
2 0.303125 0.2484375 0.0359375 0.0953125
0 0.3015625 0.2109375 0.0140625 0.0140625
2 0.4171875 0.271875 0.08125 0.1890625
0 0.403125 0.2015625 0.0234375 0.028125
2 0.4984375 0.2609375 0.046875 0.1984375
0 0.496875 0.184375 0.0234375 0.0265625
2 0.5421875 0.2546875 0.0765625 0.2421875
0 0.5421875 0.15625 0.0359375 0.0390625
2 0.553125 0.290625 0.1390625 0.3296875
0 0.5703125 0.159375 0.0421875 0.0484375
2 0.63125 0.2984375 0.0484375 0.1296875
0 0.63125 0.2546875 0.0203125 0.021875
2 0.68125 0.259375 0.0796875 0.2171875
0 0.6765625 0.171875 0.0234375 0.0328125
2 0.728125 0.2625 0.046875 0.184375
0 0.7265625 0.190625 0.0203125 0.0265625
2 0.7453125 0.259375 0.0515625 0.209375
0 0.7453125 0.175 0.0234375 0.0296875
2 0.7625 0.215625 0.05 0.096875
0 0.7734375 0.1828125 0.025 0.0265625
2 0.775 0.2546875 0.059375 0.2375
0 0.7765625 0.1609375 0.0296875 0.0265625
2 0.84375 0.253125 0.0734375 0.2296875
0 0.834375 0.1640625 0.0390625 0.0375
2 0.828125 0.2640625 0.0859375 0.2359375
0 0.8375 0.1703125 0.028125 0.0265625