2 0.3171875 0.590625 0.225 0.49375
0 0.3265625 0.3921875 0.0609375 0.090625
2 0.321875 0.4125 0.134375 0.3890625
0 0.3125 0.25 0.0390625 0.0578125
2 0.796875 0.5078125 0.134375 0.434375
0 0.803125 0.33125 0.05 0.06875
2 0.9125 0.4453125 0.15625 0.4234375
0 0.903125 0.259375 0.040625 0.0421875
2 0.1390625 0.3171875 0.134375 0.2921875
0 0.125 0.1984375 0.0328125 0.04375
2 0.146875 0.2765625 0.0921875 0.2671875
0 0.1421875 0.16875 0.0328125 0.040625
2 0.26875 0.28125 0.096875 0.2890625
0 0.2578125 0.1625 0.03125 0.0375
2 0.4 0.2078125 0.0828125 0.2046875
0 0.4078125 0.121875 0.021875 0.025
2 0.6921875 0.3546875 0.159375 0.315625
0 0.678125 0.215625 0.0390625 0.0359375
2 0.7390625 0.3234375 0.0921875 0.3078125
0 0.7359375 0.1984375 0.0359375 0.046875
2 0.490625 0.190625 0.0625 0.15625
0 0.5 0.125 0.01875 0.01875
2 0.5515625 0.21875 0.065625 0.2046875
0 0.559375 0.134375 0.028125 0.0296875
2 0.615625 0.2375 0.065625 0.2265625
0 0.61875 0.1453125 0.0265625 0.03125
2 0.5125 0.196875 0.0640625 0.175
0 0.5203125 0.121875 0.021875 0.021875
2 0.5921875 0.23125 0.0734375 0.2015625
0 0.609375 0.1484375 0.025 0.028125
2 0.6078125 0.20625 0.071875 0.1984375
0 0.6203125 0.121875 0.0265625 0.028125
2 0.634375 0.6625 0.14375 0.2875
0 0.6390625 0.5546875 0.0546875 0.0578125
2 0.8546875 0.290625 0.115625 0.2390625
0 0.871875 0.19375 0.034375 0.0375
2 0.725 0.2109375 0.0640625 0.1875
0 0.7296875 0.13125 0.0234375 0.0234375
2 0.7609375 0.2234375 0.08125 0.221875
0 0.7609375 0.1328125 0.028125 0.0265625
2 0.7953125 0.2 0.0546875 0.1625
0 0.796875 0.1328125 0.01875 0.021875
2 0.8203125 0.1703125 0.046875 0.140625
0 0.8203125 0.1125 0.0140625 0.015625
2 0.853125 0.1859375 0.0453125 0.1609375
0 0.8671875 0.1203125 0.021875 0.0234375
2 0.884375 0.1890625 0.0546875 0.15625
0 0.8875 0.128125 0.0203125 0.021875
2 0.9265625 0.1890625 0.059375 0.1671875
0 0.9296875 0.1203125 0.01875 0.0234375
2 0.9359375 0.1671875 0.0546875 0.140625
0 0.9390625 0.1078125 0.01875 0.0203125
2 0.740625 0.1421875 0.040625 0.1125
0 0.7390625 0.096875 0.0140625 0.015625