2 0.0140625 0.640625 0.028125 0.109375
0 0.0109375 0.596875 0.0171875 0.015625
2 0.0359375 0.634375 0.021875 0.0796875
0 0.040625 0.603125 0.0140625 0.0140625
2 0.071875 0.634375 0.06875 0.1234375
0 0.06875 0.5828125 0.0140625 0.0140625
2 0.08125 0.6328125 0.0515625 0.1296875
0 0.0859375 0.5796875 0.0203125 0.0203125
2 0.109375 0.628125 0.0328125 0.1046875
0 0.10625 0.5859375 0.0125 0.0140625
2 0.1375 0.6265625 0.0546875 0.13125
0 0.125 0.5734375 0.015625 0.0171875
2 0.1546875 0.6265625 0.0234375 0.071875
0 0.15 0.6 0.0125 0.0140625
2 0.1859375 0.6234375 0.028125 0.0765625
0 0.18125 0.5953125 0.009375 0.0140625
2 0.1984375 0.621875 0.028125 0.078125
0 0.2 0.590625 0.0109375 0.0109375
2 0.203125 0.6171875 0.0296875 0.084375
0 0.203125 0.584375 0.009375 0.0125
2 0.2328125 0.61875 0.03125 0.08125
0 0.2265625 0.5828125 0.009375 0.009375
2 0.25625 0.6140625 0.0296875 0.0765625
0 0.253125 0.5828125 0.009375 0.009375
2 0.2953125 0.6171875 0.084375 0.1421875
0 0.28125 0.55625 0.01875 0.0203125
2 0.303125 0.609375 0.0359375 0.0890625
0 0.2984375 0.571875 0.0125 0.0109375
2 0.328125 0.60625 0.0328125 0.0890625
0 0.321875 0.571875 0.0125 0.0125
2 0.36875 0.6328125 0.1 0.21875
0 0.3515625 0.54375 0.025 0.028125
2 0.4046875 0.6046875 0.0359375 0.078125
0 0.3984375 0.5734375 0.0078125 0.0109375
2 0.45 0.6015625 0.03125 0.065625
0 0.44375 0.578125 0.0078125 0.0078125
2 0.5078125 0.590625 0.0265625 0.0828125
0 0.5015625 0.55625 0.0109375 0.0125
2 0.55625 0.5984375 0.071875 0.1671875
0 0.534375 0.5328125 0.0234375 0.021875
2 0.5828125 0.5890625 0.0390625 0.1046875
0 0.5828125 0.546875 0.0125 0.0125
2 0.5984375 0.5828125 0.03125 0.1015625
0 0.596875 0.5421875 0.0171875 0.015625
2 0.6203125 0.5875 0.040625 0.1015625
0 0.615625 0.5484375 0.0125 0.015625
2 0.6375 0.584375 0.040625 0.1015625
0 0.6328125 0.54375 0.0125 0.015625
2 0.65625 0.5796875 0.04375 0.1125
0 0.653125 0.534375 0.0125 0.015625
2 0.6921875 0.5828125 0.034375 0.1
0 0.6890625 0.540625 0.0125 0.0140625
2 0.7328125 0.59375 0.1109375 0.26875
0 0.6984375 0.48125 0.03125 0.0390625
2 0.7671875 0.59375 0.1015625 0.2328125
0 0.784375 0.496875 0.021875 0.021875
2 0.7828125 0.5828125 0.1 0.2359375
0 0.7609375 0.4828125 0.0328125 0.0328125
2 0.7953125 0.5796875 0.096875 0.2203125
0 0.7796875 0.5 0.0203125 0.0203125
2 0.8046875 0.5765625 0.0984375 0.1921875
0 0.78125 0.4953125 0.0203125 0.021875
2 0.8234375 0.571875 0.0359375 0.1140625
0 0.825 0.534375 0.0140625 0.015625
2 0.8328125 0.5796875 0.046875 0.10625
0 0.821875 0.534375 0.0140625 0.01875
2 0.8453125 0.5734375 0.053125 0.115625
0 0.834375 0.525 0.0140625 0.0140625
2 0.878125 0.575 0.05 0.109375
0 0.865625 0.5296875 0.0140625 0.0171875
2 0.890625 0.571875 0.046875 0.1109375
0 0.8828125 0.528125 0.0125 0.015625
2 0.90625 0.5609375 0.0453125 0.115625
0 0.903125 0.5140625 0.0125 0.0171875
2 0.9421875 0.565625 0.059375 0.11875
0 0.9265625 0.51875 0.0203125 0.0171875
2 0.9515625 0.55625 0.0390625 0.1234375
0 0.95 0.5078125 0.0171875 0.01875
0 0.975 0.5140625 0.0171875 0.0171875
0 0.9890625 0.5 0.015625 0.01875