2 0.7625 0.55625 0.05 0.2046875
0 0.75625 0.471875 0.021875 0.028125
2 0.6703125 0.5453125 0.0625 0.171875
0 0.6609375 0.475 0.0203125 0.025
2 0.634375 0.5546875 0.0609375 0.1671875
0 0.63125 0.4875 0.021875 0.0265625
2 0.60625 0.5546875 0.071875 0.18125
0 0.5953125 0.4796875 0.025 0.028125
2 0.5703125 0.55625 0.06875 0.2
0 0.565625 0.471875 0.0234375 0.028125
2 0.534375 0.5609375 0.09375 0.2171875
0 0.5234375 0.471875 0.03125 0.0328125
2 0.15625 0.521875 0.10625 0.234375
0 0.153125 0.4671875 0.0265625 0.0265625
2 0.0109375 0.5421875 0.021875 0.059375
0 0.0140625 0.51875 0.0078125 0.009375
2 0.0375 0.54375 0.0359375 0.0515625
0 0.03125 0.525 0.009375 0.009375
2 0.0828125 0.55625 0.01875 0.0265625
0 0.0828125 0.55625 0.01875 0.0265625
2 0.0984375 0.5453125 0.0234375 0.0453125
0 0.1 0.528125 0.0078125 0.0078125
2 0.2234375 0.5375 0.0546875 0.1828125
0 0.228125 0.459375 0.0234375 0.021875
2 0.2421875 0.540625 0.0796875 0.209375
0 0.25 0.453125 0.021875 0.0234375
2 0.2828125 0.54375 0.0546875 0.1546875
0 0.2765625 0.4796875 0.01875 0.0171875
2 0.325 0.5359375 0.0453125 0.1578125
0 0.3265625 0.4703125 0.0171875 0.0171875
2 0.365625 0.515625 0.06875 0.18125
0 0.3578125 0.475 0.0171875 0.0171875
2 0.3828125 0.5546875 0.0671875 0.2046875
0 0.3734375 0.4734375 0.025 0.0265625
2 0.425 0.5546875 0.059375 0.18125
0 0.415625 0.478125 0.021875 0.025
2 0.4625 0.54375 0.059375 0.18125
0 0.4546875 0.46875 0.0234375 0.0265625
2 0.5015625 0.54375 0.065625 0.1640625
0 0.490625 0.4765625 0.0203125 0.021875
2 0.725 0.534375 0.0265625 0.0875
0 0.7296875 0.5 0.0109375 0.0140625
2 0.70625 0.5359375 0.0359375 0.0875
0 0.7078125 0.4984375 0.0125 0.0140625
2 0.9765625 0.5375 0.0390625 0.0953125
0 0.9765625 0.496875 0.015625 0.015625
0 0.9875 0.496875 0.0109375 0.015625
2 0.9484375 0.534375 0.03125 0.0953125
0 0.95 0.4953125 0.0125 0.015625
2 0.946875 0.525 0.034375 0.0875
0 0.95 0.4953125 0.0125 0.0171875
2 0.915625 0.525 0.025 0.0875
0 0.9171875 0.490625 0.0125 0.0125
2 0.90625 0.525 0.0359375 0.1
0 0.915625 0.4828125 0.015625 0.0140625
2 0.8828125 0.5265625 0.0265625 0.084375
0 0.8796875 0.49375 0.0140625 0.0140625
2 0.8578125 0.53125 0.03125 0.078125
0 0.8578125 0.5 0.0125 0.0125
2 0.8625 0.525 0.025 0.078125
0 0.865625 0.4921875 0.009375 0.0109375