0 0.1203125 0.4453125 0.1078125 0.14375
2 0.053125 0.5859375 0.10625 0.5703125
0 0.0203125 0.3640625 0.040625 0.096875
0 0.371875 0.3328125 0.0921875 0.1265625
2 0.3078125 0.503125 0.1828125 0.5125
0 0.3015625 0.296875 0.0609375 0.0796875
2 0.3109375 0.5609375 0.2046875 0.5390625
0 0.321875 0.34375 0.0796875 0.0921875
2 0.45625 0.6015625 0.178125 0.546875
0 0.475 0.371875 0.075 0.096875
2 0.50625 0.50625 0.171875 0.484375
0 0.51875 0.315625 0.065625 0.0921875
0 0.5953125 0.446875 0.0796875 0.1109375
0 0.765625 0.50625 0.10625 0.1265625
2 0.6640625 0.578125 0.18125 0.4921875
0 0.675 0.3890625 0.071875 0.096875
0 0.875 0.3640625 0.0859375 0.1140625
2 0.628125 0.4140625 0.1 0.2765625
0 0.6203125 0.309375 0.0359375 0.05
2 0.709375 0.4125 0.1125 0.315625
0 0.7203125 0.290625 0.04375 0.05625
2 0.778125 0.428125 0.0828125 0.278125
0 0.7890625 0.3203125 0.034375 0.040625
2 0.859375 0.4015625 0.10625 0.278125
0 0.8671875 0.290625 0.0390625 0.04375
2 0.94375 0.3875 0.075 0.2265625
0 0.95 0.2953125 0.0296875 0.034375
2 0.7421875 0.3640625 0.0890625 0.215625
0 0.7515625 0.28125 0.0390625 0.046875