2 0.6 0.7 0.11875 0.3734375
0 0.5859375 0.5421875 0.04375 0.053125
2 0.5 0.6875 0.1125 0.35
0 0.525 0.540625 0.0359375 0.05
2 0.4421875 0.640625 0.10625 0.36875
0 0.4546875 0.490625 0.0375 0.046875
2 0.3375 0.6828125 0.1296875 0.34375
0 0.3515625 0.5453125 0.0375 0.05
2 0.2515625 0.675 0.11875 0.3578125
0 0.2765625 0.5234375 0.040625 0.0484375
2 0.1734375 0.6703125 0.140625 0.3671875
0 0.2015625 0.51875 0.04375 0.053125
2 0.1328125 0.621875 0.11875 0.3265625
0 0.1609375 0.4859375 0.0359375 0.040625
2 0.2328125 0.621875 0.1015625 0.315625
0 0.240625 0.490625 0.034375 0.046875
2 0.3 0.5796875 0.1125 0.2578125
0 0.29375 0.4796875 0.0359375 0.0484375
2 0.3078125 0.6171875 0.090625 0.2515625
0 0.315625 0.5125 0.0359375 0.0421875
2 0.4 0.6203125 0.1 0.321875
0 0.3984375 0.490625 0.0359375 0.0484375
2 0.4796875 0.5921875 0.0890625 0.3140625
0 0.4859375 0.465625 0.034375 0.0453125
2 0.653125 0.63125 0.128125 0.390625
0 0.634375 0.4734375 0.040625 0.0484375
2 0.55 0.628125 0.109375 0.390625
0 0.5484375 0.4625 0.0421875 0.0515625
2 0.6109375 0.5890625 0.1546875 0.296875
0 0.5890625 0.4703125 0.0359375 0.04375
2 0.5875 0.559375 0.10625 0.2984375
0 0.5875 0.4375 0.0375 0.0375
2 0.70625 0.5734375 0.0671875 0.1640625
0 0.7109375 0.5078125 0.0171875 0.0203125