2 0.0671875 0.409375 0.0875 0.21875
0 0.059375 0.3171875 0.028125 0.03125
2 0.0609375 0.4046875 0.053125 0.20625
0 0.059375 0.31875 0.0203125 0.0265625
2 0.0984375 0.409375 0.0578125 0.184375
0 0.09375 0.3328125 0.0234375 0.0265625
2 0.1296875 0.4140625 0.0734375 0.2234375
0 0.128125 0.3171875 0.0265625 0.028125
2 0.165625 0.575 0.1484375 0.496875
0 0.15 0.371875 0.046875 0.065625
2 0.25625 0.578125 0.1609375 0.4765625
0 0.2390625 0.396875 0.040625 0.059375
2 0.3609375 0.5828125 0.134375 0.4734375
0 0.3484375 0.403125 0.04375 0.0625
2 0.30625 0.5328125 0.1265625 0.4140625
0 0.2953125 0.371875 0.04375 0.059375
2 0.2734375 0.4609375 0.1296875 0.45
0 0.26875 0.290625 0.05 0.0640625
2 0.3234375 0.4109375 0.13125 0.4375
0 0.31875 0.246875 0.046875 0.059375
2 0.3828125 0.471875 0.1265625 0.428125
0 0.38125 0.3046875 0.04375 0.053125
2 0.45625 0.41875 0.134375 0.4234375
0 0.440625 0.259375 0.05 0.0578125
2 0.503125 0.459375 0.10625 0.4375
0 0.5015625 0.2921875 0.046875 0.0546875
2 0.4203125 0.528125 0.1234375 0.425
0 0.41875 0.3609375 0.0453125 0.059375
2 0.5265625 0.51875 0.121875 0.4375
0 0.51875 0.353125 0.0453125 0.05625
2 0.46875 0.584375 0.14375 0.4671875
0 0.4609375 0.39375 0.0546875 0.0703125
2 0.584375 0.575 0.1203125 0.48125
0 0.5921875 0.3859375 0.04375 0.0546875
2 0.69375 0.5921875 0.1265625 0.4375
0 0.690625 0.421875 0.0484375 0.0671875
2 0.7984375 0.5578125 0.1359375 0.4875
0 0.8 0.3546875 0.0515625 0.0625
2 0.65625 0.521875 0.11875 0.4203125
0 0.6484375 0.3515625 0.04375 0.059375
2 0.7375 0.5109375 0.1125 0.434375
0 0.728125 0.3375 0.04375 0.05625
2 0.6953125 0.46875 0.1125 0.40625
0 0.6921875 0.2984375 0.0484375 0.0546875
2 0.60625 0.4453125 0.1375 0.4625
0 0.5984375 0.26875 0.0421875 0.0546875