0 0.025 0.628125 0.0484375 0.0515625
0 0.134375 0.5921875 0.0453125 0.0484375
0 0.246875 0.55625 0.046875 0.05625
0 0.290625 0.61875 0.053125 0.0546875
0 0.3609375 0.571875 0.0453125 0.05
2 0.4421875 0.6546875 0.0734375 0.23125
0 0.4421875 0.5578125 0.025 0.0328125
0 0.553125 0.6109375 0.040625 0.046875
0 0.5953125 0.6 0.0453125 0.059375
2 0.71875 0.6234375 0.0671875 0.1296875
0 0.71875 0.5703125 0.01875 0.0203125
0 0.778125 0.5578125 0.0453125 0.0515625
2 0.815625 0.6734375 0.06875 0.221875
0 0.81875 0.5796875 0.0296875 0.034375
2 0.80625 0.625 0.05625 0.1625
0 0.8109375 0.5578125 0.0171875 0.01875
2 0.8484375 0.6375 0.0390625 0.10625
0 0.8421875 0.58125 0.015625 0.0171875
2 0.846875 0.6234375 0.0375 0.1109375
0 0.8421875 0.58125 0.0140625 0.0171875
2 0.8640625 0.615625 0.025 0.0859375
0 0.8625 0.584375 0.009375 0.0125
2 0.8796875 0.615625 0.021875 0.0578125
0 0.8765625 0.5921875 0.00625 0.0078125
2 0.9 0.6265625 0.040625 0.1015625
0 0.896875 0.584375 0.0109375 0.0125
2 0.925 0.615625 0.040625 0.1
0 0.925 0.5734375 0.0125 0.0125
2 0.940625 0.61875 0.0375 0.1109375
0 0.9375 0.5703125 0.0140625 0.0140625
2 0.9625 0.6171875 0.040625 0.096875
0 0.959375 0.5765625 0.0125 0.0140625
0 0.9890625 0.5875 0.009375 0.009375
2 0.884375 0.621875 0.021875 0.0796875
0 0.8890625 0.590625 0.009375 0.009375