2 0.515625 0.6359375 0.028125 0.1078125
0 0.5140625 0.6 0.015625 0.0203125
2 0.5359375 0.6046875 0.0546875 0.1625
0 0.5296875 0.5359375 0.01875 0.025
2 0.6796875 0.6171875 0.0671875 0.146875
0 0.6703125 0.5546875 0.0234375 0.021875
2 0.8328125 0.590625 0.059375 0.16875
0 0.8328125 0.51875 0.0234375 0.025
2 0.8375 0.58125 0.0546875 0.165625
0 0.8359375 0.5140625 0.021875 0.028125
2 0.7796875 0.571875 0.0453125 0.1234375
0 0.78125 0.5171875 0.0140625 0.0125
2 0.80625 0.5578125 0.0265625 0.0796875
0 0.8078125 0.5234375 0.0078125 0.0078125
2 0.075 0.590625 0.0765625 0.15
0 0.08125 0.5265625 0.0171875 0.0203125
2 0.1796875 0.5796875 0.0578125 0.1328125
0 0.1890625 0.525 0.0140625 0.01875
2 0.1140625 0.5765625 0.053125 0.1046875
0 0.103125 0.534375 0.0125 0.015625
2 0.1265625 0.559375 0.028125 0.08125
0 0.125 0.528125 0.0109375 0.0109375
2 0.225 0.559375 0.0265625 0.071875
0 0.2234375 0.528125 0.009375 0.0109375
2 0.1625 0.5578125 0.0265625 0.08125
0 0.1625 0.525 0.009375 0.0109375