0 0.0859375 0.4609375 0.0609375 0.0828125
0 0.2390625 0.528125 0.0609375 0.0796875
0 0.378125 0.44375 0.0625 0.084375
0 0.515625 0.425 0.0640625 0.084375
0 0.6203125 0.4359375 0.0625 0.0859375
0 0.75625 0.4984375 0.0671875 0.0921875
0 0.8265625 0.48125 0.0640625 0.0796875
0 0.9671875 0.4765625 0.0640625 0.0875
0 0.940625 0.38125 0.0609375 0.071875
0 0.8375 0.3765625 0.0578125 0.0765625
0 0.753125 0.3875 0.0578125 0.075
0 0.703125 0.4125 0.065625 0.0828125
0 0.596875 0.3796875 0.0625 0.06875
2 0.496875 0.5296875 0.146875 0.46875
0 0.496875 0.334375 0.0546875 0.06875
0 0.3953125 0.378125 0.05625 0.0703125
0 0.44375 0.4171875 0.0609375 0.0765625
0 0.296875 0.371875 0.0609375 0.0703125
0 0.28125 0.4234375 0.059375 0.0796875
0 0.1640625 0.434375 0.0640625 0.0828125
0 0.1859375 0.371875 0.0625 0.078125
0 0.0265625 0.4328125 0.053125 0.078125
0 0.046875 0.3640625 0.0609375 0.0828125
0 0.1203125 0.3140625 0.059375 0.078125
2 0.209375 0.50625 0.171875 0.5375
0 0.2078125 0.2828125 0.05625 0.0765625
0 0.3109375 0.3375 0.059375 0.071875
2 0.2671875 0.49375 0.115625 0.5234375
0 0.2765625 0.2671875 0.0546875 0.0625
2 0.396875 0.503125 0.1546875 0.4890625
0 0.3984375 0.3015625 0.0546875 0.0703125
2 0.440625 0.4765625 0.1328125 0.4875
0 0.44375 0.2765625 0.053125 0.071875
2 0.5234375 0.471875 0.1640625 0.4953125
0 0.53125 0.2578125 0.05 0.059375
2 0.6078125 0.475 0.16875 0.5046875
0 0.6140625 0.265625 0.053125 0.06875
2 0.6796875 0.528125 0.1390625 0.46875
0 0.6828125 0.3359375 0.0609375 0.065625
2 0.7640625 0.4640625 0.16875 0.4796875
0 0.75625 0.2640625 0.0578125 0.06875
2 0.78125 0.50625 0.14375 0.45625
0 0.7765625 0.3171875 0.0546875 0.0625
0 0.8734375 0.3359375 0.0578125 0.0734375