2 0.4796875 0.6140625 0.2921875 0.4328125
0 0.509375 0.4484375 0.0640625 0.0921875
2 0.4390625 0.490625 0.1140625 0.36875
0 0.4078125 0.3390625 0.0453125 0.0609375
2 0.2234375 0.6703125 0.1125 0.425
0 0.18125 0.5 0.028125 0.071875
2 0.3140625 0.446875 0.075 0.2578125
0 0.3109375 0.334375 0.0234375 0.03125
2 0.3609375 0.49375 0.0875 0.1828125
0 0.3640625 0.43125 0.028125 0.0390625
2 0.403125 0.5 0.0890625 0.1796875
0 0.4265625 0.421875 0.025 0.0265625
2 0.5859375 0.5265625 0.096875 0.1921875
0 0.56875 0.4546875 0.028125 0.040625
2 0.6140625 0.5171875 0.109375 0.23125
0 0.634375 0.4296875 0.0328125 0.0421875
2 0.646875 0.53125 0.1328125 0.2390625
0 0.64375 0.4421875 0.0375 0.05
2 0.7078125 0.521875 0.121875 0.215625
0 0.7015625 0.4453125 0.0390625 0.053125
0 0.7765625 0.425 0.0390625 0.04375
2 0.4921875 0.1734375 0.103125 0.1265625
0 0.4984375 0.1265625 0.01875 0.0234375
2 0.4 0.196875 0.04375 0.103125
0 0.4015625 0.1578125 0.0140625 0.0203125
2 0.19375 0.471875 0.0546875 0.1421875
0 0.196875 0.41875 0.021875 0.0265625
0 0.7984375 0.3640625 0.0375 0.0296875
2 0.7234375 0.434375 0.0859375 0.1546875
0 0.7375 0.3796875 0.03125 0.0375
2 0.746875 0.4 0.0875 0.128125
0 0.7390625 0.3546875 0.03125 0.0328125
2 0.6953125 0.4109375 0.09375 0.15
0 0.7046875 0.359375 0.0328125 0.0375
2 0.6609375 0.4046875 0.078125 0.1328125
0 0.6671875 0.3609375 0.0296875 0.0359375
2 0.6078125 0.440625 0.075 0.140625
0 0.603125 0.3921875 0.0265625 0.034375
2 0.6203125 0.396875 0.0921875 0.140625
0 0.6234375 0.35 0.0296875 0.0359375
2 0.5921875 0.396875 0.0765625 0.14375
0 0.596875 0.3453125 0.0265625 0.0359375
2 0.5859375 0.3609375 0.0890625 0.14375
0 0.59375 0.3109375 0.0265625 0.0359375
2 0.53125 0.365625 0.08125 0.128125
0 0.5421875 0.321875 0.0203125 0.025
2 0.5 0.3671875 0.0765625 0.125
0 0.4890625 0.325 0.025 0.028125
2 0.5234375 0.3171875 0.0609375 0.10625
0 0.5234375 0.2796875 0.021875 0.0265625
2 0.5625 0.2875 0.05 0.09375
0 0.5609375 0.2546875 0.0203125 0.0265625
2 0.5828125 0.290625 0.065625 0.096875
0 0.5859375 0.2609375 0.025 0.0296875
2 0.634375 0.35 0.0734375 0.1203125
0 0.6390625 0.309375 0.0359375 0.0375
2 0.7171875 0.35625 0.084375 0.134375
0 0.7109375 0.3109375 0.0296875 0.0359375
0 0.8015625 0.30625 0.0359375 0.040625
2 0.7828125 0.321875 0.078125 0.140625
0 0.79375 0.275 0.0265625 0.0296875
2 0.746875 0.3140625 0.078125 0.128125
0 0.753125 0.26875 0.0265625 0.0328125
2 0.7671875 0.26875 0.0796875 0.11875
0 0.7671875 0.225 0.025 0.0265625
0 0.8171875 0.2234375 0.025 0.0265625
2 0.6578125 0.3203125 0.0625 0.109375
0 0.6578125 0.2828125 0.025 0.03125
2 0.6296875 0.3140625 0.065625 0.1125
0 0.6359375 0.275 0.0265625 0.03125
2 0.653125 0.29375 0.065625 0.1046875
0 0.65 0.2578125 0.021875 0.0234375
2 0.6359375 0.28125 0.071875 0.1171875
0 0.6390625 0.240625 0.0203125 0.0265625
2 0.60625 0.2734375 0.053125 0.0890625
0 0.609375 0.24375 0.01875 0.0203125
2 0.5140625 0.2703125 0.053125 0.0828125
0 0.515625 0.2421875 0.01875 0.0203125
2 0.4890625 0.315625 0.0484375 0.09375
0 0.484375 0.284375 0.0203125 0.0234375