0 0.0875 0.684375 0.0203125 0.025
0 0.1390625 0.6828125 0.025 0.028125
0 0.1828125 0.6796875 0.0203125 0.025
2 0.225 0.75 0.0484375 0.159375
0 0.228125 0.6859375 0.0171875 0.0234375
0 0.24375 0.6828125 0.01875 0.025
0 0.2828125 0.6875 0.01875 0.025
0 0.3046875 0.690625 0.03125 0.0390625
2 0.328125 0.709375 0.034375 0.0734375
0 0.328125 0.6859375 0.015625 0.01875
2 0.3609375 0.7296875 0.046875 0.159375
0 0.3578125 0.665625 0.01875 0.025
0 0.390625 0.6921875 0.0296875 0.034375
0 0.4375 0.684375 0.0265625 0.028125
2 0.459375 0.7328125 0.0625 0.1546875
0 0.45625 0.6671875 0.021875 0.0203125
0 0.515625 0.6875 0.0234375 0.025
2 0.496875 0.734375 0.0390625 0.121875
0 0.4953125 0.6828125 0.0140625 0.0140625
0 0.5625 0.6796875 0.0234375 0.025
0 0.6484375 0.678125 0.040625 0.0484375
0 0.61875 0.6984375 0.0296875 0.0359375
0 0.69375 0.6796875 0.0328125 0.0390625
0 0.728125 0.6625 0.0234375 0.021875
0 0.825 0.684375 0.028125 0.0296875
2 0.8515625 0.74375 0.0421875 0.1578125
0 0.8515625 0.678125 0.015625 0.015625
0 0.9421875 0.69375 0.028125 0.028125
2 0.51875 0.728125 0.05625 0.1421875
0 0.5171875 0.6671875 0.01875 0.01875
2 0.80625 0.7171875 0.0359375 0.1015625
0 0.80625 0.6765625 0.0171875 0.015625
2 0.2203125 0.6875 0.025 0.0640625
0 0.21875 0.6640625 0.0109375 0.0125
0 0.009375 0.67890625 0.01875 0.0359375