2 0.05625 0.6375 0.1125 0.3125
0 0.0671875 0.509375 0.040625 0.05
2 0.0921875 0.6171875 0.18125 0.340625
0 0.1234375 0.4765625 0.046875 0.05
2 0.225 0.6390625 0.096875 0.2875
0 0.228125 0.5171875 0.034375 0.040625
2 0.284375 0.6375 0.1015625 0.2953125
0 0.2796875 0.5140625 0.0390625 0.0453125
2 0.3140625 0.6046875 0.071875 0.228125
0 0.309375 0.5125 0.03125 0.0375
2 0.3453125 0.58125 0.0890625 0.246875
0 0.340625 0.4765625 0.034375 0.0375
2 0.334375 0.6375 0.09375 0.290625
0 0.3453125 0.51875 0.0375 0.0453125
2 0.3875 0.615625 0.06875 0.228125
0 0.384375 0.521875 0.03125 0.0359375
2 0.415625 0.63125 0.0890625 0.240625
0 0.41875 0.534375 0.034375 0.04375
2 0.4375 0.60625 0.0703125 0.2125
0 0.434375 0.51875 0.028125 0.034375
2 0.484375 0.6421875 0.075 0.246875
0 0.48125 0.540625 0.03125 0.0375
2 0.4984375 0.6015625 0.075 0.225
0 0.5 0.5109375 0.028125 0.034375
2 0.5578125 0.590625 0.065625 0.228125
0 0.553125 0.4984375 0.0296875 0.0359375
2 0.5390625 0.634375 0.078125 0.253125
0 0.5375 0.5296875 0.03125 0.040625
2 0.58125 0.628125 0.06875 0.2375
0 0.5765625 0.5265625 0.03125 0.034375
2 0.6109375 0.63125 0.08125 0.2359375
0 0.609375 0.5390625 0.0390625 0.0484375
2 0.6515625 0.6265625 0.08125 0.259375
0 0.6484375 0.51875 0.034375 0.040625
2 0.65625 0.58125 0.075 0.2265625
0 0.65625 0.4890625 0.028125 0.034375
2 0.690625 0.6328125 0.0875 0.2625
0 0.6890625 0.5265625 0.034375 0.04375
2 0.7265625 0.6125 0.08125 0.246875
0 0.721875 0.5109375 0.0359375 0.040625
2 0.759375 0.58125 0.090625 0.275
0 0.753125 0.46875 0.034375 0.04375
2 0.778125 0.61875 0.090625 0.303125
0 0.7765625 0.49375 0.040625 0.0390625
2 0.8421875 0.6296875 0.0984375 0.296875
0 0.828125 0.50625 0.040625 0.0453125
2 0.921875 0.640625 0.08125 0.33125
0 0.909375 0.5015625 0.0375 0.05
0 0.959375 0.60625 0.05625 0.0671875
0 0.8640625 0.615625 0.046875 0.059375
2 0.75 0.696875 0.115625 0.2109375
0 0.7328125 0.6203125 0.0359375 0.05
2 0.659375 0.7015625 0.09375 0.20625
0 0.6625 0.625 0.034375 0.0484375
0 0.6921875 0.6859375 0.04375 0.053125
0 0.5828125 0.6546875 0.04375 0.05
2 0.5625 0.68125 0.109375 0.2
0 0.5640625 0.60625 0.034375 0.04375
2 0.475 0.6890625 0.0921875 0.1875
0 0.471875 0.621875 0.0375 0.0453125
2 0.4328125 0.69375 0.1171875 0.20625
0 0.428125 0.6203125 0.034375 0.05
2 0.340625 0.7078125 0.10625 0.203125
0 0.35 0.6328125 0.0328125 0.0453125
2 0.25 0.7046875 0.10625 0.2125
0 0.259375 0.625 0.0375 0.05
0 0.1625 0.6296875 0.040625 0.046875
0 0.071875 0.61875 0.046875 0.05625