2 0.29375 0.684375 0.1453125 0.2671875
0 0.309375 0.571875 0.0359375 0.034375
2 0.2046875 0.678125 0.1140625 0.2359375
0 0.2109375 0.58125 0.0328125 0.034375
2 0.196875 0.6390625 0.1140625 0.1859375
0 0.2140625 0.565625 0.025 0.028125
2 0.275 0.6109375 0.0703125 0.146875
0 0.2921875 0.5484375 0.0203125 0.0171875
2 0.4671875 0.6484375 0.1203125 0.2328125
0 0.4609375 0.5484375 0.0265625 0.028125
2 0.396875 0.6125 0.06875 0.121875
0 0.4 0.5625 0.015625 0.01875
2 0.3875 0.5953125 0.065625 0.1234375
0 0.3875 0.5453125 0.015625 0.01875
2 0.4203125 0.609375 0.0625 0.1296875
0 0.4265625 0.55625 0.0140625 0.0140625
2 0.4328125 0.59375 0.04375 0.1140625
0 0.4359375 0.546875 0.0125 0.0140625
2 0.4765625 0.615625 0.0625 0.1640625
0 0.4765625 0.546875 0.0171875 0.0234375
2 0.509375 0.58125 0.0375 0.0796875
0 0.5125 0.5484375 0.0109375 0.0125
2 0.5203125 0.596875 0.059375 0.121875
0 0.5234375 0.55 0.0140625 0.0171875
2 0.5390625 0.578125 0.0359375 0.0890625
0 0.5390625 0.540625 0.009375 0.0125
2 0.55 0.578125 0.03125 0.090625
0 0.5484375 0.5390625 0.0109375 0.0109375
2 0.56875 0.5796875 0.034375 0.0921875
0 0.571875 0.54375 0.0109375 0.0140625
2 0.5796875 0.5890625 0.040625 0.09375
0 0.578125 0.5515625 0.0109375 0.0125
2 0.60625 0.6171875 0.08125 0.1609375
0 0.6109375 0.5515625 0.01875 0.025
2 0.653125 0.6234375 0.078125 0.1734375
0 0.640625 0.55 0.01875 0.0234375
2 0.6765625 0.559375 0.015625 0.0484375
0 0.675 0.540625 0.00625 0.00625
2 0.6796875 0.55625 0.0171875 0.05625
0 0.678125 0.5328125 0.0078125 0.0078125
2 0.709375 0.546875 0.0234375 0.05625
0 0.7078125 0.5234375 0.00625 0.00625
2 0.7390625 0.5578125 0.021875 0.05625
0 0.7375 0.534375 0.00625 0.00625
2 0.7546875 0.5671875 0.0359375 0.09375
0 0.7515625 0.5296875 0.0125 0.0140625
2 0.8140625 0.540625 0.015625 0.0421875
0 0.8140625 0.5234375 0.0046875 0.0046875
2 0.8234375 0.540625 0.01875 0.046875
0 0.8234375 0.521875 0.0046875 0.00625
2 0.834375 0.559375 0.028125 0.0671875
0 0.834375 0.5328125 0.0078125 0.0078125
2 0.86875 0.5953125 0.059375 0.1515625
0 0.859375 0.53125 0.01875 0.0203125
2 0.903125 0.5890625 0.05625 0.1390625
0 0.9015625 0.534375 0.01875 0.021875
2 0.95 0.5984375 0.09375 0.159375
0 0.9484375 0.53125 0.0234375 0.021875
2 0.878125 0.5359375 0.01875 0.04375
0 0.8796875 0.5171875 0.009375 0.00625
2 0.0203125 0.578125 0.0234375 0.040625
0 0.025 0.5625 0.00625 0.00625
2 0.040625 0.575 0.028125 0.04375
0 0.040625 0.5578125 0.00625 0.00625
2 0.0703125 0.571875 0.0296875 0.046875
0 0.08125 0.5546875 0.00625 0.00625
2 0.08125 0.5734375 0.0328125 0.046875
0 0.0875 0.5546875 0.0046875 0.00625
2 0.1015625 0.571875 0.0296875 0.0484375
0 0.1046875 0.5515625 0.00625 0.00625
2 0.1171875 0.571875 0.0203125 0.04375
0 0.11875 0.55625 0.00625 0.00625
2 0.125 0.571875 0.015625 0.0484375
0 0.1296875 0.553125 0.0078125 0.0078125
2 0.1453125 0.5703125 0.0203125 0.0390625
0 0.153125 0.5546875 0.00625 0.00625
2 0.1765625 0.5703125 0.0171875 0.0390625
0 0.18125 0.55625 0.00625 0.00625
2 0.19375 0.5703125 0.01875 0.0453125
0 0.196875 0.553125 0.00625 0.0078125
2 0.2515625 0.5671875 0.01875 0.034375
0 0.25625 0.553125 0.0046875 0.0046875
2 0.26875 0.5671875 0.0171875 0.034375
0 0.271875 0.553125 0.0046875 0.0046875
2 0.3265625 0.559375 0.0140625 0.0390625
0 0.3265625 0.54375 0.0046875 0.0046875
2 0.334375 0.559375 0.0203125 0.0390625
0 0.340625 0.5453125 0.0046875 0.00625
2 0.359375 0.559375 0.0125 0.0328125
0 0.359375 0.5484375 0.0046875 0.0046875
2 0.3703125 0.5609375 0.015625 0.0359375
0 0.3703125 0.546875 0.00625 0.00625
2 0.4046875 0.5546875 0.0140625 0.0328125
0 0.4046875 0.54375 0.0046875 0.00625