2 0.03125 0.4546875 0.0625 0.4328125
0 0.0359375 0.2890625 0.040625 0.0546875
2 0.053125 0.4703125 0.10625 0.4625
0 0.065625 0.2875 0.0609375 0.053125
2 0.134375 0.465625 0.1046875 0.4484375
0 0.14375 0.2875 0.046875 0.0515625
2 0.215625 0.4625 0.1015625 0.44375
0 0.221875 0.290625 0.05625 0.0515625
2 0.2765625 0.459375 0.1140625 0.44375
0 0.275 0.2796875 0.0515625 0.053125
2 0.3421875 0.459375 0.103125 0.44375
0 0.3515625 0.2765625 0.05625 0.053125
2 0.3984375 0.45625 0.0875 0.4375
0 0.4046875 0.265625 0.0484375 0.053125
2 0.4609375 0.4453125 0.1015625 0.415625
0 0.4734375 0.2671875 0.05 0.0515625
2 0.64375 0.471875 0.134375 0.46875
0 0.65625 0.2765625 0.0453125 0.059375
0 0.75625 0.290625 0.05625 0.075
0 0.790625 0.3265625 0.0578125 0.0828125
0 0.946875 0.29375 0.06875 0.0890625