2 0.9390625 0.478125 0.0875 0.278125
0 0.940625 0.3625 0.034375 0.046875
2 0.9125 0.465625 0.075 0.24375
0 0.91875 0.3640625 0.03125 0.0359375
2 0.878125 0.5015625 0.134375 0.3625
0 0.875 0.3515625 0.0421875 0.059375
2 0.8359375 0.496875 0.109375 0.3
0 0.8515625 0.36875 0.0390625 0.046875
2 0.8078125 0.459375 0.103125 0.2609375
0 0.8203125 0.3484375 0.03125 0.040625
2 0.725 0.4921875 0.1140625 0.3125
0 0.7375 0.3609375 0.0359375 0.0484375
2 0.696875 0.4640625 0.0984375 0.271875
0 0.7078125 0.3515625 0.0296875 0.0421875
2 0.6953125 0.446875 0.084375 0.2203125
0 0.696875 0.3546875 0.025 0.0359375
2 0.6203125 0.515625 0.1328125 0.275
0 0.640625 0.4 0.034375 0.040625
2 0.5890625 0.4703125 0.109375 0.296875
0 0.590625 0.3453125 0.0328125 0.04375
2 0.5328125 0.45625 0.0921875 0.2546875
0 0.5296875 0.35 0.028125 0.0375
2 0.534375 0.4375 0.0796875 0.246875
0 0.5390625 0.3328125 0.028125 0.0359375
2 0.440625 0.471875 0.09375 0.284375
0 0.43125 0.35 0.0328125 0.040625
2 0.425 0.4625 0.078125 0.228125
0 0.428125 0.36875 0.0265625 0.028125
2 0.3265625 0.471875 0.109375 0.334375
0 0.325 0.3359375 0.046875 0.05625
2 0.284375 0.50625 0.1375 0.365625
0 0.284375 0.35 0.0453125 0.05
2 0.203125 0.5546875 0.1296875 0.390625
0 0.209375 0.390625 0.053125 0.0625
0 0.303125 0.38125 0.0625 0.08125