2 0.059375 0.665625 0.0890625 0.328125
0 0.0515625 0.5265625 0.0421875 0.0484375
0 0.1078125 0.5609375 0.040625 0.05
2 0.15 0.675 0.0765625 0.2921875
0 0.14375 0.5609375 0.0484375 0.0546875
2 0.2171875 0.6609375 0.128125 0.325
0 0.175 0.5265625 0.040625 0.05
0 0.3 0.728125 0.0515625 0.05625
2 0.3078125 0.6609375 0.0984375 0.3078125
0 0.315625 0.540625 0.040625 0.05
0 0.3765625 0.534375 0.0421875 0.0515625
2 0.453125 0.63125 0.1 0.3046875
0 0.45625 0.509375 0.0375 0.05625
0 0.4140625 0.584375 0.0375 0.046875
0 0.4578125 0.5796875 0.04375 0.05
0 0.4421875 0.6421875 0.0484375 0.0609375
0 0.4890625 0.571875 0.040625 0.0546875
2 0.5375 0.6390625 0.103125 0.3203125
0 0.5328125 0.5125 0.0375 0.05625
0 0.584375 0.5578125 0.040625 0.05625
0 0.559375 0.5953125 0.0453125 0.053125
0 0.628125 0.721875 0.04375 0.05
0 0.6359375 0.565625 0.046875 0.059375
2 0.6453125 0.6359375 0.0828125 0.290625
0 0.6484375 0.51875 0.034375 0.05
2 0.7109375 0.65625 0.08125 0.309375
0 0.6953125 0.528125 0.0390625 0.0515625
0 0.6984375 0.578125 0.0421875 0.053125
2 0.79375 0.65625 0.0828125 0.3203125
0 0.790625 0.5234375 0.040625 0.05
2 0.859375 0.6640625 0.078125 0.3125
0 0.8671875 0.5328125 0.0421875 0.05
2 0.8625 0.68125 0.1125 0.2984375
0 0.8921875 0.559375 0.0421875 0.0515625
2 0.953125 0.675 0.090625 0.3125
0 0.9640625 0.5484375 0.0421875 0.0515625
2 0.9390625 0.6625 0.0828125 0.3109375
0 0.9484375 0.53125 0.04375 0.05