2 0.9625 0.4859375 0.040625 0.0984375
0 0.9640625 0.4453125 0.0125 0.0125
2 0.9203125 0.55 0.078125 0.153125
0 0.9046875 0.49375 0.03125 0.0359375
2 0.8875 0.5984375 0.1203125 0.221875
0 0.884375 0.5125 0.040625 0.04375
2 0.8171875 0.6609375 0.1453125 0.3296875
0 0.8140625 0.534375 0.065625 0.0734375
0 0.7578125 0.5640625 0.065625 0.071875
0 0.7140625 0.5796875 0.090625 0.115625
0 0.4609375 0.65 0.10625 0.115625
0 0.2140625 0.5921875 0.090625 0.1046875
0 0.259375 0.5765625 0.0546875 0.0796875
2 0.3328125 0.6515625 0.1625 0.275
0 0.303125 0.5515625 0.0515625 0.0609375
2 0.4375 0.6265625 0.1296875 0.2359375
0 0.459375 0.5453125 0.04375 0.0546875
2 0.5625 0.625 0.1265625 0.20625
0 0.5875 0.5515625 0.0421875 0.0546875
2 0.68125 0.6375 0.1234375 0.2546875
0 0.6625 0.540625 0.0484375 0.059375
0 0.9765625 0.4859375 0.01875 0.0203125
2 0.6765625 0.50625 0.0421875 0.0734375
0 0.68125 0.4828125 0.0171875 0.01875
2 0.6640625 0.5109375 0.0359375 0.0734375
0 0.6609375 0.484375 0.015625 0.015625
2 0.61875 0.51875 0.0515625 0.0859375
0 0.61875 0.4859375 0.0171875 0.01875
2 0.559375 0.515625 0.040625 0.065625
0 0.5609375 0.49375 0.0125 0.01875
2 0.5453125 0.51875 0.04375 0.078125
0 0.5484375 0.4890625 0.0140625 0.015625
2 0.53125 0.5140625 0.04375 0.0765625
0 0.5328125 0.4875 0.0125 0.0140625
2 0.403125 0.5296875 0.0453125 0.103125
0 0.403125 0.4890625 0.015625 0.01875
2 0.3546875 0.5390625 0.0546875 0.103125
0 0.353125 0.4984375 0.0171875 0.0171875
2 0.3078125 0.5359375 0.0515625 0.1015625
0 0.30625 0.4984375 0.0171875 0.0203125
2 0.246875 0.5578125 0.06875 0.13125
0 0.23125 0.5109375 0.034375 0.0359375
2 0.178125 0.578125 0.1015625 0.178125
0 0.1890625 0.5078125 0.034375 0.03125
2 0.128125 0.559375 0.0609375 0.1375
0 0.121875 0.5109375 0.0265625 0.028125
2 0.0546875 0.5703125 0.08125 0.1625
0 0.0578125 0.5078125 0.0265625 0.034375
2 0.5296875 0.515625 0.05 0.0765625
0 0.525 0.4859375 0.0125 0.015625
0 0.9765625 0.484375 0.0203125 0.01875