2 0.0875 0.61875 0.175 0.4
0 0.0375 0.4578125 0.0671875 0.0640625
2 0.2 0.5984375 0.146875 0.2765625
0 0.1625 0.4890625 0.0609375 0.053125
2 0.121875 0.540625 0.128125 0.2484375
0 0.0984375 0.4421875 0.0359375 0.04375
2 0.1796875 0.5125 0.1234375 0.1984375
0 0.1546875 0.4359375 0.03125 0.0375
2 0.290625 0.5734375 0.1546875 0.290625
0 0.2484375 0.459375 0.046875 0.05
2 0.3921875 0.6015625 0.196875 0.415625
0 0.359375 0.440625 0.0640625 0.0859375
2 0.5109375 0.5890625 0.25625 0.425
0 0.5765625 0.421875 0.05625 0.0640625
2 0.5640625 0.54375 0.153125 0.3203125
0 0.578125 0.4234375 0.0515625 0.0640625
2 0.2484375 0.5109375 0.08125 0.203125
0 0.2375 0.4328125 0.034375 0.0421875
2 0.34375 0.4921875 0.1046875 0.190625
0 0.3203125 0.415625 0.03125 0.0359375
2 0.290625 0.45 0.059375 0.1125
0 0.28125 0.409375 0.01875 0.021875
2 0.4765625 0.5078125 0.1046875 0.203125
0 0.484375 0.4328125 0.034375 0.05
2 0.678125 0.503125 0.128125 0.26875
0 0.65625 0.39375 0.040625 0.0453125
2 0.70625 0.534375 0.1328125 0.303125
0 0.7046875 0.41875 0.05625 0.0640625
2 0.7703125 0.5015625 0.096875 0.2359375
0 0.76875 0.4078125 0.04375 0.046875
2 0.89375 0.496875 0.171875 0.2640625
0 0.8546875 0.3921875 0.04375 0.0484375
0 0.9359375 0.3890625 0.040625 0.046875
2 0.5359375 0.4140625 0.05 0.10625
0 0.5375 0.3734375 0.01875 0.01875