0 0.8265625 0.590625 0.0453125 0.0609375
0 0.8421875 0.4859375 0.0453125 0.053125
2 0.8328125 0.6171875 0.13125 0.4171875
0 0.809375 0.440625 0.046875 0.0546875
2 0.7390625 0.6375 0.125 0.3578125
0 0.7390625 0.4875 0.0453125 0.0546875
0 0.6734375 0.58125 0.0515625 0.0671875
0 0.6265625 0.5 0.046875 0.0625
0 0.4640625 0.578125 0.0484375 0.0609375
2 0.5109375 0.615625 0.125 0.375
0 0.5046875 0.465625 0.040625 0.0546875
2 0.4515625 0.625 0.134375 0.403125
0 0.4546875 0.4578125 0.0453125 0.0625
0 0.3421875 0.46875 0.05 0.0671875
0 0.2921875 0.5390625 0.0640625 0.071875
0 0.178125 0.5578125 0.0703125 0.0921875
0 0.165625 0.45 0.0578125 0.0671875
0 0.0953125 0.4171875 0.053125 0.0671875
2 0.7703125 0.63125 0.096875 0.3421875
0 0.771875 0.4921875 0.0390625 0.053125
2 0.7125 0.590625 0.084375 0.31875
0 0.7046875 0.459375 0.0421875 0.0515625
2 0.6421875 0.5890625 0.1046875 0.328125
0 0.64375 0.4546875 0.034375 0.046875
2 0.596875 0.621875 0.090625 0.3640625
0 0.59375 0.46875 0.0421875 0.0515625
2 0.390625 0.584375 0.103125 0.3671875
0 0.3921875 0.4328125 0.0390625 0.0515625
2 0.2203125 0.6109375 0.1109375 0.3875
0 0.21875 0.45625 0.0515625 0.06875
2 0.20625 0.571875 0.115625 0.3640625
0 0.2140625 0.4171875 0.0453125 0.0515625
2 0.2953125 0.609375 0.1078125 0.3359375
0 0.290625 0.4703125 0.0390625 0.053125
2 0.5375 0.6203125 0.109375 0.3515625
0 0.5421875 0.471875 0.0421875 0.053125