2 0.0953125 0.5578125 0.1625 0.525
0 0.1046875 0.3390625 0.06875 0.0765625
2 0.065625 0.5484375 0.1234375 0.40625
0 0.0703125 0.371875 0.0453125 0.0484375
2 0.203125 0.5703125 0.1328125 0.3921875
0 0.2 0.4078125 0.0453125 0.0578125
2 0.34375 0.5640625 0.165625 0.3953125
0 0.340625 0.403125 0.0484375 0.065625
2 0.5609375 0.5640625 0.1796875 0.4515625
0 0.553125 0.3734375 0.0515625 0.065625
2 0.7171875 0.5765625 0.1640625 0.4890625
0 0.7015625 0.3734375 0.0640625 0.075
0 0.8828125 0.3703125 0.071875 0.078125