2 0.14375 0.5640625 0.121875 0.43125
0 0.1578125 0.3828125 0.0453125 0.0546875
2 0.2421875 0.56875 0.115625 0.4234375
0 0.2484375 0.3875 0.04375 0.0515625
2 0.3375 0.5875 0.115625 0.390625
0 0.346875 0.425 0.0390625 0.05
2 0.4234375 0.5703125 0.1125 0.425
0 0.4265625 0.396875 0.0421875 0.0515625
2 0.534375 0.575 0.1234375 0.4265625
0 0.5359375 0.3921875 0.0421875 0.05
2 0.640625 0.578125 0.1125 0.43125
0 0.6359375 0.403125 0.0421875 0.0546875
2 0.734375 0.5859375 0.14375 0.421875
0 0.7296875 0.403125 0.0453125 0.05
2 0.7671875 0.646875 0.1234375 0.325
0 0.753125 0.5203125 0.0484375 0.0578125
2 0.6640625 0.6421875 0.1125 0.3296875
0 0.6625 0.509375 0.046875 0.05625
2 0.553125 0.634375 0.128125 0.3421875
0 0.553125 0.509375 0.046875 0.0578125
2 0.446875 0.6359375 0.10625 0.328125
0 0.45 0.5046875 0.05 0.0578125
2 0.3484375 0.6375 0.1078125 0.325
0 0.3515625 0.509375 0.0453125 0.0609375
2 0.2453125 0.621875 0.1234375 0.3578125
0 0.24375 0.490625 0.05 0.0609375