2 0.2765625 0.690625 0.209375 0.315625
0 0.2703125 0.575 0.0609375 0.0796875
2 0.4140625 0.6921875 0.196875 0.303125
0 0.4265625 0.578125 0.05625 0.0734375
2 0.51875 0.68125 0.1765625 0.2625
0 0.5078125 0.5875 0.0515625 0.0671875
2 0.5953125 0.6609375 0.2765625 0.271875
0 0.5796875 0.5625 0.05625 0.0671875
2 0.696875 0.6765625 0.146875 0.278125
0 0.6765625 0.575 0.059375 0.0703125
2 0.828125 0.696875 0.2796875 0.325
0 0.80625 0.578125 0.065625 0.0796875
2 0.1125 0.5625 0.13125 0.4359375
0 0.1125 0.3796875 0.059375 0.0609375
2 0.215625 0.5671875 0.121875 0.4265625
0 0.215625 0.3859375 0.0515625 0.059375
2 0.328125 0.5375 0.1421875 0.45
0 0.340625 0.3484375 0.053125 0.065625
2 0.446875 0.5359375 0.146875 0.45
0 0.44375 0.3453125 0.05 0.0640625
2 0.546875 0.5515625 0.1203125 0.41875
0 0.54375 0.3765625 0.0484375 0.0625
2 0.6421875 0.5609375 0.121875 0.4015625
0 0.65 0.3890625 0.05 0.05625
2 0.7359375 0.5578125 0.1078125 0.4109375
0 0.7140625 0.3828125 0.0484375 0.059375
2 0.8015625 0.5421875 0.23125 0.4421875
0 0.840625 0.3578125 0.0640625 0.071875
2 0.0171875 0.4578125 0.034375 0.046875
0 0.0296875 0.44375 0.0125 0.0109375