2 0.440625 0.8140625 0.0515625 0.125
0 0.4421875 0.7640625 0.015625 0.015625
2 0.4984375 0.80625 0.0296875 0.075
0 0.4984375 0.775 0.009375 0.009375
2 0.5421875 0.8203125 0.0296875 0.090625
0 0.5421875 0.7828125 0.0109375 0.0140625
2 0.59375 0.8234375 0.034375 0.1
0 0.59375 0.7796875 0.009375 0.0125
2 0.5765625 0.8234375 0.0265625 0.09375
0 0.578125 0.784375 0.0140625 0.0125
2 0.6640625 0.83125 0.0484375 0.1078125
0 0.6578125 0.7875 0.0125 0.0140625
2 0.6265625 0.821875 0.025 0.0859375
0 0.6265625 0.7875 0.009375 0.0125
2 0.6421875 0.8296875 0.0265625 0.0875
0 0.6421875 0.79375 0.0109375 0.0125
2 0.675 0.8203125 0.0296875 0.09375
0 0.671875 0.7828125 0.0125 0.0125
2 0.7140625 0.8234375 0.0328125 0.09375
0 0.7140625 0.784375 0.0109375 0.0125
2 0.3296875 0.796875 0.025 0.059375
0 0.321875 0.7734375 0.00625 0.00625
2 0.2796875 0.7859375 0.0140625 0.0359375
0 0.2828125 0.7734375 0.0046875 0.00625
2 0.6078125 0.8046875 0.01875 0.0578125
0 0.609375 0.78125 0.0078125 0.009375
2 0.5484375 0.8140625 0.046875 0.0734375
0 0.54375 0.784375 0.0109375 0.0125