0 0.309375 0.5171875 0.1375 0.1015625
0 0.6765625 0.525 0.0875 0.078125
2 0.1671875 0.6734375 0.1140625 0.2921875
0 0.1625 0.5796875 0.0484375 0.053125
2 0.70625 0.6609375 0.171875 0.328125
0 0.671875 0.5203125 0.053125 0.05
2 0.9109375 0.3015625 0.14375 0.2703125
0 0.915625 0.1875 0.05 0.040625
2 0.75 0.303125 0.159375 0.2734375
0 0.759375 0.1859375 0.0515625 0.0390625
2 0.5359375 0.4203125 0.2421875 0.50625
0 0.5421875 0.1828125 0.0671875 0.0328125
2 0.1875 0.3203125 0.1296875 0.2859375
0 0.1734375 0.225 0.05 0.059375
2 0.0515625 0.3 0.103125 0.265625
0 0.0359375 0.1984375 0.059375 0.0609375
2 0.1953125 0.271875 0.1359375 0.209375
0 0.175 0.228125 0.05 0.059375