2 0.065625 0.5171875 0.1296875 0.4
0 0.084375 0.353125 0.0390625 0.0484375
2 0.1734375 0.5484375 0.109375 0.340625
0 0.171875 0.40625 0.0359375 0.040625
2 0.2640625 0.53125 0.1171875 0.3375
0 0.2796875 0.3984375 0.0359375 0.040625
2 0.3125 0.525 0.0875 0.3046875
0 0.3015625 0.3953125 0.0359375 0.0390625
2 0.321875 0.5140625 0.0828125 0.2859375
0 0.328125 0.3921875 0.028125 0.0328125
2 0.3375 0.4734375 0.0859375 0.2796875
0 0.34375 0.3625 0.03125 0.0328125
2 0.43125 0.4875 0.1046875 0.2515625
0 0.4390625 0.384375 0.025 0.025
2 0.5734375 0.46875 0.096875 0.215625
0 0.575 0.3828125 0.021875 0.021875
2 0.5328125 0.4515625 0.0828125 0.228125
0 0.53125 0.35625 0.025 0.025
2 0.609375 0.45 0.0671875 0.2171875
0 0.6 0.3625 0.0234375 0.03125
2 0.65 0.446875 0.075 0.2140625
0 0.646875 0.35625 0.0265625 0.0328125
2 0.8046875 0.428125 0.0703125 0.1765625
0 0.8078125 0.3546875 0.01875 0.01875
2 0.834375 0.4296875 0.075 0.196875
0 0.8390625 0.346875 0.0203125 0.021875
2 0.8828125 0.4390625 0.0828125 0.2
0 0.8890625 0.359375 0.01875 0.0234375
2 0.2453125 0.48125 0.0875 0.2609375
0 0.2546875 0.3734375 0.028125 0.0265625
2 0.4765625 0.415625 0.04375 0.15
0 0.4765625 0.3546875 0.01875 0.0203125
2 0.5078125 0.459375 0.0609375 0.19375
0 0.5203125 0.38125 0.0203125 0.0203125
2 0.3875 0.478125 0.059375 0.2140625
0 0.39375 0.390625 0.025 0.0265625
2 0.1953125 0.5203125 0.09375 0.3296875
0 0.184375 0.384375 0.0375 0.0390625