0 0.796875 0.4859375 0.0421875 0.04375
0 0.865625 0.5 0.0296875 0.0390625
0 0.9765625 0.5390625 0.028125 0.0359375
2 0.9046875 0.475 0.1109375 0.21875
0 0.9390625 0.4125 0.0296875 0.0390625
2 0.75 0.5296875 0.0484375 0.1171875
0 0.759375 0.4859375 0.025 0.025
2 0.75625 0.4859375 0.0875 0.146875
0 0.78125 0.43125 0.0296875 0.0296875
2 0.7453125 0.4375 0.0875 0.1421875
0 0.753125 0.38125 0.025 0.0328125
2 0.6921875 0.48125 0.11875 0.1859375
0 0.70625 0.409375 0.034375 0.040625
2 0.6640625 0.5265625 0.125 0.1953125
0 0.65625 0.484375 0.03125 0.0390625
0 0.6875 0.5671875 0.0359375 0.0375
0 0.65625 0.5875 0.0359375 0.03125
0 0.628125 0.5359375 0.0390625 0.028125
0 0.540625 0.596875 0.034375 0.0296875
0 0.5671875 0.559375 0.0359375 0.0359375
2 0.53125 0.55625 0.0375 0.140625
0 0.54375 0.4984375 0.0234375 0.028125
2 0.5609375 0.5484375 0.0890625 0.1671875
0 0.5796875 0.4859375 0.034375 0.0390625
2 0.5875 0.43125 0.0578125 0.1328125
0 0.603125 0.3703125 0.01875 0.009375
2 0.5484375 0.465625 0.11875 0.2
0 0.540625 0.390625 0.025 0.0390625
2 0.5171875 0.528125 0.13125 0.18125
0 0.503125 0.453125 0.0359375 0.03125
2 0.4625 0.434375 0.075 0.1375
0 0.4671875 0.371875 0.01875 0.0125
2 0.465625 0.4828125 0.090625 0.184375
0 0.459375 0.4109375 0.0265625 0.0390625
0 0.4265625 0.5625 0.03125 0.0453125
2 0.384375 0.534375 0.0890625 0.1921875
0 0.3703125 0.465625 0.028125 0.0421875
2 0.34375 0.46875 0.096875 0.16875
0 0.3421875 0.40625 0.034375 0.0359375
2 0.3828125 0.428125 0.06875 0.1265625
0 0.3875 0.371875 0.021875 0.0109375
2 0.2953125 0.4296875 0.0625 0.128125
0 0.29375 0.3703125 0.025 0.009375
2 0.31875 0.53125 0.0953125 0.19375
0 0.309375 0.45625 0.0296875 0.04375
0 0.2484375 0.540625 0.0328125 0.0421875
0 0.2515625 0.6 0.0484375 0.0453125
2 0.259375 0.46875 0.06875 0.20625
0 0.2578125 0.3984375 0.0265625 0.0375
2 0.21875 0.4515625 0.08125 0.171875
0 0.209375 0.371875 0.01875 0.0109375
0 0.1328125 0.6015625 0.0375 0.0484375
0 0.084375 0.5359375 0.0453125 0.040625
0 0.0234375 0.490625 0.0328125 0.04375
0 0.1328125 0.4625 0.03125 0.040625
2 0.153125 0.4859375 0.1796875 0.2109375
0 0.14375 0.4046875 0.0328125 0.04375
2 0.121875 0.45 0.071875 0.16875
0 0.109375 0.38125 0.03125 0.03125
2 0.046875 0.4484375 0.090625 0.1640625
0 0.0390625 0.375 0.0359375 0.0171875
2 0.0484375 0.43125 0.0859375 0.13125
0 0.040625 0.3734375 0.0328125 0.015625