0 0.971875 0.646875 0.025 0.028125
2 0.975 0.659375 0.04375 0.090625
0 0.9796875 0.6234375 0.0140625 0.0140625
2 0.9484375 0.6515625 0.0265625 0.075
0 0.9453125 0.6234375 0.0109375 0.0140625
2 0.928125 0.65625 0.0296875 0.084375
0 0.9265625 0.625 0.0140625 0.015625
2 0.9234375 0.728125 0.06875 0.1875
0 0.9046875 0.6359375 0.025 0.025
0 0.85625 0.6859375 0.0421875 0.0484375
2 0.8546875 0.7328125 0.0796875 0.2125
0 0.85 0.6453125 0.028125 0.0328125
2 0.771875 0.7375 0.0859375 0.221875
0 0.7734375 0.64375 0.028125 0.028125
2 0.7546875 0.7296875 0.0671875 0.2
0 0.7421875 0.646875 0.025 0.0265625
2 0.71875 0.73125 0.0421875 0.1171875
0 0.7140625 0.684375 0.01875 0.01875
2 0.7125 0.64375 0.021875 0.0609375
0 0.7140625 0.6203125 0.0125 0.0125
2 0.8390625 0.7078125 0.065625 0.175
0 0.840625 0.634375 0.025 0.0265625
2 0.703125 0.665625 0.028125 0.0796875
0 0.6953125 0.6296875 0.0125 0.0125
0 0.6703125 0.6390625 0.034375 0.04375
2 0.6359375 0.7234375 0.059375 0.19375
0 0.6328125 0.64375 0.0203125 0.025
0 0.6015625 0.6578125 0.0265625 0.0296875
2 0.5671875 0.7578125 0.075 0.2328125
0 0.56875 0.6609375 0.0234375 0.0265625
2 0.59375 0.64375 0.0234375 0.0609375
0 0.596875 0.61875 0.009375 0.009375
2 0.575 0.640625 0.0203125 0.0625
0 0.578125 0.6140625 0.009375 0.0109375
2 0.5578125 0.6390625 0.0171875 0.0484375
0 0.5578125 0.621875 0.00625 0.009375
2 0.534375 0.634375 0.0140625 0.04375
0 0.534375 0.6171875 0.00625 0.0078125
2 0.4171875 0.6375 0.0171875 0.05
0 0.4171875 0.6171875 0.0078125 0.009375
2 0.434375 0.640625 0.0203125 0.0609375
0 0.4359375 0.615625 0.0078125 0.0078125
2 0.4671875 0.63125 0.0140625 0.0359375
0 0.4671875 0.61875 0.0046875 0.0046875
2 0.4984375 0.6390625 0.01875 0.053125
0 0.4984375 0.6171875 0.00625 0.00625
2 0.48125 0.671875 0.0359375 0.103125
0 0.48125 0.628125 0.0140625 0.015625
2 0.4484375 0.6734375 0.034375 0.1
0 0.4484375 0.6328125 0.0109375 0.0140625
2 0.51875 0.690625 0.0390625 0.0765625
0 0.515625 0.6640625 0.01875 0.01875
2 0.50625 0.7171875 0.059375 0.146875
0 0.5015625 0.659375 0.021875 0.025
0 0.4859375 0.703125 0.065625 0.071875
0 0.3828125 0.64375 0.0578125 0.0671875
2 0.3125 0.68125 0.059375 0.14375
0 0.3140625 0.621875 0.021875 0.0203125
2 0.296875 0.63125 0.015625 0.0453125
0 0.296875 0.615625 0.00625 0.009375
2 0.28125 0.671875 0.0359375 0.1140625
0 0.28125 0.6234375 0.0125 0.0125
2 0.253125 0.678125 0.04375 0.125
0 0.25 0.628125 0.01875 0.01875
0 0.2046875 0.665625 0.0609375 0.078125
0 0.1671875 0.6546875 0.05 0.071875
0 0.0796875 0.675 0.053125 0.05
0 0.009375 0.6484375 0.01875 0.0421875
2 0.0828125 0.684375 0.05625 0.175
0 0.090625 0.6109375 0.025 0.028125