0 0.05 0.5796875 0.05625 0.075
0 0.1453125 0.64375 0.025 0.025
0 0.2921875 0.6421875 0.0234375 0.0265625
0 0.396875 0.6359375 0.025 0.025
0 0.4234375 0.65 0.0234375 0.021875
0 0.46875 0.6640625 0.01875 0.0171875
0 0.503125 0.640625 0.0203125 0.025
2 0.55 0.7015625 0.0609375 0.159375
0 0.540625 0.6359375 0.01875 0.021875
2 0.5390625 0.640625 0.040625 0.0734375
0 0.5328125 0.6140625 0.0109375 0.0140625
0 0.61875 0.6375 0.0234375 0.025
0 0.61875 0.6375 0.0234375 0.0265625
0 0.5953125 0.634375 0.0203125 0.0234375
0 0.6984375 0.6125 0.0234375 0.025
2 0.5921875 0.6078125 0.0359375 0.078125
0 0.5828125 0.5765625 0.0125 0.015625
2 0.5875 0.596875 0.0546875 0.078125
0 0.58125 0.5765625 0.0125 0.015625
2 0.7265625 0.6875 0.05625 0.178125
0 0.71875 0.615625 0.01875 0.0171875
2 0.68125 0.6890625 0.046875 0.1578125
0 0.6828125 0.625 0.0171875 0.0203125
0 0.9453125 0.565625 0.075 0.0921875
0 0.8125 0.5515625 0.0890625 0.0875
2 0.740625 0.6765625 0.0328125 0.1328125
0 0.7390625 0.621875 0.0125 0.015625
2 0.678125 0.68125 0.0421875 0.175
0 0.6828125 0.625 0.01875 0.0203125
2 0.6546875 0.6140625 0.0265625 0.059375
0 0.65625 0.590625 0.009375 0.009375
2 0.8359375 0.6796875 0.0484375 0.1640625
0 0.83125 0.6109375 0.0203125 0.025
2 0.8734375 0.68125 0.040625 0.146875
0 0.8734375 0.61875 0.0203125 0.0203125
2 0.90625 0.68125 0.0421875 0.175
0 0.9046875 0.609375 0.0234375 0.0265625
2 0.909375 0.6640625 0.0515625 0.1546875
0 0.903125 0.6109375 0.0234375 0.025
2 0.88125 0.646875 0.0375 0.1296875
0 0.8765625 0.5953125 0.0140625 0.015625
2 0.859375 0.6625 0.0359375 0.1234375
0 0.859375 0.6109375 0.0171875 0.0203125
2 0.6734375 0.5734375 0.025 0.065625
0 0.671875 0.546875 0.009375 0.009375
2 0.675 0.5546875 0.0234375 0.065625
0 0.675 0.528125 0.009375 0.009375
2 0.7125 0.5734375 0.0265625 0.06875
0 0.715625 0.54375 0.0078125 0.0078125
2 0.73125 0.5859375 0.028125 0.06875
0 0.73125 0.5578125 0.0078125 0.0078125
2 0.7484375 0.56875 0.03125 0.0625
0 0.74375 0.54375 0.0109375 0.0109375
2 0.765625 0.5578125 0.028125 0.0578125
0 0.7671875 0.534375 0.009375 0.009375
2 0.7578125 0.5578125 0.01875 0.053125
0 0.7578125 0.5375 0.0109375 0.0109375
2 0.6875 0.50625 0.0203125 0.05625
0 0.690625 0.4859375 0.00625 0.00625
2 0.7109375 0.5125 0.0171875 0.04375
0 0.7109375 0.496875 0.00625 0.0078125
2 0.725 0.51875 0.015625 0.0515625
0 0.725 0.4984375 0.00625 0.0078125
2 0.740625 0.5171875 0.028125 0.0453125
0 0.7390625 0.5 0.00625 0.0078125
2 0.7328125 0.5140625 0.0171875 0.0453125
0 0.7296875 0.4953125 0.00625 0.00625
2 0.74375 0.515625 0.015625 0.0453125
0 0.74375 0.4984375 0.00625 0.00625
2 0.7640625 0.51875 0.015625 0.0515625
0 0.7671875 0.4984375 0.0078125 0.009375
2 0.7765625 0.521875 0.01875 0.04375
0 0.7796875 0.5046875 0.00625 0.0078125
2 0.7796875 0.5109375 0.01875 0.053125
0 0.7796875 0.4890625 0.00625 0.00625
2 0.796875 0.5109375 0.01875 0.04375
0 0.7921875 0.49375 0.00625 0.00625
2 0.8109375 0.5140625 0.01875 0.0515625
0 0.8109375 0.49375 0.0046875 0.00625
2 0.853125 0.5125 0.0171875 0.0515625
0 0.8515625 0.490625 0.0078125 0.009375
2 0.8734375 0.5125 0.021875 0.0546875
0 0.875 0.490625 0.009375 0.0078125
2 0.8875 0.515625 0.01875 0.0484375
0 0.8875 0.4984375 0.00625 0.00625
2 0.8453125 0.54375 0.0203125 0.0421875
0 0.8453125 0.5265625 0.00625 0.0078125