0 0.7671875 0.509375 0.0421875 0.0453125
0 0.675 0.496875 0.0515625 0.05625
2 0.5921875 0.6234375 0.1125 0.3046875
0 0.609375 0.4953125 0.04375 0.0421875
2 0.5140625 0.61875 0.11875 0.3046875
0 0.521875 0.490625 0.046875 0.0484375
2 0.44375 0.6125 0.109375 0.3078125
0 0.4546875 0.4859375 0.0375 0.034375
2 0.4109375 0.63125 0.08125 0.2578125
0 0.409375 0.5234375 0.0375 0.0375
2 0.3546875 0.6015625 0.090625 0.309375
0 0.3578125 0.471875 0.0421875 0.0453125
2 0.3046875 0.6046875 0.1015625 0.290625
0 0.3171875 0.48125 0.046875 0.0390625
2 0.2625 0.58125 0.0984375 0.3265625
0 0.2703125 0.4421875 0.040625 0.0421875
2 0.1953125 0.6078125 0.075 0.265625
0 0.2015625 0.4984375 0.040625 0.0390625
2 0.090625 0.6046875 0.121875 0.346875
0 0.0890625 0.4703125 0.046875 0.0453125
2 0.11875 0.5796875 0.0953125 0.3203125
0 0.1125 0.446875 0.040625 0.0484375
2 0.1703125 0.5578125 0.0859375 0.3234375
0 0.171875 0.4203125 0.0375 0.0375
2 0.1171875 0.5484375 0.075 0.31875
0 0.1078125 0.409375 0.0421875 0.034375
2 0.2609375 0.5453125 0.1203125 0.3578125
0 0.2640625 0.3921875 0.0453125 0.0421875
2 0.3765625 0.5546875 0.13125 0.3671875
0 0.3875 0.4046875 0.05 0.040625
2 0.4796875 0.540625 0.1 0.334375
0 0.4859375 0.3984375 0.046875 0.040625
2 0.484375 0.5953125 0.0765625 0.303125
0 0.4890625 0.4703125 0.046875 0.046875
2 0.5265625 0.484375 0.165625 0.225
0 0.5609375 0.4 0.034375 0.040625
2 0.6046875 0.5546875 0.0984375 0.4046875
0 0.621875 0.421875 0.0453125 0.04375
2 0.69375 0.54375 0.1234375 0.390625
0 0.7 0.41875 0.040625 0.040625
0 0.896875 0.40625 0.04375 0.05625
2 0.8234375 0.575 0.090625 0.384375
0 0.825 0.4109375 0.0375 0.0421875
2 0.8578125 0.4328125 0.11875 0.3578125
0 0.85625 0.2765625 0.0421875 0.0375
2 0.3390625 0.45625 0.0875 0.265625
0 0.3328125 0.3421875 0.0359375 0.03125
2 0.409375 0.4453125 0.0828125 0.2796875
0 0.40625 0.3375 0.0359375 0.0375
2 0.46875 0.4234375 0.090625 0.2984375
0 0.4828125 0.3203125 0.0375 0.0375
2 0.5890625 0.425 0.10625 0.3375
0 0.5984375 0.321875 0.0390625 0.0359375
2 0.1515625 0.4328125 0.09375 0.240625
0 0.1578125 0.3359375 0.03125 0.0359375
2 0.21875 0.4359375 0.0703125 0.234375
0 0.2328125 0.3359375 0.0328125 0.03125
2 0.0890625 0.4171875 0.06875 0.2421875
0 0.0921875 0.3203125 0.034375 0.0328125
2 0.6203125 0.3453125 0.084375 0.146875
0 0.625 0.2921875 0.0328125 0.0296875
2 0.6828125 0.4390625 0.1015625 0.3203125
0 0.6984375 0.3453125 0.0359375 0.0421875
2 0.85 0.478125 0.1234375 0.33125
0 0.840625 0.3546875 0.0453125 0.046875
2 0.7578125 0.46875 0.096875 0.290625
0 0.765625 0.346875 0.0421875 0.040625
2 0.759375 0.4796875 0.0953125 0.2828125
0 0.76875 0.3671875 0.0453125 0.0484375
2 0.775 0.51875 0.1234375 0.4609375
0 0.7921875 0.3859375 0.0546875 0.0421875
2 0.8796875 0.5703125 0.0921875 0.38125
0 0.8734375 0.41875 0.0359375 0.0453125
2 0.89375 0.503125 0.0765625 0.31875
0 0.8890625 0.3734375 0.0421875 0.0453125
2 0.425 0.5296875 0.084375 0.29375
0 0.425 0.40625 0.034375 0.040625