0 0.78125 0.7 0.0671875 0.08125
0 0.6453125 0.696875 0.065625 0.103125
0 0.4296875 0.7234375 0.071875 0.0765625
0 0.046875 0.6328125 0.0546875 0.071875
0 0.2359375 0.6703125 0.0671875 0.0765625
0 0.3265625 0.6265625 0.025 0.0265625
0 0.590625 0.640625 0.04375 0.0453125
0 0.690625 0.6515625 0.0359375 0.040625
0 0.75625 0.646875 0.0359375 0.04375
0 0.865625 0.65625 0.0390625 0.04375
0 0.94375 0.653125 0.0296875 0.034375
2 0.8765625 0.7 0.0546875 0.15625
0 0.878125 0.6375 0.021875 0.0265625
2 0.8359375 0.721875 0.046875 0.1421875
0 0.8390625 0.671875 0.0203125 0.025
0 0.9765625 0.603125 0.0125 0.015625
2 0.9359375 0.678125 0.05625 0.1703125
0 0.9390625 0.6109375 0.0203125 0.0265625
2 0.8375 0.6578125 0.04375 0.1328125
0 0.8390625 0.6046875 0.01875 0.01875
2 0.809375 0.653125 0.034375 0.1
0 0.8140625 0.615625 0.0125 0.0140625
2 0.79375 0.640625 0.028125 0.078125
0 0.7953125 0.609375 0.0109375 0.0125
2 0.75625 0.69375 0.0609375 0.190625
0 0.7578125 0.6140625 0.021875 0.0234375
2 0.7125 0.6328125 0.0390625 0.08125
0 0.7140625 0.6 0.0109375 0.009375
2 0.6515625 0.7015625 0.075 0.1984375
0 0.6578125 0.61875 0.028125 0.028125
0 0.5609375 0.625 0.028125 0.03125
2 0.5109375 0.715625 0.078125 0.2234375
0 0.521875 0.621875 0.0234375 0.025
2 0.4453125 0.70625 0.0703125 0.2171875
0 0.4421875 0.6140625 0.0234375 0.0265625
2 0.3859375 0.7140625 0.0640625 0.2046875
0 0.390625 0.6265625 0.01875 0.021875
2 0.35 0.659375 0.0390625 0.1484375
0 0.35625 0.5984375 0.0171875 0.0203125
2 0.2953125 0.690625 0.0640625 0.1921875
0 0.303125 0.609375 0.021875 0.0265625
2 0.2078125 0.6625 0.0484375 0.15625
0 0.215625 0.6 0.0203125 0.0234375
2 0.190625 0.6625 0.0390625 0.1453125
0 0.1921875 0.6078125 0.01875 0.021875
2 0.1515625 0.6625 0.046875 0.15625
0 0.1546875 0.596875 0.01875 0.01875
2 0.075 0.7078125 0.05625 0.178125
0 0.075 0.6359375 0.021875 0.025
0 0.01875 0.6390625 0.0328125 0.0421875
2 0.4828125 0.64375 0.0390625 0.10625
0 0.4875 0.603125 0.015625 0.015625
2 0.4203125 0.646875 0.0515625 0.15
0 0.4234375 0.5890625 0.01875 0.025
2 0.13125 0.6515625 0.0453125 0.1203125
0 0.140625 0.6015625 0.0171875 0.0171875