2 0.5453125 0.65 0.609375 0.21875
0 0.3484375 0.6046875 0.075 0.0890625
2 0.171875 0.30625 0.0921875 0.2359375
0 0.19375 0.2109375 0.03125 0.0390625
2 0.359375 0.275 0.0953125 0.16875
0 0.3421875 0.2109375 0.0203125 0.025
2 0.6171875 0.2375 0.053125 0.1015625
0 0.61875 0.1984375 0.0109375 0.0125
2 0.6859375 0.303125 0.1046875 0.2390625
0 0.6640625 0.209375 0.0265625 0.0328125
2 0.6984375 0.2859375 0.0765625 0.2296875
0 0.7015625 0.19375 0.0328125 0.0390625
2 0.7875 0.23125 0.0375 0.11875
0 0.7890625 0.184375 0.015625 0.0171875
2 0.821875 0.2375 0.04375 0.1421875
0 0.8171875 0.1765625 0.0171875 0.0171875
2 0.86875 0.240625 0.05 0.140625
0 0.8625 0.184375 0.021875 0.021875
2 0.846875 0.234375 0.0328125 0.11875
0 0.85 0.1875 0.0125 0.015625