2 0.090625 0.7046875 0.05 0.1140625
0 0.090625 0.6640625 0.021875 0.0296875
2 0.121875 0.671875 0.040625 0.115625
0 0.1203125 0.6296875 0.015625 0.0171875
2 0.1796875 0.70625 0.08125 0.134375
0 0.1640625 0.6609375 0.0203125 0.021875
2 0.303125 0.69375 0.0828125 0.13125
0 0.2890625 0.64375 0.0265625 0.0265625
2 0.45 0.7015625 0.1203125 0.1578125
0 0.4953125 0.64375 0.03125 0.0359375
2 0.515625 0.675 0.0640625 0.2015625
0 0.5203125 0.5921875 0.0265625 0.034375
0 0.6453125 0.6015625 0.0234375 0.0296875
2 0.68125 0.6875 0.0546875 0.1265625
0 0.684375 0.640625 0.021875 0.0265625
2 0.7125 0.6625 0.05 0.1390625
0 0.7125 0.60625 0.0171875 0.025
2 0.7453125 0.678125 0.05 0.1421875
0 0.740625 0.61875 0.01875 0.0203125
2 0.7859375 0.671875 0.05 0.1765625
0 0.7921875 0.596875 0.0203125 0.021875
2 0.8484375 0.675 0.071875 0.1671875
0 0.8375 0.60625 0.0171875 0.021875
2 0.8703125 0.675 0.05 0.1609375
0 0.8703125 0.609375 0.01875 0.021875
2 0.925 0.671875 0.0640625 0.1859375
0 0.925 0.5953125 0.021875 0.0265625
2 0.975 0.6859375 0.0484375 0.153125
0 0.9765625 0.621875 0.0171875 0.021875
2 0.9671875 0.6578125 0.0375 0.1328125
0 0.9640625 0.6015625 0.0171875 0.0171875
2 0.9421875 0.6484375 0.0421875 0.1375
0 0.940625 0.59375 0.0171875 0.01875
2 0.8921875 0.665625 0.040625 0.1390625
0 0.890625 0.6109375 0.0171875 0.021875
2 0.8109375 0.66875 0.04375 0.1546875
0 0.8078125 0.60625 0.021875 0.0234375
2 0.603125 0.6765625 0.0390625 0.1171875
0 0.6 0.6296875 0.01875 0.021875
2 0.3796875 0.6453125 0.01875 0.0515625
0 0.384375 0.6265625 0.0078125 0.009375