2 0.2546875 0.6296875 0.115625 0.31875
0 0.2484375 0.49375 0.0375 0.0453125
2 0.1734375 0.6359375 0.1609375 0.3265625
0 0.15 0.5 0.0390625 0.0453125
0 0.0578125 0.6921875 0.03125 0.0390625
0 0.00625 0.68046875 0.0125 0.0328125
2 0.446875 0.7234375 0.040625 0.1015625
0 0.4453125 0.684375 0.015625 0.0171875
0 0.5140625 0.69375 0.028125 0.0296875
2 0.565625 0.746875 0.046875 0.109375
0 0.5609375 0.703125 0.0171875 0.021875
2 0.45 0.6890625 0.0453125 0.0875
0 0.4359375 0.653125 0.0125 0.0125
2 0.4953125 0.6375 0.040625 0.08125
0 0.503125 0.603125 0.009375 0.009375
2 0.5234375 0.59375 0.0265625 0.075
0 0.5234375 0.5640625 0.0140625 0.0140625
2 0.5421875 0.590625 0.028125 0.08125
0 0.5359375 0.5578125 0.009375 0.0109375
2 0.5109375 0.5515625 0.021875 0.0703125
0 0.50625 0.521875 0.009375 0.009375
2 0.5765625 0.5609375 0.015625 0.075
0 0.5796875 0.5296875 0.009375 0.009375
2 0.55 0.5234375 0.021875 0.0640625
0 0.5484375 0.4984375 0.009375 0.009375
2 0.5703125 0.51875 0.01875 0.0609375
0 0.571875 0.4953125 0.0078125 0.009375
2 0.5875 0.521875 0.0203125 0.059375
0 0.5859375 0.4984375 0.00625 0.0078125
2 0.5625 0.4953125 0.025 0.0515625
0 0.5625 0.4765625 0.009375 0.0109375
2 0.525 0.5046875 0.025 0.06875
0 0.5265625 0.475 0.00625 0.00625