2 0.08125 0.434375 0.0671875 0.1546875
0 0.078125 0.371875 0.01875 0.0234375
2 0.1890625 0.434375 0.0578125 0.1359375
0 0.1953125 0.378125 0.01875 0.021875
2 0.2890625 0.425 0.0671875 0.1203125
0 0.290625 0.375 0.0171875 0.01875
2 0.38125 0.4484375 0.0453125 0.0484375
0 0.3953125 0.434375 0.015625 0.0171875
2 0.4640625 0.4 0.028125 0.090625
0 0.46875 0.365625 0.0125 0.0171875
2 0.49375 0.3984375 0.0265625 0.096875
0 0.49375 0.3578125 0.0125 0.0140625
2 0.578125 0.390625 0.0296875 0.0484375
0 0.5765625 0.371875 0.009375 0.0109375
2 0.6390625 0.3875 0.0234375 0.034375
0 0.6390625 0.3703125 0.0046875 0.00625
2 0.646875 0.384375 0.0265625 0.0375
0 0.6390625 0.36875 0.00625 0.00625
2 0.725 0.4109375 0.0578125 0.0953125
0 0.7234375 0.371875 0.0125 0.015625
2 0.71875 0.4125 0.0453125 0.0984375
0 0.7234375 0.3734375 0.0125 0.015625
2 0.675 0.425 0.06875 0.09375
0 0.6578125 0.3890625 0.0140625 0.01875
2 0.628125 0.440625 0.0890625 0.1421875
0 0.609375 0.384375 0.0203125 0.028125
2 0.53125 0.4625 0.0859375 0.1515625
0 0.515625 0.4046875 0.0234375 0.03125
2 0.4515625 0.4890625 0.1265625 0.18125
0 0.4390625 0.4171875 0.0296875 0.0328125
2 0.3125 0.5078125 0.1484375 0.24375
0 0.3078125 0.4140625 0.0375 0.046875
2 0.175 0.584375 0.1609375 0.30625
0 0.1328125 0.46875 0.046875 0.0625
2 0.8203125 0.490625 0.0984375 0.225
0 0.8 0.3984375 0.034375 0.0359375
2 0.8703125 0.4546875 0.103125 0.19375
0 0.8359375 0.3796875 0.0296875 0.0359375
2 0.8546875 0.4109375 0.0421875 0.159375
0 0.8484375 0.3484375 0.021875 0.025
2 0.6265625 0.4328125 0.0765625 0.1140625
0 0.625 0.3875 0.0171875 0.0203125