2 0.15625 0.871875 0.059375 0.21875
0 0.15 0.78125 0.0203125 0.0296875
2 0.21875 0.8375 0.0421875 0.14375
0 0.221875 0.7765625 0.015625 0.015625
2 0.2515625 0.84375 0.065625 0.190625
0 0.2625 0.7640625 0.0171875 0.021875
0 0.3328125 0.76875 0.0328125 0.0359375
2 0.290625 0.871875 0.1125 0.2390625
0 0.3234375 0.775 0.03125 0.0375
0 0.36875 0.771875 0.03125 0.0390625
2 0.35625 0.8671875 0.084375 0.25625
0 0.353125 0.7578125 0.025 0.034375
0 0.43125 0.76875 0.0265625 0.034375
2 0.4890625 0.83125 0.0375 0.1265625
0 0.4875 0.778125 0.0140625 0.0140625
0 0.5453125 0.803125 0.025 0.034375
2 0.5328125 0.8703125 0.0640625 0.196875
0 0.5296875 0.7875 0.025 0.025
2 0.5890625 0.8578125 0.0671875 0.21875
0 0.590625 0.765625 0.021875 0.028125
0 0.6046875 0.79375 0.0234375 0.0375
0 0.6578125 0.7921875 0.028125 0.034375
0 0.7140625 0.778125 0.025 0.034375
2 0.771875 0.871875 0.06875 0.209375
0 0.7703125 0.7796875 0.0203125 0.01875
0 0.828125 0.809375 0.0234375 0.028125
2 0.8484375 0.8359375 0.03125 0.075
0 0.8484375 0.803125 0.0078125 0.0078125