2 0.190625 0.6171875 0.059375 0.06875
0 0.1703125 0.5921875 0.0140625 0.015625
2 0.35 0.528125 0.040625 0.0609375
0 0.340625 0.50625 0.0125 0.0125
2 0.4625 0.58125 0.040625 0.071875
0 0.45625 0.55625 0.015625 0.0171875
2 0.4265625 0.6671875 0.065625 0.0859375
0 0.409375 0.6375 0.015625 0.0171875
2 0.4140625 0.715625 0.0765625 0.0828125
0 0.390625 0.6859375 0.0203125 0.0171875
0 0.2546875 0.7375 0.0265625 0.0203125
0 0.315625 0.740625 0.01875 0.01875
0 0.3640625 0.75 0.0234375 0.021875
0 0.4375 0.7515625 0.0171875 0.0265625
0 0.4625 0.75625 0.0234375 0.0265625
2 0.5109375 0.7046875 0.0546875 0.08125
0 0.5 0.6765625 0.0203125 0.0171875
0 0.61875 0.7421875 0.0234375 0.0234375
0 0.6953125 0.765625 0.025 0.0265625
0 0.6578125 0.721875 0.0265625 0.03125
0 0.6875 0.690625 0.025 0.0265625
2 0.646875 0.71875 0.05 0.1078125
0 0.6546875 0.6765625 0.021875 0.0203125
2 0.675 0.6921875 0.04375 0.0953125
0 0.675 0.659375 0.0171875 0.021875
2 0.7453125 0.6609375 0.0546875 0.0890625
0 0.75625 0.6296875 0.0171875 0.0171875
2 0.8 0.6546875 0.0453125 0.0984375
0 0.80625 0.6171875 0.0203125 0.021875
2 0.84375 0.6078125 0.0578125 0.0890625
0 0.85625 0.5765625 0.01875 0.0203125
2 0.9078125 0.5921875 0.0765625 0.1
0 0.90625 0.553125 0.0234375 0.0171875
2 0.81875 0.5515625 0.0546875 0.103125
0 0.8234375 0.5125 0.0171875 0.0171875
2 0.85 0.53125 0.05625 0.08125
0 0.8578125 0.5 0.015625 0.0140625
2 0.7953125 0.5078125 0.0453125 0.0828125
0 0.803125 0.478125 0.0125 0.0125
2 0.7609375 0.6140625 0.05625 0.090625
0 0.7703125 0.58125 0.0171875 0.021875
2 0.715625 0.61875 0.05625 0.096875
0 0.7265625 0.584375 0.015625 0.0203125
2 0.6671875 0.65 0.0515625 0.0875
0 0.66875 0.6171875 0.0171875 0.0171875
2 0.6609375 0.621875 0.05 0.0875
0 0.6671875 0.5921875 0.0171875 0.01875
2 0.69375 0.5875 0.0390625 0.084375
0 0.696875 0.55625 0.0171875 0.0171875
2 0.6109375 0.5640625 0.040625 0.0859375
0 0.6046875 0.5296875 0.0125 0.0125
2 0.659375 0.5234375 0.034375 0.071875
0 0.6578125 0.496875 0.0140625 0.0140625
2 0.690625 0.5109375 0.034375 0.078125
0 0.6921875 0.48125 0.0125 0.0125
2 0.2953125 0.4828125 0.0484375 0.0625
0 0.2796875 0.4609375 0.0109375 0.0109375
2 0.209375 0.459375 0.0359375 0.0484375
0 0.2015625 0.4421875 0.0078125 0.0078125
2 0.2265625 0.4609375 0.0359375 0.046875
0 0.2140625 0.4421875 0.0078125 0.0078125
2 0.2421875 0.446875 0.0296875 0.0484375
0 0.2359375 0.43125 0.0046875 0.00625
2 0.25625 0.4484375 0.0328125 0.046875
0 0.2453125 0.43125 0.0078125 0.0078125
2 0.26875 0.4421875 0.03125 0.046875
0 0.259375 0.425 0.00625 0.0078125
2 0.28125 0.4390625 0.03125 0.0453125
0 0.271875 0.4234375 0.0078125 0.0078125
2 0.178125 0.4640625 0.021875 0.0296875
0 0.171875 0.4546875 0.0078125 0.0078125
2 0.175 0.45 0.0328125 0.03125
0 0.165625 0.440625 0.00625 0.00625
2 0.178125 0.4375 0.0234375 0.034375
0 0.175 0.4265625 0.0078125 0.0078125
2 0.1796875 0.390625 0.0203125 0.028125
0 0.175 0.38125 0.00625 0.00625
2 0.165625 0.39375 0.0171875 0.0265625
0 0.1609375 0.3875 0.0046875 0.0046875
2 0.153125 0.4109375 0.0265625 0.028125
0 0.1484375 0.4015625 0.0078125 0.0078125
2 0.14375 0.3859375 0.01875 0.021875
0 0.1390625 0.3796875 0.003125 0.003125
2 0.16875 0.375 0.0171875 0.021875
0 0.165625 0.365625 0.003125 0.003125
2 0.18125 0.3734375 0.015625 0.021875
0 0.1765625 0.365625 0.003125 0.003125
2 0.2 0.3890625 0.021875 0.0265625
0 0.19375 0.38125 0.003125 0.0046875
2 0.203125 0.4078125 0.0203125 0.021875
0 0.196875 0.403125 0.0046875 0.00625
2 0.74375 0.296875 0.0203125 0.040625
0 0.74375 0.2828125 0.0078125 0.0078125
2 0.7734375 0.2890625 0.0125 0.0328125
0 0.775 0.2796875 0.0046875 0.00625
2 0.8046875 0.278125 0.015625 0.040625
0 0.803125 0.265625 0.0046875 0.0046875
2 0.8546875 0.315625 0.0171875 0.040625
0 0.8578125 0.3 0.00625 0.0046875
2 0.184375 0.534375 0.0515625 0.0703125
0 0.1703125 0.50625 0.0109375 0.0109375
2 0.165625 0.4890625 0.0484375 0.0546875
0 0.153125 0.465625 0.009375 0.0078125
2 0.8890625 0.2890625 0.0375 0.0453125
0 0.896875 0.2734375 0.0078125 0.0078125
2 0.909375 0.325 0.025 0.0453125
0 0.909375 0.309375 0.0046875 0.0046875
2 0.9421875 0.6859375 0.071875 0.0953125
0 0.953125 0.6640625 0.0109375 0.0125
2 0.228125 0.4171875 0.028125 0.0359375
0 0.2203125 0.403125 0.0078125 0.0078125
2 0.1375 0.41875 0.0296875 0.03125
0 0.1296875 0.4078125 0.0078125 0.0078125