0 0.78125 0.5203125 0.109375 0.1359375
0 0.190625 0.515625 0.1296875 0.1609375
2 0.3328125 0.65625 0.259375 0.484375
0 0.3359375 0.490625 0.0921875 0.1375
2 0.696875 0.5703125 0.2078125 0.3109375
0 0.7078125 0.459375 0.06875 0.084375
2 0.6453125 0.5265625 0.1515625 0.2609375
0 0.640625 0.440625 0.0609375 0.0796875
2 0.3578125 0.56875 0.3515625 0.39375
0 0.28125 0.425 0.0703125 0.096875
2 0.4296875 0.496875 0.1921875 0.259375
0 0.4265625 0.4125 0.0453125 0.0703125
2 0.575 0.5265625 0.1703125 0.296875
0 0.5828125 0.415625 0.05625 0.0703125
2 0.290625 0.459375 0.178125 0.3296875
0 0.3453125 0.3359375 0.0578125 0.0734375
2 0.1984375 0.4375 0.146875 0.240625
0 0.171875 0.34375 0.0515625 0.046875
2 0.2171875 0.396875 0.125 0.1890625
0 0.2109375 0.33125 0.040625 0.0578125
2 0.4421875 0.4375 0.1234375 0.19375
0 0.4578125 0.36875 0.04375 0.0578125
2 0.4625 0.4234375 0.1234375 0.225
0 0.459375 0.3375 0.0390625 0.05
2 0.6140625 0.4265625 0.1171875 0.1765625
0 0.6125 0.365625 0.0515625 0.0546875
2 0.74375 0.3796875 0.059375 0.1359375
0 0.7375 0.3234375 0.01875 0.0203125
2 0.7390625 0.3359375 0.0453125 0.1296875
0 0.7421875 0.2828125 0.015625 0.0234375
2 0.6765625 0.340625 0.0484375 0.1328125
0 0.675 0.2890625 0.0171875 0.0234375
2 0.63125 0.33125 0.0453125 0.1109375
0 0.6296875 0.2890625 0.015625 0.0234375
2 0.5796875 0.3390625 0.040625 0.1015625
0 0.5765625 0.3015625 0.015625 0.021875
2 0.53125 0.328125 0.0453125 0.125
0 0.53125 0.28125 0.0171875 0.0234375
2 0.4578125 0.340625 0.0796875 0.134375
0 0.484375 0.29375 0.0234375 0.03125
2 0.48125 0.325 0.046875 0.1234375
0 0.48125 0.2765625 0.015625 0.01875
2 0.5375 0.29375 0.0359375 0.084375
0 0.534375 0.259375 0.009375 0.0125
2 0.2765625 0.290625 0.0421875 0.08125
0 0.2734375 0.259375 0.0109375 0.0109375