2 0.0609375 0.4625 0.121875 0.390625
0 0.0125 0.3 0.025 0.05625
2 0.2109375 0.4625 0.209375 0.4171875
0 0.225 0.3 0.0421875 0.0515625
2 0.3796875 0.4671875 0.178125 0.3875
0 0.3921875 0.3171875 0.0453125 0.05625
2 0.525 0.465625 0.1609375 0.35
0 0.5375 0.3234375 0.04375 0.0578125
2 0.621875 0.471875 0.103125 0.31875
0 0.6203125 0.34375 0.034375 0.053125
2 0.7125 0.515625 0.125 0.2359375
0 0.7375 0.43125 0.0421875 0.0484375
2 0.825 0.5140625 0.125 0.2
0 0.8421875 0.440625 0.0375 0.040625
2 0.9 0.503125 0.0765625 0.184375
0 0.8875 0.4328125 0.03125 0.0359375
2 0.9265625 0.5171875 0.06875 0.15625
0 0.93125 0.4609375 0.03125 0.0375