2 0.08125 0.659375 0.0640625 0.2421875
0 0.084375 0.5578125 0.025 0.0328125
2 0.1453125 0.665625 0.103125 0.2578125
0 0.146875 0.5609375 0.03125 0.0359375
2 0.2125 0.6671875 0.090625 0.2015625
0 0.221875 0.5828125 0.028125 0.034375
2 0.2078125 0.6671875 0.096875 0.203125
0 0.2203125 0.5828125 0.0328125 0.0328125
2 0.2484375 0.6671875 0.0828125 0.2375
0 0.2671875 0.5671875 0.0359375 0.034375
2 0.3078125 0.6671875 0.1078125 0.2046875
0 0.3109375 0.5828125 0.025 0.0296875
2 0.290625 0.6609375 0.065625 0.20625
0 0.3015625 0.575 0.0234375 0.0234375
2 0.28125 0.6453125 0.065625 0.2265625
0 0.275 0.5515625 0.028125 0.028125
2 0.3609375 0.646875 0.071875 0.23125
0 0.3625 0.5546875 0.028125 0.03125
2 0.390625 0.6578125 0.128125 0.246875
0 0.3890625 0.55625 0.0359375 0.040625
2 0.43125 0.6765625 0.0765625 0.1875
0 0.446875 0.6015625 0.028125 0.03125
2 0.5140625 0.6796875 0.071875 0.190625
0 0.5203125 0.6 0.0203125 0.0265625
2 0.5375 0.6625 0.09375 0.2640625
0 0.5515625 0.553125 0.034375 0.040625
2 0.6078125 0.6703125 0.1203125 0.2609375
0 0.6015625 0.559375 0.034375 0.034375
2 0.5921875 0.6578125 0.1140625 0.259375
0 0.60625 0.55 0.0359375 0.0375
2 0.703125 0.6703125 0.071875 0.2453125
0 0.703125 0.5703125 0.0359375 0.0375
2 0.78125 0.65625 0.0890625 0.259375
0 0.7875 0.546875 0.034375 0.0375
2 0.878125 0.665625 0.134375 0.2265625
0 0.8625 0.5703125 0.0328125 0.034375
2 0.946875 0.66875 0.096875 0.23125
0 0.959375 0.5765625 0.028125 0.0375
2 0.7625 0.6015625 0.0296875 0.084375
0 0.7640625 0.5703125 0.009375 0.009375