2 0.21875 0.52265625 0.4375 0.3578125
0 0.1546875 0.390625 0.0875 0.0859375
2 0.3375 0.471875 0.215625 0.35
0 0.29375 0.33125 0.065625 0.0640625
2 0.403125 0.43125 0.1671875 0.234375
0 0.421875 0.340625 0.0375 0.0453125
2 0.090625 0.3625 0.0703125 0.0734375
0 0.071875 0.3359375 0.0171875 0.0171875
2 0.15625 0.35625 0.0578125 0.0625
0 0.153125 0.3375 0.0171875 0.0203125
2 0.3359375 0.31875 0.0484375 0.06875
0 0.3359375 0.2953125 0.0140625 0.0140625
2 0.4265625 0.3359375 0.053125 0.1796875
0 0.4265625 0.2625 0.028125 0.028125
2 0.403125 0.3421875 0.05 0.16875
0 0.396875 0.2734375 0.01875 0.025
2 0.5125 0.3 0.021875 0.03125
0 0.5140625 0.2875 0.00625 0.00625
2 0.540625 0.29375 0.0203125 0.0515625
0 0.5421875 0.2734375 0.00625 0.0078125
2 0.653125 0.321875 0.0546875 0.15
0 0.6546875 0.2609375 0.01875 0.025
2 0.690625 0.3078125 0.025 0.05
0 0.690625 0.2875 0.0078125 0.0078125
2 0.7328125 0.33125 0.059375 0.1921875
0 0.7390625 0.25 0.021875 0.028125
2 0.759375 0.3171875 0.025 0.0796875
0 0.7640625 0.2859375 0.0125 0.0140625
2 0.809375 0.3390625 0.065625 0.18125
0 0.8140625 0.2640625 0.021875 0.028125
2 0.8578125 0.328125 0.0625 0.190625
0 0.8609375 0.25 0.0203125 0.0234375
0 0.9453125 0.378125 0.103125 0.1296875
2 0.884375 0.396875 0.109375 0.18125
0 0.89375 0.334375 0.040625 0.05
2 0.8890625 0.334375 0.0625 0.1890625
0 0.896875 0.2578125 0.021875 0.028125
2 0.9578125 0.3421875 0.0734375 0.190625
0 0.9609375 0.2609375 0.021875 0.025
2 0.915625 0.3296875 0.0375 0.1421875
0 0.921875 0.275 0.01875 0.0171875
2 0.9734375 0.31875 0.0421875 0.13125
0 0.9765625 0.2671875 0.01875 0.021875