2 0.0125 0.5390625 0.025 0.10625
0 0.003125 0.49296875 0.00625 0.0140625
2 0.015625 0.5328125 0.028125 0.0734375
0 0.0140625 0.503125 0.0109375 0.009375
2 0.034375 0.528125 0.01875 0.0546875
0 0.040625 0.5078125 0.0078125 0.009375
2 0.053125 0.528125 0.0171875 0.05
0 0.053125 0.509375 0.0078125 0.009375
2 0.09375 0.553125 0.0875 0.16875
0 0.109375 0.4828125 0.021875 0.021875
2 0.1984375 0.596875 0.096875 0.265625
0 0.2078125 0.4859375 0.0296875 0.0390625
2 0.321875 0.6015625 0.11875 0.3328125
0 0.346875 0.4609375 0.0390625 0.046875
0 0.403125 0.4703125 0.0375 0.04375
2 0.575 0.59375 0.1578125 0.265625
0 0.5734375 0.4875 0.034375 0.040625
0 0.7375 0.478125 0.0421875 0.0484375
0 0.8140625 0.5109375 0.046875 0.0546875
2 0.89375 0.60625 0.0859375 0.26875
0 0.8875 0.49375 0.0328125 0.0359375
0 0.9625 0.471875 0.05625 0.059375
2 0.69375 0.584375 0.075 0.2125
0 0.7 0.4953125 0.0265625 0.03125
2 0.78125 0.53125 0.021875 0.059375
0 0.778125 0.509375 0.009375 0.009375
2 0.6546875 0.5421875 0.0421875 0.121875
0 0.65625 0.490625 0.0140625 0.015625
2 0.59375 0.55 0.05 0.1578125
0 0.5953125 0.484375 0.0171875 0.0203125
2 0.6171875 0.540625 0.028125 0.0875
0 0.6171875 0.50625 0.009375 0.0125
2 0.628125 0.540625 0.025 0.0796875
0 0.628125 0.5078125 0.009375 0.009375
2 0.6484375 0.5421875 0.0265625 0.078125
0 0.646875 0.5078125 0.0078125 0.009375
2 0.53125 0.5640625 0.0390625 0.1421875
0 0.5296875 0.5046875 0.0140625 0.015625
2 0.5328125 0.5421875 0.0421875 0.1171875
0 0.53125 0.496875 0.015625 0.0171875
2 0.5 0.553125 0.0359375 0.128125
0 0.4984375 0.5 0.0171875 0.01875
2 0.471875 0.546875 0.0328125 0.1015625
0 0.471875 0.5046875 0.0140625 0.015625
2 0.446875 0.5640625 0.0625 0.2125
0 0.446875 0.4734375 0.025 0.028125
2 0.2953125 0.584375 0.0765625 0.23125
0 0.296875 0.4859375 0.0234375 0.0296875
2 0.259375 0.54375 0.0421875 0.11875
0 0.259375 0.4921875 0.0140625 0.015625
2 0.13125 0.5390625 0.0296875 0.090625
0 0.13125 0.5015625 0.0125 0.015625
2 0.153125 0.5375 0.0234375 0.0734375
0 0.15 0.50625 0.0125 0.0125
2 0.16875 0.53125 0.0234375 0.0671875
0 0.1703125 0.5046875 0.0078125 0.0109375
2 0.2390625 0.54375 0.03125 0.10625
0 0.2390625 0.5015625 0.0125 0.015625
2 0.8296875 0.55625 0.0421875 0.146875
0 0.8328125 0.4953125 0.015625 0.0171875
2 0.853125 0.553125 0.034375 0.1265625
0 0.853125 0.4984375 0.0140625 0.0171875
2 0.875 0.5578125 0.0640625 0.165625
0 0.878125 0.4859375 0.0171875 0.0203125