2 0.2609375 0.590625 0.2171875 0.4765625
0 0.2453125 0.409375 0.0453125 0.065625
2 0.3625 0.6 0.15 0.2109375
0 0.3890625 0.5328125 0.0359375 0.0453125
2 0.33125 0.496875 0.10625 0.2640625
0 0.3140625 0.3921875 0.028125 0.034375
2 0.746875 0.5921875 0.1265625 0.446875
0 0.7375 0.409375 0.05 0.0640625
2 0.6390625 0.5703125 0.1375 0.315625
0 0.596875 0.45 0.040625 0.05625
2 0.59375 0.546875 0.146875 0.2546875
0 0.55 0.45 0.0328125 0.04375
2 0.4875 0.478125 0.0671875 0.2015625
0 0.4734375 0.4015625 0.025 0.0265625
2 0.5796875 0.503125 0.103125 0.2625
0 0.58125 0.4 0.0296875 0.0390625
2 0.540625 0.496875 0.0796875 0.221875
0 0.525 0.40625 0.0328125 0.0375
2 0.553125 0.4921875 0.06875 0.2515625
0 0.5515625 0.3875 0.025 0.034375