2 0.859375 0.5078125 0.1359375 0.409375
0 0.8375 0.346875 0.06875 0.084375
0 0.8015625 0.4609375 0.078125 0.1078125
0 0.934375 0.440625 0.121875 0.1390625
2 0.6734375 0.5625 0.1546875 0.371875
0 0.65 0.4 0.040625 0.04375
2 0.4859375 0.3859375 0.1265625 0.259375
0 0.484375 0.284375 0.0328125 0.040625
0 0.6171875 0.375 0.0953125 0.115625
2 0.5 0.5390625 0.178125 0.4359375
0 0.4953125 0.3703125 0.075 0.0953125
0 0.4671875 0.453125 0.103125 0.125
0 0.3640625 0.3640625 0.0796875 0.1140625
0 0.1765625 0.4625 0.10625 0.146875
0 0.178125 0.3953125 0.0921875 0.1109375
2 0.0640625 0.55 0.1265625 0.38125
0 0.0515625 0.4109375 0.0875 0.090625
0 0.04375 0.628125 0.0875 0.178125
0 0.1765625 0.4671875 0.103125 0.1390625