2 0.0296875 0.6578125 0.059375 0.3078125
0 0.0140625 0.5234375 0.028125 0.03125
0 0.15 0.54375 0.034375 0.040625
2 0.190625 0.634375 0.1171875 0.2984375
0 0.2 0.5046875 0.0328125 0.034375
2 0.2953125 0.615625 0.08125 0.2421875
0 0.2890625 0.5140625 0.03125 0.034375
2 0.4234375 0.625 0.10625 0.278125
0 0.4296875 0.5078125 0.028125 0.034375
2 0.55 0.6265625 0.134375 0.23125
0 0.540625 0.5234375 0.0265625 0.028125
2 0.66875 0.653125 0.0921875 0.2828125
0 0.65625 0.5328125 0.03125 0.034375
0 0.846875 0.3203125 0.084375 0.1015625
2 0.5890625 0.60625 0.0390625 0.1125
0 0.5953125 0.559375 0.0125 0.0171875
2 0.609375 0.609375 0.034375 0.1078125
0 0.6046875 0.565625 0.0109375 0.0140625
2 0.63125 0.6125 0.0328125 0.11875
0 0.634375 0.5625 0.0140625 0.015625
2 0.709375 0.596875 0.034375 0.084375
0 0.7078125 0.565625 0.009375 0.0109375
2 0.7375 0.6 0.028125 0.0890625
0 0.7421875 0.5640625 0.009375 0.0125
2 0.5015625 0.6 0.0328125 0.0890625
0 0.503125 0.5625 0.009375 0.0125
2 0.4765625 0.60625 0.0375 0.1078125
0 0.478125 0.5625 0.0140625 0.0140625
2 0.38125 0.60625 0.0359375 0.0921875
0 0.378125 0.5625 0.009375 0.009375
2 0.371875 0.6046875 0.0265625 0.09375
0 0.3796875 0.5625 0.0109375 0.0109375
2 0.58125 0.590625 0.025 0.0921875
0 0.584375 0.55 0.009375 0.0109375