2 0.1234375 0.5375 0.1859375 0.409375
0 0.1125 0.3671875 0.0453125 0.059375
2 0.21875 0.6046875 0.1578125 0.3609375
0 0.2546875 0.459375 0.0421875 0.0578125
2 0.234375 0.5296875 0.096875 0.3140625
0 0.240625 0.3984375 0.03125 0.04375
2 0.3234375 0.53125 0.0984375 0.30625
0 0.3234375 0.4015625 0.03125 0.0421875
2 0.371875 0.603125 0.1828125 0.3078125
0 0.3375 0.478125 0.0390625 0.053125
2 0.4765625 0.525 0.128125 0.3046875
0 0.4984375 0.396875 0.0296875 0.0421875
2 0.515625 0.615625 0.15 0.234375
0 0.5140625 0.528125 0.0375 0.053125
2 0.571875 0.53125 0.103125 0.2953125
0 0.5640625 0.40625 0.03125 0.0390625
2 0.6953125 0.609375 0.125 0.2953125
0 0.703125 0.49375 0.040625 0.0484375
2 0.709375 0.54375 0.08125 0.3015625
0 0.7140625 0.4171875 0.0296875 0.0421875
0 0.784375 0.4875 0.034375 0.0515625
2 0.7921875 0.546875 0.0921875 0.3125
0 0.7828125 0.4140625 0.0328125 0.040625
2 0.89375 0.5765625 0.09375 0.384375
0 0.9 0.4109375 0.0484375 0.0515625