2 0.1828125 0.490625 0.2453125 0.6046875
0 0.159375 0.234375 0.059375 0.0875
2 0.196875 0.509375 0.240625 0.5703125
0 0.2484375 0.265625 0.0578125 0.078125
2 0.3546875 0.5 0.1515625 0.584375
0 0.359375 0.253125 0.05 0.0765625
2 0.4734375 0.49375 0.15 0.5703125
0 0.4796875 0.2515625 0.0546875 0.0734375
2 0.60625 0.490625 0.15 0.5703125
0 0.603125 0.2515625 0.05625 0.078125
2 0.75 0.4984375 0.171875 0.56875
0 0.7328125 0.2609375 0.0625 0.0796875
2 0.8125 0.49375 0.28125 0.584375
0 0.8734375 0.2453125 0.0625 0.0828125
2 0.24375 0.59375 0.159375 0.41875
0 0.26875 0.4359375 0.0625 0.084375
2 0.371875 0.58125 0.1453125 0.4265625
0 0.3796875 0.409375 0.059375 0.0734375
2 0.4953125 0.590625 0.178125 0.4203125
0 0.496875 0.4265625 0.0546875 0.0765625
2 0.6328125 0.584375 0.159375 0.425
0 0.6234375 0.415625 0.0609375 0.0828125
2 0.7765625 0.590625 0.1640625 0.421875
0 0.7515625 0.43125 0.0625 0.084375