2 0.265625 0.671875 0.0296875 0.0421875
0 0.2609375 0.65625 0.00625 0.00625
2 0.31875 0.66875 0.0125 0.0375
0 0.31875 0.653125 0.0046875 0.00625
2 0.4515625 0.6765625 0.0140625 0.028125
0 0.453125 0.665625 0.003125 0.003125
2 0.5546875 0.68125 0.009375 0.034375
0 0.553125 0.6671875 0.003125 0.0046875
2 0.571875 0.678125 0.0078125 0.0296875
0 0.571875 0.66875 0.003125 0.003125
2 0.58125 0.68125 0.0078125 0.03125
0 0.5828125 0.6703125 0.0046875 0.0046875
2 0.5875 0.6765625 0.009375 0.03125
0 0.5859375 0.665625 0.0046875 0.0046875
2 0.5953125 0.6859375 0.015625 0.0359375
0 0.5984375 0.671875 0.0046875 0.00625
2 0.603125 0.684375 0.009375 0.0265625
0 0.6015625 0.6734375 0.003125 0.0046875
2 0.6171875 0.6796875 0.0078125 0.03125
0 0.61875 0.6671875 0.003125 0.0046875
2 0.6203125 0.68125 0.0078125 0.0328125
0 0.621875 0.66875 0.0046875 0.00625
2 0.634375 0.684375 0.00625 0.0296875
0 0.634375 0.671875 0.003125 0.003125
2 0.6375 0.6859375 0.009375 0.0296875
0 0.6375 0.675 0.0046875 0.0046875