0 0.2734375 0.45 0.0765625 0.09375
2 0.1546875 0.6140625 0.1234375 0.3703125
0 0.1546875 0.478125 0.0484375 0.0703125
2 0.2734375 0.59375 0.0890625 0.334375
0 0.2640625 0.4546875 0.046875 0.0484375
2 0.3046875 0.4921875 0.0265625 0.05625
0 0.3046875 0.471875 0.0078125 0.0109375
2 0.403125 0.5421875 0.034375 0.0625
0 0.403125 0.51875 0.0109375 0.0140625
2 0.4515625 0.5421875 0.0515625 0.0703125
0 0.440625 0.5171875 0.0125 0.015625
2 0.4609375 0.5359375 0.0515625 0.071875
0 0.4484375 0.5109375 0.0140625 0.015625
2 0.409375 0.4703125 0.0109375 0.0171875
0 0.40625 0.465625 0.003125 0.0046875
2 0.434375 0.4703125 0.0078125 0.015625
0 0.434375 0.4640625 0.003125 0.003125
2 0.5 0.4796875 0.0109375 0.0234375
0 0.4984375 0.471875 0.003125 0.003125
2 0.66875 0.484375 0.009375 0.0171875
0 0.6671875 0.478125 0.003125 0.003125
0 0.6984375 0.5125 0.0484375 0.065625
0 0.7375 0.4984375 0.0609375 0.0734375
0 0.8578125 0.46875 0.08125 0.103125