0 0.8703125 0.5453125 0.078125 0.090625
2 0.6734375 0.565625 0.1515625 0.4015625
0 0.678125 0.4015625 0.046875 0.06875
2 0.78125 0.5546875 0.1203125 0.3109375
0 0.771875 0.43125 0.0390625 0.0484375
2 0.934375 0.3921875 0.1109375 0.203125
0 0.934375 0.3203125 0.034375 0.0375
2 0.9671875 0.259375 0.0328125 0.0875
0 0.9640625 0.221875 0.0109375 0.0125
2 0.9375 0.2625 0.03125 0.08125
0 0.9421875 0.23125 0.0125 0.015625
2 0.8984375 0.25625 0.0390625 0.0828125
0 0.90625 0.221875 0.0109375 0.0125
2 0.84375 0.2578125 0.034375 0.084375
0 0.846875 0.225 0.0125 0.0140625
2 0.815625 0.253125 0.0265625 0.078125
0 0.8140625 0.221875 0.009375 0.0109375
2 0.7890625 0.25625 0.0265625 0.071875
0 0.7921875 0.228125 0.009375 0.0140625
2 0.7640625 0.2515625 0.0296875 0.075
0 0.7625 0.21875 0.0078125 0.009375
2 0.5921875 0.5234375 0.1203125 0.3484375
0 0.6046875 0.384375 0.0390625 0.05625
2 0.503125 0.5015625 0.1140625 0.3375
0 0.5015625 0.3609375 0.0375 0.05
2 0.3671875 0.578125 0.1125 0.3765625
0 0.371875 0.4203125 0.040625 0.0515625
2 0.45 0.459375 0.0921875 0.271875
0 0.4578125 0.3515625 0.0328125 0.05
2 0.353125 0.484375 0.1 0.3125
0 0.3578125 0.35 0.0328125 0.0328125
2 0.4140625 0.415625 0.090625 0.271875
0 0.4125 0.303125 0.028125 0.0421875
2 0.34375 0.4296875 0.109375 0.275
0 0.3484375 0.31875 0.034375 0.046875
2 0.290625 0.4140625 0.0953125 0.284375
0 0.29375 0.296875 0.0296875 0.0421875
2 0.2265625 0.446875 0.1125 0.309375
0 0.228125 0.31875 0.034375 0.05
2 0.1 0.46875 0.0953125 0.271875
0 0.1 0.3546875 0.0296875 0.0421875
2 0.1171875 0.4078125 0.0953125 0.271875
0 0.1125 0.29375 0.0328125 0.0390625
2 0.0265625 0.4515625 0.053125 0.240625
0 0.00625 0.35234375 0.0125 0.0390625
2 0.028125 0.340625 0.046875 0.15
0 0.025 0.2796875 0.01875 0.025
2 0.0984375 0.3578125 0.0546875 0.159375
0 0.1015625 0.290625 0.01875 0.0203125
2 0.13125 0.375 0.0765625 0.1953125
0 0.1203125 0.2921875 0.0265625 0.028125
2 0.15 0.3609375 0.0671875 0.209375
0 0.146875 0.271875 0.021875 0.025
2 0.203125 0.375 0.0609375 0.1921875
0 0.190625 0.2953125 0.025 0.0296875
2 0.25625 0.25 0.0203125 0.059375
0 0.2546875 0.2234375 0.00625 0.00625
2 0.26875 0.25 0.0171875 0.05625
0 0.2671875 0.228125 0.00625 0.0078125
2 0.303125 0.2546875 0.0296875 0.065625
0 0.303125 0.2296875 0.009375 0.0109375