2 0.84375 0.590625 0.0734375 0.2515625
0 0.8421875 0.4828125 0.028125 0.03125
2 0.784375 0.5890625 0.065625 0.2375
0 0.7796875 0.4859375 0.0296875 0.034375
2 0.771875 0.565625 0.0734375 0.2421875
0 0.7640625 0.4625 0.0265625 0.03125
2 0.728125 0.5796875 0.0734375 0.24375
0 0.725 0.475 0.0234375 0.0328125
2 0.7109375 0.5625 0.05 0.203125
0 0.7125 0.4765625 0.021875 0.028125
2 0.675 0.5734375 0.0609375 0.2140625
0 0.675 0.4828125 0.0234375 0.0296875
2 0.6578125 0.56875 0.0453125 0.2234375
0 0.6546875 0.471875 0.0234375 0.0265625
2 0.6390625 0.575 0.0546875 0.2171875
0 0.6359375 0.4828125 0.0234375 0.0265625
2 0.615625 0.5609375 0.059375 0.2046875
0 0.6109375 0.4734375 0.021875 0.0296875
2 0.578125 0.5828125 0.0546875 0.240625
0 0.571875 0.478125 0.021875 0.028125
2 0.521875 0.5828125 0.05625 0.2390625
0 0.521875 0.4796875 0.0234375 0.0265625
2 0.4765625 0.559375 0.059375 0.2140625
0 0.4765625 0.4703125 0.0234375 0.03125
2 0.434375 0.5703125 0.06875 0.228125
0 0.4328125 0.475 0.0234375 0.0296875
2 0.3765625 0.5796875 0.084375 0.221875
0 0.3765625 0.4875 0.025 0.0328125
2 0.3984375 0.5640625 0.053125 0.215625
0 0.396875 0.471875 0.0234375 0.0265625
2 0.325 0.5671875 0.0609375 0.2046875
0 0.325 0.4796875 0.021875 0.025
2 0.3140625 0.5953125 0.0703125 0.2359375
0 0.3109375 0.49375 0.025 0.03125
2 0.2703125 0.603125 0.0796875 0.2484375
0 0.271875 0.496875 0.028125 0.034375
2 0.25 0.5859375 0.0578125 0.253125
0 0.2453125 0.4765625 0.028125 0.0328125
2 0.2140625 0.5984375 0.0875 0.25
0 0.2171875 0.4921875 0.0296875 0.0359375
2 0.521875 0.6140625 0.084375 0.1890625
0 0.525 0.5375 0.028125 0.034375