2 0.0609375 0.4703125 0.121875 0.4125
0 0.04375 0.3109375 0.0703125 0.090625
2 0.2546875 0.490625 0.1046875 0.3859375
0 0.2640625 0.3296875 0.0484375 0.0578125
2 0.3484375 0.49375 0.1421875 0.4046875
0 0.3546875 0.3203125 0.0484375 0.0546875
2 0.3609375 0.553125 0.159375 0.5015625
0 0.353125 0.346875 0.071875 0.0890625
0 0.196875 0.3 0.159375 0.20625
0 0.5140625 0.29375 0.115625 0.1453125
0 0.571875 0.284375 0.0921875 0.1234375
2 0.646875 0.546875 0.128125 0.4953125
0 0.65625 0.3515625 0.0734375 0.0953125
2 0.709375 0.496875 0.0984375 0.3765625
0 0.7109375 0.35 0.0484375 0.0671875
2 0.7359375 0.546875 0.1375 0.40625
0 0.75625 0.384375 0.0625 0.0703125
0 0.8 0.3671875 0.090625 0.1015625
0 0.96875 0.3703125 0.0453125 0.0484375
2 0.8953125 0.5515625 0.18125 0.5484375
0 0.871875 0.3265625 0.075 0.0703125