2 0.109375 0.5203125 0.1015625 0.3203125
0 0.10625 0.3875 0.034375 0.0453125
2 0.18125 0.51875 0.0953125 0.3203125
0 0.1765625 0.3859375 0.040625 0.0484375
2 0.228125 0.5296875 0.115625 0.315625
0 0.2265625 0.4015625 0.0359375 0.046875
2 0.2734375 0.5453125 0.13125 0.3078125
0 0.284375 0.4171875 0.0375 0.0453125
2 0.3640625 0.5359375 0.109375 0.334375
0 0.35625 0.396875 0.040625 0.046875
2 0.534375 0.5453125 0.171875 0.3546875
0 0.5390625 0.39375 0.0375 0.0515625
2 0.6015625 0.5171875 0.1203125 0.353125
0 0.6 0.3703125 0.034375 0.0453125
2 0.6921875 0.521875 0.1125 0.3765625
0 0.6890625 0.3625 0.040625 0.0515625
2 0.753125 0.5359375 0.159375 0.4390625
0 0.7671875 0.3515625 0.0484375 0.0546875
2 0.85 0.53125 0.128125 0.3875
0 0.859375 0.371875 0.04375 0.0546875
0 0.9171875 0.3640625 0.053125 0.0625
2 0.209375 0.496875 0.084375 0.303125
0 0.2140625 0.36875 0.0359375 0.0421875
2 0.3125 0.4765625 0.15625 0.3125
0 0.275 0.3515625 0.0328125 0.04375
2 0.303125 0.5 0.096875 0.278125
0 0.296875 0.3890625 0.0328125 0.0421875
2 0.3984375 0.5046875 0.08125 0.265625
0 0.409375 0.3953125 0.03125 0.040625
2 0.453125 0.4890625 0.084375 0.3
0 0.459375 0.3671875 0.0328125 0.04375
2 0.503125 0.4828125 0.096875 0.290625
0 0.5 0.3609375 0.0375 0.0421875
2 0.6015625 0.4546875 0.125 0.34375
0 0.6234375 0.3640625 0.03125 0.040625
2 0.6453125 0.4953125 0.103125 0.303125
0 0.6484375 0.375 0.0375 0.046875
2 0.7421875 0.471875 0.153125 0.409375
0 0.75625 0.3390625 0.034375 0.040625