2 0.0453125 0.51328125 0.090625 0.5046875
0 0.0234375 0.303125 0.046875 0.0703125
2 0.1796875 0.51875 0.25625 0.6171875
0 0.19375 0.2640625 0.0796875 0.1046875
2 0.2421875 0.4953125 0.1546875 0.4953125
0 0.2390625 0.2890625 0.0421875 0.0703125
2 0.3203125 0.5265625 0.0984375 0.3859375
0 0.3171875 0.3703125 0.0359375 0.0578125
2 0.43125 0.54375 0.190625 0.6375
0 0.44375 0.2828125 0.0703125 0.0984375
2 0.4765625 0.50625 0.14375 0.4828125
0 0.50625 0.309375 0.0515625 0.0703125
2 0.575 0.5140625 0.1671875 0.575
0 0.5859375 0.271875 0.0625 0.0796875
0 0.740625 0.1953125 0.075 0.103125