2 0.10625 0.3953125 0.1359375 0.2921875
0 0.1046875 0.275 0.03125 0.0421875
2 0.1734375 0.4015625 0.1390625 0.3015625
0 0.1609375 0.2765625 0.0296875 0.0421875
2 0.2296875 0.4078125 0.15625 0.328125
0 0.221875 0.2875 0.034375 0.046875
2 0.28125 0.428125 0.1609375 0.3359375
0 0.28125 0.2890625 0.040625 0.05
2 0.34375 0.4390625 0.15625 0.3546875
0 0.346875 0.29375 0.0328125 0.0515625
2 0.4328125 0.446875 0.165625 0.371875
0 0.4359375 0.3015625 0.0421875 0.053125
2 0.534375 0.471875 0.1078125 0.3859375
0 0.528125 0.3125 0.040625 0.0609375
2 0.6421875 0.446875 0.1578125 0.3703125
0 0.640625 0.2953125 0.0453125 0.05625
2 0.7203125 0.428125 0.1328125 0.346875
0 0.71875 0.284375 0.040625 0.0515625
2 0.771875 0.4140625 0.1359375 0.3234375
0 0.7671875 0.2765625 0.0359375 0.0421875
2 0.815625 0.3984375 0.128125 0.3015625
0 0.8109375 0.2765625 0.0328125 0.0453125
2 0.8703125 0.3875 0.1296875 0.3046875
0 0.8640625 0.259375 0.0296875 0.040625
2 0.9078125 0.378125 0.0984375 0.2859375
0 0.9109375 0.2609375 0.0328125 0.0421875
2 0.5390625 0.4125 0.1890625 0.3984375
0 0.534375 0.24375 0.0453125 0.05625