2 0.0578125 0.5890625 0.115625 0.53125
0 0.034375 0.365625 0.0609375 0.0765625
2 0.1734375 0.5671875 0.1546875 0.4765625
0 0.1828125 0.3703125 0.059375 0.075
2 0.2859375 0.5703125 0.140625 0.4890625
0 0.275 0.36875 0.059375 0.078125
2 0.365625 0.578125 0.1453125 0.55
0 0.3671875 0.3484375 0.0578125 0.078125
2 0.4984375 0.578125 0.1859375 0.578125
0 0.49375 0.3359375 0.06875 0.084375
2 0.63125 0.590625 0.1484375 0.540625
0 0.6328125 0.3625 0.059375 0.075
2 0.715625 0.540625 0.153125 0.5578125
0 0.7359375 0.303125 0.0671875 0.078125
2 0.771875 0.6015625 0.159375 0.5328125
0 0.7671875 0.378125 0.0703125 0.084375
2 0.8671875 0.5609375 0.1921875 0.55625
0 0.8390625 0.3328125 0.0703125 0.08125
2 0.88125 0.615625 0.175 0.540625
0 0.8828125 0.3890625 0.059375 0.0765625