2 0.075 0.5875 0.090625 0.325
0 0.084375 0.45 0.0390625 0.04375
2 0.140625 0.603125 0.0796875 0.3453125
0 0.1453125 0.453125 0.0390625 0.040625
2 0.2140625 0.590625 0.071875 0.296875
0 0.2265625 0.4671875 0.0421875 0.046875
2 0.240625 0.578125 0.071875 0.2625
0 0.2515625 0.46875 0.0328125 0.0390625
0 0.1921875 0.41875 0.065625 0.0640625
2 0.3546875 0.63125 0.121875 0.3859375
0 0.3546875 0.4640625 0.05625 0.0484375
2 0.421875 0.6328125 0.1046875 0.3328125
0 0.421875 0.4921875 0.0453125 0.0453125
2 0.459375 0.6 0.06875 0.259375
0 0.4375 0.496875 0.021875 0.034375
2 0.5109375 0.5796875 0.0640625 0.2046875
0 0.515625 0.4890625 0.0203125 0.021875
2 0.6046875 0.575 0.0546875 0.1796875
0 0.603125 0.5 0.0203125 0.025
2 0.6796875 0.5859375 0.0765625 0.2546875
0 0.678125 0.4765625 0.0265625 0.034375
2 0.6640625 0.6109375 0.0859375 0.3171875
0 0.66875 0.478125 0.0390625 0.0484375
2 0.7453125 0.6359375 0.115625 0.3609375
0 0.7359375 0.484375 0.0515625 0.0515625
2 0.846875 0.60625 0.121875 0.2859375
0 0.8203125 0.484375 0.0359375 0.0375
0 0.9421875 0.4484375 0.0546875 0.053125
2 0.5625 0.5921875 0.153125 0.475
0 0.540625 0.428125 0.046875 0.0546875