2 0.8015625 0.465625 0.0203125 0.05
0 0.8015625 0.4453125 0.00625 0.00625
2 0.728125 0.5828125 0.103125 0.384375
0 0.715625 0.425 0.04375 0.0609375
2 0.678125 0.5859375 0.165625 0.3453125
0 0.6609375 0.440625 0.040625 0.05
2 0.5421875 0.60625 0.1046875 0.3765625
0 0.5453125 0.4484375 0.04375 0.059375
2 0.4984375 0.625 0.1078125 0.390625
0 0.4890625 0.4703125 0.04375 0.0625
2 0.528125 0.56875 0.1140625 0.3625
0 0.521875 0.4203125 0.040625 0.0484375
2 0.4796875 0.4859375 0.1078125 0.3265625
0 0.4828125 0.35 0.0375 0.0453125
2 0.45 0.584375 0.103125 0.3921875
0 0.453125 0.421875 0.040625 0.059375
2 0.390625 0.628125 0.128125 0.4046875
0 0.409375 0.4609375 0.0484375 0.0625
2 0.359375 0.559375 0.125 0.41875
0 0.371875 0.3890625 0.04375 0.0546875
2 0.290625 0.628125 0.153125 0.48125
0 0.2984375 0.428125 0.053125 0.075
0 0.2109375 0.425 0.0609375 0.084375
2 0.265625 0.58125 0.1234375 0.446875
0 0.2546875 0.3921875 0.0546875 0.0671875