2 0.01875 0.65625 0.0375 0.1578125
0 0.01875 0.590625 0.0234375 0.0234375
2 0.096875 0.6125 0.015625 0.05
0 0.0953125 0.5921875 0.0078125 0.009375
2 0.090625 0.609375 0.0171875 0.0546875
0 0.0921875 0.590625 0.00625 0.0109375
2 0.140625 0.6296875 0.028125 0.09375
0 0.1390625 0.5921875 0.0109375 0.015625
2 0.175 0.65625 0.0453125 0.15625
0 0.1828125 0.59375 0.021875 0.025
2 0.20625 0.6390625 0.0390625 0.125
0 0.203125 0.5875 0.0140625 0.015625
2 0.275 0.665625 0.0609375 0.19375
0 0.2828125 0.5859375 0.0265625 0.03125
2 0.3171875 0.634375 0.0359375 0.128125
0 0.315625 0.58125 0.015625 0.01875
2 0.3796875 0.63125 0.034375 0.10625
0 0.378125 0.5859375 0.0140625 0.0140625
2 0.3390625 0.6171875 0.0234375 0.075
0 0.340625 0.5859375 0.009375 0.0109375
2 0.4140625 0.6125 0.021875 0.075
0 0.4140625 0.584375 0.0125 0.0125
2 0.4453125 0.6234375 0.028125 0.0984375
0 0.4453125 0.584375 0.0125 0.0140625
2 0.5015625 0.6203125 0.0296875 0.084375
0 0.5 0.5859375 0.0109375 0.0109375
0 0.55625 0.584375 0.0296875 0.0390625
2 0.6578125 0.6671875 0.06875 0.20625
0 0.6546875 0.584375 0.0296875 0.034375
2 0.8359375 0.64375 0.065625 0.134375
0 0.8140625 0.590625 0.01875 0.0234375
2 0.89375 0.628125 0.0484375 0.121875
0 0.896875 0.5796875 0.0171875 0.0203125
2 0.9109375 0.6171875 0.059375 0.09375
0 0.9078125 0.58125 0.0140625 0.0171875
2 0.940625 0.625 0.0359375 0.1171875
0 0.9328125 0.5765625 0.0140625 0.0171875
2 0.6 0.615625 0.040625 0.09375
0 0.6109375 0.58125 0.0125 0.0171875
2 0.5359375 0.621875 0.0421875 0.1109375
0 0.5390625 0.5765625 0.0140625 0.0171875
2 0.45625 0.60625 0.0203125 0.071875
0 0.4578125 0.5796875 0.009375 0.009375
2 0.3609375 0.603125 0.015625 0.0484375
0 0.3609375 0.5859375 0.00625 0.0078125
2 0.2578125 0.6125 0.0234375 0.06875
0 0.259375 0.5859375 0.0109375 0.0109375
2 0.2390625 0.60625 0.0125 0.04375
0 0.240625 0.590625 0.00625 0.0078125
2 0.2296875 0.5984375 0.0140625 0.046875
0 0.23125 0.58125 0.00625 0.00625
2 0.2171875 0.60625 0.0140625 0.046875
0 0.21875 0.5875 0.00625 0.0078125