2 0.0140625 0.6640625 0.028125 0.08125
0 0.0140625 0.634375 0.0078125 0.0078125
2 0.0328125 0.7296875 0.065625 0.20625
0 0.028125 0.64375 0.028125 0.028125
2 0.1 0.71875 0.071875 0.2109375
0 0.0953125 0.628125 0.0265625 0.028125
2 0.096875 0.7453125 0.1328125 0.20625
0 0.1109375 0.659375 0.028125 0.03125
2 0.1453125 0.6703125 0.0234375 0.0625
0 0.146875 0.64375 0.0078125 0.0078125
2 0.159375 0.66875 0.025 0.0703125
0 0.1609375 0.640625 0.009375 0.0109375
2 0.165625 0.6671875 0.01875 0.0609375
0 0.1671875 0.6421875 0.00625 0.009375
2 0.1765625 0.6640625 0.0171875 0.0640625
0 0.1765625 0.6390625 0.009375 0.009375
2 0.18125 0.6703125 0.021875 0.06875
0 0.178125 0.6453125 0.009375 0.009375
2 0.2171875 0.6765625 0.0265625 0.0703125
0 0.21875 0.646875 0.0078125 0.009375
2 0.2546875 0.6578125 0.0203125 0.0546875
0 0.2515625 0.634375 0.00625 0.0078125
2 0.384375 0.73125 0.08125 0.2015625
0 0.390625 0.646875 0.0296875 0.0296875
2 0.825 0.7265625 0.1234375 0.2109375
0 0.828125 0.6390625 0.028125 0.028125