2 0.8984375 0.590625 0.01875 0.0390625
0 0.8984375 0.5765625 0.0046875 0.0046875
2 0.7640625 0.5828125 0.015625 0.0390625
0 0.765625 0.56875 0.0078125 0.0078125
2 0.5296875 0.609375 0.025 0.0546875
0 0.5328125 0.5875 0.0078125 0.009375
2 0.425 0.6125 0.028125 0.0625
0 0.4265625 0.5875 0.0078125 0.009375
2 0.3890625 0.615625 0.025 0.05
0 0.390625 0.596875 0.0078125 0.0078125
2 0.3796875 0.6109375 0.0234375 0.0609375
0 0.38125 0.590625 0.0078125 0.009375
2 0.34375 0.6 0.0234375 0.0484375
0 0.346875 0.5828125 0.0078125 0.0078125
2 0.3046875 0.6140625 0.028125 0.0625
0 0.309375 0.590625 0.009375 0.009375
2 0.2828125 0.609375 0.028125 0.065625
0 0.284375 0.5859375 0.0109375 0.0125
2 0.2859375 0.63125 0.0296875 0.084375
0 0.2875 0.6015625 0.0109375 0.0140625
2 0.259375 0.6140625 0.0296875 0.071875
0 0.253125 0.590625 0.0109375 0.0109375
2 0.24375 0.6015625 0.0234375 0.0484375
0 0.24375 0.5828125 0.0078125 0.0078125
2 0.228125 0.6203125 0.0234375 0.0671875
0 0.225 0.596875 0.009375 0.009375
2 0.209375 0.621875 0.025 0.06875
0 0.2109375 0.5953125 0.009375 0.009375
2 0.2015625 0.5875 0.0234375 0.04375
0 0.2015625 0.5703125 0.0078125 0.0078125
2 0.175 0.5859375 0.0171875 0.0375
0 0.1765625 0.5734375 0.0046875 0.0046875
2 0.1578125 0.5875 0.0171875 0.0421875
0 0.15625 0.571875 0.009375 0.009375
2 0.115625 0.6203125 0.0453125 0.065625
0 0.1109375 0.596875 0.0109375 0.0125