2 0.925 0.659375 0.115625 0.3546875
0 0.921875 0.5078125 0.040625 0.046875
2 0.946875 0.61875 0.1 0.3390625
0 0.940625 0.478125 0.0515625 0.0515625
2 0.971875 0.6015625 0.0546875 0.303125
0 0.9765625 0.4890625 0.034375 0.0390625
2 0.9265625 0.4984375 0.040625 0.140625
0 0.9234375 0.44375 0.01875 0.0234375
2 0.828125 0.6046875 0.0890625 0.2625
0 0.821875 0.5 0.03125 0.0375
2 0.76875 0.634375 0.134375 0.3828125
0 0.7796875 0.4703125 0.0421875 0.0484375
2 0.7390625 0.621875 0.109375 0.3453125
0 0.73125 0.475 0.0390625 0.046875
2 0.65 0.634375 0.1125 0.325
0 0.6578125 0.49375 0.0421875 0.040625
2 0.6578125 0.5875 0.084375 0.296875
0 0.6421875 0.4640625 0.040625 0.0421875
2 0.5515625 0.6234375 0.1109375 0.321875
0 0.54375 0.4890625 0.040625 0.040625
2 0.5203125 0.6109375 0.0796875 0.31875
0 0.5265625 0.4765625 0.034375 0.04375
2 0.4640625 0.6203125 0.0875 0.325
0 0.4703125 0.484375 0.0375 0.040625
2 0.4171875 0.6 0.0765625 0.2984375
0 0.428125 0.475 0.0375 0.040625
2 0.39375 0.6546875 0.140625 0.359375
0 0.3703125 0.5 0.0390625 0.0453125
2 0.296875 0.5625 0.071875 0.2140625
0 0.2859375 0.46875 0.021875 0.0234375
2 0.3078125 0.51875 0.0546875 0.1265625
0 0.303125 0.46875 0.021875 0.025
2 0.334375 0.5125 0.0359375 0.1078125
0 0.3328125 0.4734375 0.015625 0.01875
2 0.2421875 0.66875 0.134375 0.353125
0 0.228125 0.515625 0.040625 0.0453125
2 0.159375 0.6578125 0.1109375 0.346875
0 0.146875 0.515625 0.0390625 0.046875
2 0.075 0.66875 0.1171875 0.321875
0 0.0765625 0.5375 0.0375 0.046875
2 0.03125 0.68046875 0.0625 0.2609375
0 0.0296875 0.575 0.0359375 0.0375
2 0.0265625 0.5390625 0.053125 0.18125
0 0.015625 0.465625 0.0265625 0.0296875
2 0.0984375 0.553125 0.078125 0.221875
0 0.1125 0.459375 0.028125 0.0296875
2 0.0671875 0.5484375 0.05625 0.121875
0 0.059375 0.503125 0.021875 0.021875
2 0.1515625 0.55625 0.065625 0.1984375
0 0.15 0.471875 0.025 0.0265625
2 0.25 0.5625 0.065625 0.2140625
0 0.2453125 0.475 0.0296875 0.03125
2 0.21875 0.5546875 0.0703125 0.1890625
0 0.221875 0.475 0.01875 0.0265625
2 0.2046875 0.515625 0.0375 0.103125
0 0.1984375 0.478125 0.0203125 0.0203125
2 0.378125 0.471875 0.0234375 0.0609375
0 0.378125 0.4484375 0.009375 0.0078125
2 0.515625 0.58125 0.078125 0.2875
0 0.509375 0.45625 0.034375 0.0359375
2 0.603125 0.528125 0.059375 0.1640625
0 0.609375 0.4578125 0.0203125 0.01875
2 0.590625 0.509375 0.0359375 0.1171875
0 0.5953125 0.4625 0.015625 0.01875
2 0.80625 0.490625 0.040625 0.109375
0 0.8 0.446875 0.0125 0.015625
2 0.746875 0.49375 0.0390625 0.1171875
0 0.746875 0.4453125 0.015625 0.0171875
2 0.76875 0.4890625 0.0296875 0.1140625
0 0.76875 0.4421875 0.015625 0.0171875
2 0.7875 0.4828125 0.03125 0.109375
0 0.7875 0.4375 0.0109375 0.0140625
2 0.03125 0.521875 0.0453125 0.1453125
0 0.03125 0.4625 0.015625 0.021875
2 0.0375 0.49375 0.0265625 0.090625
0 0.0421875 0.4578125 0.0125 0.015625
2 0.0546875 0.4953125 0.0265625 0.09375
0 0.053125 0.4578125 0.0125 0.0140625
2 0.6671875 0.490625 0.0421875 0.1171875
0 0.6671875 0.44375 0.015625 0.01875