0 0.4125 0.2015625 0.1109375 0.1234375
0 0.8375 0.378125 0.1421875 0.128125
2 0.740625 0.559375 0.0390625 0.096875
0 0.7359375 0.521875 0.0125 0.0140625
0 0.3765625 0.3515625 0.084375 0.103125
2 0.021875 0.6203125 0.040625 0.0734375
0 0.01875 0.5953125 0.0125 0.015625
2 0.0390625 0.6203125 0.034375 0.0671875
0 0.0359375 0.596875 0.0109375 0.0140625
2 0.040625 0.5984375 0.03125 0.0671875
0 0.0421875 0.578125 0.015625 0.015625
2 0.0890625 0.6125 0.03125 0.0671875
0 0.0890625 0.5875 0.0109375 0.0125
2 0.096875 0.571875 0.034375 0.0734375
0 0.0953125 0.54375 0.0125 0.0125
2 0.1125 0.6140625 0.0296875 0.0625
0 0.1109375 0.5921875 0.009375 0.0125
2 0.125 0.5953125 0.028125 0.0734375
0 0.125 0.5703125 0.0109375 0.0125
2 0.1484375 0.590625 0.034375 0.071875
0 0.1484375 0.565625 0.0109375 0.0140625
2 0.171875 0.6046875 0.0375 0.0828125
0 0.171875 0.5734375 0.0109375 0.0125
2 0.209375 0.603125 0.040625 0.08125
0 0.2046875 0.5734375 0.0125 0.0140625
2 0.190625 0.590625 0.03125 0.0640625
0 0.190625 0.5703125 0.0125 0.015625
2 0.240625 0.5828125 0.03125 0.0703125
0 0.240625 0.5578125 0.0125 0.0140625
2 0.2890625 0.5796875 0.0421875 0.1109375
0 0.284375 0.5375 0.0125 0.0140625