2 0.9890625 0.29375 0.0203125 0.0671875
0 0.9890625 0.2671875 0.009375 0.009375
2 0.96875 0.340625 0.059375 0.178125
0 0.9703125 0.265625 0.021875 0.0234375
2 0.95625 0.334375 0.0484375 0.171875
0 0.9578125 0.2671875 0.0203125 0.025
2 0.9203125 0.39375 0.0921875 0.259375
0 0.91875 0.2765625 0.025 0.0234375
2 0.9109375 0.440625 0.1453125 0.4
0 0.9046875 0.2765625 0.0546875 0.059375
2 0.8265625 0.465625 0.1109375 0.48125
0 0.8359375 0.265625 0.0609375 0.0734375
2 0.7484375 0.5140625 0.18125 0.4921875
0 0.7421875 0.309375 0.0625 0.065625
2 0.71875 0.3359375 0.059375 0.1671875
0 0.725 0.271875 0.025 0.025
2 0.6875 0.3140625 0.0375 0.1015625
0 0.6890625 0.271875 0.0109375 0.0125
2 0.6296875 0.35625 0.0703125 0.2359375
0 0.628125 0.2578125 0.025 0.0328125
2 0.5875 0.375 0.10625 0.3484375
0 0.575 0.225 0.0359375 0.0421875
2 0.5078125 0.3328125 0.0453125 0.1421875
0 0.5046875 0.275 0.01875 0.0203125
2 0.4609375 0.325 0.0203125 0.090625
0 0.4609375 0.2921875 0.0125 0.0171875
2 0.45625 0.3125 0.0203125 0.0875
0 0.4546875 0.2859375 0.0109375 0.0171875
2 0.4203125 0.4 0.109375 0.3046875
0 0.43125 0.284375 0.034375 0.04375
2 0.38125 0.3359375 0.0484375 0.1484375
0 0.378125 0.275 0.01875 0.0234375
2 0.3203125 0.4640625 0.1328125 0.496875
0 0.3125 0.2515625 0.0546875 0.0625
2 0.20625 0.4296875 0.1078125 0.3609375
0 0.1984375 0.2765625 0.0421875 0.05
2 0.1765625 0.446875 0.1328125 0.3953125
0 0.18125 0.2828125 0.046875 0.053125
2 0.153125 0.3390625 0.0375 0.1265625
0 0.15 0.290625 0.0171875 0.0203125
2 0.1296875 0.3484375 0.0484375 0.1546875
0 0.1296875 0.284375 0.01875 0.0234375
2 0.0375 0.3484375 0.065625 0.184375
0 0.0390625 0.2765625 0.021875 0.028125
2 0.4875 0.5078125 0.18125 0.553125
0 0.4859375 0.2921875 0.0578125 0.0859375
2 0.7734375 0.403125 0.0953125 0.3515625
0 0.7703125 0.246875 0.0390625 0.0453125
2 0.7125 0.3125 0.028125 0.0921875
0 0.7140625 0.2765625 0.0125 0.015625
2 0.9390625 0.2859375 0.0265625 0.0515625
0 0.94375 0.2671875 0.0109375 0.0109375
2 0.328125 0.421875 0.1 0.325
0 0.334375 0.2796875 0.040625 0.040625