0 0.5609375 0.290625 0.084375 0.0796875
0 0.3046875 0.3625 0.1109375 0.0890625
2 0.1109375 0.56875 0.034375 0.046875
0 0.1109375 0.553125 0.0109375 0.0125
2 0.2 0.5640625 0.03125 0.0609375
0 0.2015625 0.5421875 0.009375 0.0125
2 0.221875 0.5578125 0.028125 0.0546875
0 0.2203125 0.54375 0.0078125 0.0109375
2 0.671875 0.5453125 0.06875 0.175
0 0.6640625 0.4703125 0.01875 0.021875
2 0.88125 0.5375 0.046875 0.1390625
0 0.875 0.4796875 0.015625 0.01875
2 0.825 0.5515625 0.0625 0.0953125
0 0.815625 0.515625 0.0171875 0.01875
2 0.79375 0.5546875 0.0484375 0.0890625
0 0.8 0.521875 0.015625 0.01875
2 0.740625 0.521875 0.0359375 0.059375
0 0.7390625 0.4984375 0.0109375 0.0109375
2 0.7453125 0.553125 0.0359375 0.0703125
0 0.746875 0.528125 0.0109375 0.0140625
2 0.784375 0.5484375 0.03125 0.0828125
0 0.7875 0.5171875 0.0125 0.0171875
2 0.75 0.5515625 0.0390625 0.071875
0 0.7484375 0.5265625 0.0109375 0.0140625
2 0.7578125 0.5515625 0.0515625 0.078125
0 0.7640625 0.525 0.0125 0.0171875
2 0.7734375 0.5515625 0.03125 0.08125
0 0.7734375 0.521875 0.0125 0.01875