2 0.071875 0.521875 0.08125 0.178125
0 0.0765625 0.45 0.025 0.0296875
2 0.1109375 0.48125 0.0734375 0.2375
0 0.1109375 0.3828125 0.028125 0.0296875
2 0.128125 0.515625 0.096875 0.1859375
0 0.140625 0.4421875 0.0265625 0.0296875
2 0.1765625 0.4953125 0.0640625 0.209375
0 0.178125 0.4078125 0.025 0.025
2 0.2 0.5234375 0.10625 0.1828125
0 0.2234375 0.45 0.021875 0.0296875
2 0.246875 0.5015625 0.059375 0.1984375
0 0.246875 0.415625 0.0234375 0.025
2 0.2828125 0.51875 0.096875 0.19375
0 0.29375 0.44375 0.0265625 0.0328125
2 0.3375 0.49375 0.075 0.215625
0 0.3359375 0.4015625 0.0265625 0.0296875
2 0.3734375 0.5203125 0.0734375 0.1921875
0 0.3734375 0.440625 0.025 0.0296875
2 0.390625 0.4859375 0.075 0.2265625
0 0.39375 0.390625 0.025 0.028125
2 0.459375 0.4953125 0.071875 0.2171875
0 0.45625 0.40625 0.0234375 0.028125
2 0.5328125 0.4859375 0.08125 0.2375
0 0.5296875 0.384375 0.0234375 0.0296875
2 0.6140625 0.521875 0.08125 0.190625
0 0.6140625 0.44375 0.028125 0.0328125
2 0.609375 0.4875 0.08125 0.2359375
0 0.6046875 0.390625 0.025 0.03125
2 0.6796875 0.4859375 0.0796875 0.23125
0 0.6796875 0.3875 0.025 0.03125
2 0.7109375 0.5203125 0.0828125 0.203125
0 0.709375 0.4390625 0.03125 0.0359375
2 0.7359375 0.49375 0.0703125 0.2171875
0 0.7359375 0.403125 0.021875 0.0265625
2 0.796875 0.51875 0.0890625 0.1953125
0 0.7859375 0.44375 0.025 0.0328125
2 0.7953125 0.4875 0.0828125 0.2328125
0 0.7875 0.3890625 0.0234375 0.03125
2 0.871875 0.51875 0.096875 0.2140625
0 0.8609375 0.4359375 0.0265625 0.0328125
2 0.871875 0.484375 0.084375 0.24375
0 0.86875 0.3796875 0.028125 0.03125
2 0.9390625 0.5109375 0.0875 0.20625
0 0.934375 0.4296875 0.028125 0.034375