2 0.24375 0.5078125 0.1046875 0.3109375
0 0.2375 0.38125 0.0359375 0.04375
2 0.334375 0.5390625 0.16875 0.3265625
0 0.284375 0.40625 0.0453125 0.0515625
2 0.3484375 0.5203125 0.1515625 0.3890625
0 0.3375 0.35625 0.0421875 0.053125
2 0.1953125 0.5578125 0.2328125 0.3703125
0 0.234375 0.40625 0.05625 0.0609375
2 0.515625 0.4828125 0.115625 0.2921875
0 0.515625 0.3578125 0.0296875 0.0390625
0 0.534375 0.365625 0.0546875 0.05
2 0.76875 0.5328125 0.1953125 0.4328125
0 0.7859375 0.371875 0.0390625 0.0453125