0 0.7125 0.515625 0.1046875 0.1328125
0 0.534375 0.525 0.0890625 0.1140625
0 0.2546875 0.58125 0.125 0.140625
0 0.1109375 0.534375 0.125 0.14375
2 0.240625 0.5046875 0.1578125 0.296875
0 0.221875 0.40625 0.0625 0.084375
0 0.35625 0.528125 0.0875 0.1203125
2 0.0984375 0.334375 0.140625 0.3390625
0 0.128125 0.196875 0.0484375 0.0609375
2 0.23125 0.3375 0.1484375 0.3390625
0 0.2125 0.20625 0.046875 0.053125
2 0.1046875 0.5296875 0.134375 0.34375
0 0.1125 0.403125 0.065625 0.0734375
2 0.25625 0.41875 0.1921875 0.2484375
0 0.2359375 0.353125 0.059375 0.0640625
2 0.509375 0.359375 0.1453125 0.3828125
0 0.5421875 0.209375 0.046875 0.0609375
2 0.6609375 0.321875 0.10625 0.2828125
0 0.653125 0.2171875 0.05 0.0625
2 0.896875 0.5953125 0.1546875 0.39375
0 0.903125 0.440625 0.0953125 0.084375
2 0.684375 0.578125 0.1921875 0.34375
0 0.7046875 0.453125 0.078125 0.0859375
2 0.53125 0.5234375 0.1828125 0.36875
0 0.546875 0.38125 0.0703125 0.0640625
2 0.7359375 0.46875 0.125 0.2890625
0 0.734375 0.3671875 0.0578125 0.06875
2 0.8875 0.459375 0.0921875 0.2140625
0 0.890625 0.3875 0.053125 0.0609375
2 0.9234375 0.371875 0.1 0.178125
0 0.9328125 0.30625 0.034375 0.0359375
2 0.85 0.4265625 0.1046875 0.18125
0 0.8625 0.365625 0.0484375 0.0515625
2 0.8453125 0.41875 0.11875 0.2421875
0 0.8484375 0.334375 0.05 0.0546875