0 0.7328125 0.3296875 0.0796875 0.1015625
0 0.8828125 0.315625 0.071875 0.0703125
0 0.5734375 0.459375 0.071875 0.084375
2 0.4546875 0.5671875 0.159375 0.5203125
0 0.5 0.4078125 0.0515625 0.0546875
2 0.590625 0.55625 0.2125 0.559375
0 0.6609375 0.3703125 0.0734375 0.0671875
0 0.78125 0.3375 0.0703125 0.0703125
0 0.390625 0.24375 0.08125 0.0953125
2 0.41875 0.55 0.153125 0.425
0 0.4296875 0.371875 0.05 0.05625
2 0.271875 0.596875 0.10625 0.3140625
0 0.2796875 0.4671875 0.0375 0.0453125
2 0.19375 0.5625 0.1140625 0.3390625
0 0.1953125 0.421875 0.05 0.0546875
2 0.121875 0.5234375 0.1296875 0.365625
0 0.134375 0.36875 0.0515625 0.0515625
2 0.046875 0.4984375 0.0921875 0.3375
0 0.01875 0.365625 0.0375 0.0578125
2 0.059375 0.490625 0.0875 0.275
0 0.0796875 0.396875 0.040625 0.04375
2 0.15 0.44375 0.090625 0.31875
0 0.159375 0.3125 0.0421875 0.05
2 0.4515625 0.5703125 0.1765625 0.43125
0 0.4875 0.3796875 0.05 0.046875
2 0.203125 0.384375 0.1015625 0.253125
0 0.2078125 0.284375 0.0421875 0.046875
2 0.228125 0.4109375 0.1015625 0.2796875
0 0.2328125 0.2984375 0.0484375 0.0515625
2 0.221875 0.534375 0.115625 0.359375
0 0.225 0.3859375 0.0484375 0.0546875
2 0.1875 0.5046875 0.0984375 0.353125
0 0.1953125 0.359375 0.053125 0.059375