2 0.265625 0.3265625 0.0296875 0.0546875
0 0.265625 0.3078125 0.0078125 0.0109375
2 0.2890625 0.3265625 0.03125 0.0578125
0 0.290625 0.309375 0.0109375 0.0140625
2 0.1796875 0.5375 0.1203125 0.421875
0 0.1921875 0.359375 0.05 0.0609375
2 0.2609375 0.5375 0.096875 0.384375
0 0.2640625 0.3734375 0.0453125 0.0578125
2 0.340625 0.515625 0.0953125 0.3796875
0 0.340625 0.3546875 0.04375 0.0546875
2 0.4046875 0.503125 0.0828125 0.3609375
0 0.4015625 0.35 0.040625 0.0515625
2 0.46875 0.490625 0.115625 0.365625
0 0.4625 0.3359375 0.0421875 0.0515625
2 0.5234375 0.5 0.1140625 0.3546875
0 0.5140625 0.3546875 0.04375 0.0546875
2 0.60625 0.5125 0.1015625 0.3640625
0 0.6 0.3609375 0.0421875 0.05
2 0.6828125 0.5484375 0.15 0.39375
0 0.64375 0.38125 0.05625 0.0578125
0 0.6859375 0.3703125 0.05625 0.0671875
0 0.8140625 0.3625 0.0625 0.0828125
2 0.575 0.5234375 0.1203125 0.3875
0 0.5546875 0.3609375 0.0421875 0.0578125
2 0.4765625 0.5375 0.0984375 0.3421875
0 0.475 0.3953125 0.04375 0.0546875
2 0.39375 0.540625 0.0796875 0.3484375
0 0.390625 0.403125 0.0453125 0.0484375