2 0.08125 0.571875 0.153125 0.434375
0 0.084375 0.3875 0.05 0.0609375
2 0.1296875 0.58125 0.1109375 0.378125
0 0.1421875 0.421875 0.053125 0.053125
2 0.2015625 0.5765625 0.1625 0.415625
0 0.2 0.403125 0.0453125 0.05625
2 0.271875 0.5828125 0.153125 0.371875
0 0.253125 0.421875 0.0375 0.040625
2 0.33125 0.584375 0.0671875 0.2078125
0 0.3375 0.49375 0.0234375 0.025
2 0.4234375 0.575 0.075 0.21875
0 0.4125 0.478125 0.021875 0.0203125
2 0.5203125 0.5828125 0.146875 0.4421875
0 0.5078125 0.390625 0.0484375 0.053125
2 0.6125 0.58125 0.18125 0.475
0 0.6 0.3796875 0.0484375 0.0578125
2 0.7296875 0.559375 0.10625 0.459375
0 0.715625 0.3671875 0.065625 0.06875
2 0.5828125 0.7046875 0.2515625 0.240625
0 0.571875 0.6296875 0.05625 0.084375
2 0.5828125 0.7171875 0.2125 0.228125
0 0.55625 0.646875 0.053125 0.0734375
2 0.846875 0.709375 0.303125 0.24375
0 0.7765625 0.621875 0.059375 0.059375
2 0.809375 0.5734375 0.0640625 0.1390625
0 0.8 0.515625 0.025 0.0203125
2 0.896875 0.559375 0.0546875 0.1546875
0 0.890625 0.4953125 0.0171875 0.021875
2 0.9375 0.559375 0.05 0.159375
0 0.940625 0.496875 0.0203125 0.021875
2 0.9734375 0.5671875 0.0484375 0.146875
0 0.9734375 0.50625 0.015625 0.01875
2 0.390625 0.5859375 0.0734375 0.1921875
0 0.396875 0.5046875 0.021875 0.0234375