2 0.1765625 0.5015625 0.153125 0.3625
0 0.1796875 0.35625 0.04375 0.0453125
2 0.5078125 0.5515625 0.225 0.45625
0 0.5171875 0.3609375 0.053125 0.0625
2 0.0109375 0.409375 0.021875 0.071875
0 0.0078125 0.38125 0.009375 0.0109375
2 0.025 0.434375 0.0421875 0.1140625
0 0.0234375 0.390625 0.015625 0.0171875
2 0.034375 0.4375 0.0265625 0.0921875
0 0.034375 0.4375 0.0265625 0.0921875
2 0.0546875 0.428125 0.040625 0.1078125
0 0.046875 0.3875 0.0140625 0.015625
2 0.0625 0.415625 0.028125 0.090625
0 0.06875 0.3796875 0.0109375 0.0125
2 0.0859375 0.43125 0.0375 0.096875
0 0.08125 0.39375 0.0171875 0.015625
2 0.078125 0.4140625 0.0328125 0.10625
0 0.0734375 0.371875 0.0125 0.0140625
2 0.1 0.4078125 0.0234375 0.06875
0 0.1 0.38125 0.009375 0.009375
2 0.11875 0.409375 0.0265625 0.065625
0 0.1171875 0.3859375 0.009375 0.009375
2 0.228125 0.415625 0.0265625 0.0765625
0 0.234375 0.3828125 0.009375 0.009375
2 0.246875 0.425 0.0328125 0.1
0 0.246875 0.3859375 0.0140625 0.015625
2 0.271875 0.4453125 0.0578125 0.165625
0 0.271875 0.3765625 0.0203125 0.021875
2 0.30625 0.4 0.0140625 0.0359375
0 0.30625 0.3890625 0.0046875 0.00625
2 0.328125 0.4109375 0.0328125 0.075
0 0.334375 0.3796875 0.0109375 0.009375
2 0.5859375 0.40625 0.01875 0.0453125
0 0.584375 0.3875 0.0078125 0.0078125
2 0.6125 0.40625 0.021875 0.046875
0 0.615625 0.390625 0.00625 0.0078125
2 0.625 0.4046875 0.0171875 0.04375
0 0.625 0.390625 0.00625 0.0078125
2 0.65625 0.40625 0.01875 0.053125
0 0.65625 0.3875 0.0078125 0.009375
2 0.684375 0.4125 0.0203125 0.0609375
0 0.6859375 0.3875 0.00625 0.0078125
2 0.715625 0.4125 0.028125 0.0640625
0 0.715625 0.3875 0.0109375 0.0109375
2 0.753125 0.421875 0.03125 0.0765625
0 0.753125 0.3921875 0.0125 0.0125
2 0.75625 0.421875 0.0234375 0.0671875
0 0.7609375 0.396875 0.009375 0.0109375
2 0.7875 0.425 0.0296875 0.0765625
0 0.790625 0.39375 0.009375 0.0109375
2 0.828125 0.40625 0.0265625 0.0546875
0 0.8296875 0.3859375 0.009375 0.009375
2 0.875 0.4140625 0.025 0.06875
0 0.871875 0.3875 0.0078125 0.009375
2 0.8859375 0.40625 0.021875 0.0578125
0 0.8859375 0.3828125 0.009375 0.009375
0 0.984375 0.403125 0.0140625 0.015625
2 0.853125 0.4375 0.046875 0.1015625
0 0.859375 0.4 0.015625 0.0171875
2 0.43125 0.43125 0.0484375 0.134375
0 0.434375 0.378125 0.0171875 0.0203125