2 0.2296875 0.6515625 0.184375 0.3109375
0 0.2265625 0.534375 0.053125 0.06875
2 0.4125 0.6453125 0.15625 0.296875
0 0.4125 0.5359375 0.046875 0.065625
2 0.53125 0.6390625 0.153125 0.26875
0 0.528125 0.5375 0.05 0.0640625
2 0.646875 0.640625 0.146875 0.290625
0 0.65625 0.534375 0.053125 0.0703125
2 0.8 0.5609375 0.23125 0.46875
0 0.8296875 0.365625 0.05 0.0640625
2 0.7234375 0.56875 0.14375 0.4078125
0 0.725 0.4 0.046875 0.05
2 0.6421875 0.5390625 0.115625 0.3671875
0 0.65 0.384375 0.0421875 0.0546875
2 0.5375 0.5296875 0.1140625 0.3828125
0 0.5453125 0.3703125 0.040625 0.04375
2 0.44375 0.53125 0.1484375 0.378125
0 0.4421875 0.375 0.046875 0.05625
2 0.3390625 0.515625 0.1328125 0.396875
0 0.3453125 0.3484375 0.04375 0.053125
2 0.2890625 0.5390625 0.1921875 0.4390625
0 0.265625 0.3546875 0.0453125 0.0578125
2 0.146875 0.55 0.2109375 0.4640625
0 0.15625 0.3578125 0.0515625 0.065625