2 0.2453125 0.65 0.3046875 0.35625
0 0.278125 0.525 0.059375 0.0859375
2 0.840625 0.496875 0.2234375 0.5609375
0 0.8859375 0.26875 0.0609375 0.0796875
2 0.909375 0.4375 0.1125 0.41875
0 0.909375 0.265625 0.0484375 0.06875
2 0.7734375 0.4921875 0.1625 0.478125
0 0.76875 0.2953125 0.0546875 0.06875
2 0.7015625 0.4921875 0.1171875 0.3875
0 0.6921875 0.3375 0.04375 0.053125
2 0.6234375 0.5125 0.1625 0.5078125
0 0.5796875 0.309375 0.05625 0.05625
2 0.571875 0.49375 0.125 0.4046875
0 0.540625 0.325 0.053125 0.0609375
2 0.509375 0.45625 0.1546875 0.3984375
0 0.5296875 0.284375 0.04375 0.05
2 0.403125 0.496875 0.2171875 0.5203125
0 0.384375 0.2734375 0.0546875 0.071875
2 0.2296875 0.49375 0.1515625 0.471875
0 0.225 0.2890625 0.0609375 0.0546875
2 0.1609375 0.4640625 0.1390625 0.44375
0 0.125 0.2828125 0.0578125 0.065625
2 0.2 0.3828125 0.0875 0.296875
0 0.2 0.2609375 0.0375 0.040625
2 0.4203125 0.478125 0.1375 0.4390625
0 0.44375 0.3 0.05625 0.065625
2 0.8125 0.4859375 0.115625 0.425
0 0.81875 0.30625 0.05 0.0640625
2 0.60625 0.4703125 0.0984375 0.41875
0 0.6078125 0.3 0.034375 0.040625
2 0.6640625 0.471875 0.1046875 0.409375
0 0.6546875 0.3046875 0.040625 0.0484375