2 0.1984375 0.5375 0.15 0.4609375
0 0.2140625 0.34375 0.0484375 0.059375
2 0.315625 0.525 0.13125 0.46875
0 0.328125 0.321875 0.0484375 0.059375
2 0.34375 0.6390625 0.2140625 0.2640625
0 0.359375 0.54375 0.05 0.059375
2 0.4453125 0.5296875 0.1484375 0.453125
0 0.45 0.3375 0.046875 0.05625
2 0.584375 0.5421875 0.1609375 0.4390625
0 0.578125 0.35625 0.0546875 0.0546875
2 0.5671875 0.615625 0.2265625 0.3015625
0 0.5734375 0.503125 0.053125 0.0640625
2 0.696875 0.5453125 0.13125 0.446875
0 0.6875 0.35625 0.046875 0.0640625
2 0.8125 0.5484375 0.159375 0.453125
0 0.8 0.3578125 0.046875 0.0609375