2 0.04375 0.328125 0.0875 0.246875
0 0.0375 0.240625 0.0375 0.0515625
2 0.09375 0.334375 0.1375 0.2375
0 0.0609375 0.240625 0.0515625 0.04375
2 0.134375 0.321875 0.1171875 0.2421875
0 0.13125 0.2328125 0.0390625 0.046875
2 0.5125 0.5296875 0.1625 0.4953125
0 0.496875 0.340625 0.0765625 0.1078125
2 0.415625 0.5125 0.1875 0.6109375
0 0.425 0.31875 0.0796875 0.1296875
2 0.34375 0.525 0.2125 0.575
0 0.340625 0.296875 0.0796875 0.103125
2 0.30625 0.546875 0.2890625 0.646875
0 0.340625 0.3 0.078125 0.1078125
2 0.3046875 0.6359375 0.3953125 0.6703125
0 0.2265625 0.38125 0.1296875 0.15625
0 0.3296875 0.6125 0.1390625 0.1828125
2 0.0015625 0.0015625 0.0015625 0.0015625
0 0.6890625 0.5375 0.140625 0.1796875
0 0.8484375 0.3890625 0.1265625 0.1546875
2 0.80625 0.6234375 0.315625 0.665625
0 0.7796875 0.3671875 0.1109375 0.1328125
2 0.7234375 0.4953125 0.190625 0.534375
0 0.6890625 0.2921875 0.09375 0.1140625
2 0.5828125 0.5046875 0.1546875 0.528125
0 0.5703125 0.3046875 0.084375 0.1109375