2 0.1171875 0.60625 0.234375 0.3375
0 0.1578125 0.4921875 0.06875 0.09375
2 0.3328125 0.61875 0.2546875 0.3359375
0 0.3546875 0.5140625 0.0765625 0.09375
2 0.4125 0.5875 0.2484375 0.3765625
0 0.40625 0.471875 0.0671875 0.0859375
2 0.584375 0.6578125 0.290625 0.340625
0 0.5375 0.540625 0.0625 0.090625
2 0.7796875 0.6296875 0.2953125 0.321875
0 0.75625 0.521875 0.0640625 0.0859375
2 0.8703125 0.58125 0.259375 0.36875
0 0.853125 0.44375 0.078125 0.09375
2 0.7671875 0.4921875 0.2140625 0.4296875
0 0.76875 0.3375 0.0703125 0.0859375
2 0.6703125 0.48125 0.190625 0.490625
0 0.6640625 0.303125 0.0640625 0.0921875
2 0.59375 0.5359375 0.1796875 0.3453125
0 0.5953125 0.425 0.06875 0.09375
2 0.4140625 0.5015625 0.209375 0.5203125
0 0.4265625 0.303125 0.0640625 0.0796875
2 0.2796875 0.4828125 0.215625 0.5375
0 0.325 0.26875 0.0640625 0.0859375