2 0.25 0.4359375 0.2515625 0.7046875
0 0.2703125 0.159375 0.065625 0.08125
2 0.2890625 0.646875 0.3046875 0.6171875
0 0.353125 0.403125 0.0703125 0.084375
2 0.409375 0.6 0.2265625 0.675
0 0.3765625 0.3234375 0.0703125 0.08125
2 0.59375 0.5703125 0.2953125 0.6984375
0 0.565625 0.2953125 0.0671875 0.075
2 0.53125 0.6359375 0.309375 0.609375
0 0.5015625 0.3890625 0.0734375 0.090625
0 0.653125 0.4 0.065625 0.08125
2 0.4671875 0.690625 0.2203125 0.5328125
0 0.509375 0.4984375 0.0734375 0.0953125
2 0.6578125 0.6859375 0.30625 0.5515625
0 0.628125 0.4796875 0.0703125 0.09375