2 0.203125 0.546875 0.2203125 0.340625
0 0.1265625 0.409375 0.0609375 0.0734375
2 0.1203125 0.571875 0.1859375 0.3546875
0 0.075 0.4375 0.065625 0.059375
2 0.2 0.46875 0.1625 0.234375
0 0.15625 0.378125 0.0453125 0.04375
2 0.2921875 0.446875 0.1484375 0.25625
0 0.24375 0.353125 0.0484375 0.0578125
2 0.575 0.51875 0.1875 0.2859375
0 0.5140625 0.4171875 0.05625 0.0671875
2 0.4890625 0.5 0.2125 0.3375
0 0.4125 0.378125 0.0578125 0.0796875
2 0.4265625 0.5546875 0.2953125 0.3703125
0 0.3296875 0.41875 0.0875 0.0796875
2 0.353125 0.584375 0.2578125 0.3515625
0 0.2640625 0.45625 0.0671875 0.0921875
2 0.26875 0.6 0.259375 0.3296875
0 0.1796875 0.46875 0.0671875 0.0578125
2 0.3109375 0.675 0.3578125 0.353125
0 0.18125 0.54375 0.0890625 0.0828125
0 0.040625 0.634375 0.0796875 0.08125
2 0.1171875 0.61875 0.1953125 0.290625
0 0.075 0.5140625 0.0765625 0.071875
2 0.2390625 0.4890625 0.1625 0.2234375
0 0.1921875 0.403125 0.0515625 0.040625
2 0.35625 0.4875 0.184375 0.290625
0 0.3 0.371875 0.065625 0.05625
2 0.40625 0.453125 0.190625 0.309375
0 0.3625 0.3640625 0.0625 0.059375
2 0.403125 0.425 0.1171875 0.240625
0 0.371875 0.3375 0.04375 0.0546875
2 0.434375 0.39375 0.115625 0.2390625
0 0.4 0.30625 0.04375 0.059375
2 0.5703125 0.425 0.3484375 0.3640625
0 0.4296875 0.290625 0.05625 0.0796875
2 0.3671875 0.3828125 0.1390625 0.2546875
0 0.3421875 0.2875 0.0453125 0.05625
2 0.325 0.3796875 0.0984375 0.1796875
0 0.296875 0.3140625 0.034375 0.04375
2 0.19375 0.39375 0.103125 0.1703125
0 0.18125 0.321875 0.0203125 0.0203125
2 0.25 0.3921875 0.1109375 0.1703125
0 0.2453125 0.3546875 0.0453125 0.0578125
2 0.253125 0.3921875 0.0984375 0.165625
0 0.2453125 0.3546875 0.05 0.0578125
0 0.80625 0.225 0.1625 0.1609375