0 0.775 0.234375 0.0609375 0.0828125
2 0.70625 0.5015625 0.340625 0.478125
0 0.65625 0.3109375 0.065625 0.084375
2 0.521875 0.5765625 0.309375 0.4875
0 0.4984375 0.3921875 0.075 0.1109375
2 0.2703125 0.5921875 0.2984375 0.3328125
0 0.2875 0.4859375 0.065625 0.09375
2 0.2421875 0.3984375 0.2390625 0.5265625
0 0.2296875 0.1796875 0.05625 0.08125
2 0.3546875 0.3390625 0.171875 0.4609375
0 0.346875 0.146875 0.05 0.0671875
2 0.4453125 0.4484375 0.2078125 0.5140625
0 0.4515625 0.2390625 0.0609375 0.0859375
2 0.54375 0.33125 0.1453125 0.459375
0 0.53125 0.140625 0.0484375 0.0671875
2 0.640625 0.3578125 0.1609375 0.4765625
0 0.65 0.1640625 0.0546875 0.0734375
2 0.7296875 0.2578125 0.084375 0.3765625
0 0.728125 0.0984375 0.0390625 0.053125