2 0.871875 0.6203125 0.1703125 0.65625
0 0.8265625 0.3421875 0.0640625 0.084375
2 0.75 0.6265625 0.159375 0.5640625
0 0.728125 0.39375 0.0578125 0.0765625
2 0.725 0.696875 0.190625 0.5375
0 0.7421875 0.4734375 0.0546875 0.071875
0 0.6796875 0.5484375 0.0640625 0.084375
0 0.6 0.596875 0.0703125 0.0734375
2 0.559375 0.7234375 0.125 0.484375
0 0.540625 0.525 0.0625 0.08125
2 0.465625 0.740625 0.1421875 0.4609375
0 0.46875 0.55625 0.0625 0.078125
2 0.365625 0.7125 0.190625 0.5078125
0 0.396875 0.503125 0.06875 0.0796875
2 0.1671875 0.5875 0.1453125 0.2953125
0 0.209375 0.4734375 0.0375 0.046875
2 0.3609375 0.61875 0.215625 0.634375
0 0.384375 0.359375 0.0671875 0.084375
2 0.4875 0.653125 0.18125 0.575
0 0.490625 0.409375 0.0625 0.0796875
2 0.54375 0.615625 0.1375 0.503125
0 0.553125 0.4078125 0.0546875 0.071875
2 0.63125 0.6140625 0.16875 0.6
0 0.6171875 0.3625 0.0640625 0.078125