2 0.2265625 0.5015625 0.0140625 0.0328125
0 0.228125 0.4890625 0.0046875 0.0046875
2 0.265625 0.4953125 0.0265625 0.0609375
0 0.2703125 0.471875 0.0078125 0.009375
2 0.2859375 0.4953125 0.0203125 0.0640625
0 0.2875 0.4703125 0.009375 0.0125
2 0.3015625 0.4953125 0.0171875 0.0484375
0 0.3046875 0.478125 0.0078125 0.0078125
2 0.3109375 0.49375 0.0140625 0.0515625
0 0.3140625 0.475 0.0078125 0.0078125
2 0.325 0.49375 0.0171875 0.05625
0 0.325 0.46875 0.0078125 0.00625
2 0.3765625 0.521875 0.1203125 0.3421875
0 0.365625 0.3765625 0.0390625 0.046875
2 0.3953125 0.49375 0.01875 0.0515625
0 0.396875 0.4734375 0.00625 0.0078125
2 0.4125 0.5984375 0.1546875 0.2421875
0 0.43125 0.5046875 0.0390625 0.0484375
2 0.4484375 0.5046875 0.0734375 0.3234375
0 0.4421875 0.36875 0.0390625 0.0453125
2 0.5140625 0.496875 0.1015625 0.3390625
0 0.5109375 0.353125 0.0390625 0.05
2 0.575 0.4984375 0.0953125 0.321875
0 0.5890625 0.3640625 0.0421875 0.04375
2 0.6703125 0.5171875 0.1515625 0.3453125
0 0.6828125 0.375 0.0359375 0.0515625
2 0.515625 0.6328125 0.146875 0.2046875
0 0.525 0.56875 0.0453125 0.0515625
2 0.60625 0.5921875 0.1484375 0.2546875
0 0.6140625 0.496875 0.0421875 0.0546875
2 0.6328125 0.5 0.025 0.0703125
0 0.63125 0.4734375 0.0078125 0.0109375
2 0.74375 0.50625 0.05 0.1078125
0 0.74375 0.4625 0.0140625 0.0171875
2 0.8484375 0.5109375 0.0328125 0.1015625
0 0.846875 0.4703125 0.015625 0.0140625
2 0.878125 0.4984375 0.0109375 0.034375
0 0.878125 0.4859375 0.0046875 0.0046875
2 0.925 0.5 0.0140625 0.028125
0 0.928125 0.4890625 0.0046875 0.0046875
2 0.8890625 0.4984375 0.0109375 0.025
0 0.890625 0.490625 0.003125 0.0046875
2 0.9078125 0.4984375 0.0125 0.0296875
0 0.9078125 0.4875 0.0046875 0.0046875
2 0.1703125 0.5015625 0.0109375 0.0328125
0 0.1703125 0.4890625 0.0046875 0.0046875