2 0.0296875 0.7140625 0.0578125 0.1421875
0 0.0125 0.6609375 0.0203125 0.0234375
2 0.053125 0.7046875 0.0625 0.1453125
0 0.0578125 0.65 0.021875 0.0296875
0 0.090625 0.6203125 0.0375 0.046875
0 0.15 0.6171875 0.0375 0.0421875
2 0.2234375 0.703125 0.0625 0.19375
0 0.221875 0.6296875 0.0234375 0.0265625
2 0.328125 0.6828125 0.0734375 0.1796875
0 0.33125 0.60625 0.0203125 0.01875
2 0.36875 0.6640625 0.04375 0.1203125
0 0.36875 0.6140625 0.0140625 0.015625
2 0.4109375 0.659375 0.05 0.1
0 0.403125 0.61875 0.0125 0.0125
2 0.4265625 0.6484375 0.0265625 0.0703125
0 0.4265625 0.6234375 0.009375 0.0109375
2 0.43125 0.64375 0.021875 0.0515625
0 0.434375 0.625 0.0078125 0.0078125
2 0.453125 0.6515625 0.028125 0.075
0 0.4515625 0.621875 0.0078125 0.009375
2 0.4578125 0.665625 0.0328125 0.103125
0 0.4609375 0.621875 0.0125 0.0140625
2 0.4859375 0.665625 0.040625 0.11875
0 0.484375 0.6171875 0.0140625 0.015625
2 0.5171875 0.6703125 0.0375 0.1015625
0 0.51875 0.6296875 0.0140625 0.0140625
2 0.5421875 0.6703125 0.0421875 0.1234375
0 0.540625 0.6171875 0.015625 0.015625
2 0.5734375 0.646875 0.03125 0.0734375
0 0.5765625 0.6171875 0.009375 0.0109375
2 0.61875 0.6421875 0.015625 0.053125
0 0.6203125 0.621875 0.0078125 0.0078125
2 0.603125 0.640625 0.0125 0.0359375
0 0.603125 0.6265625 0.0046875 0.0046875
2 0.609375 0.640625 0.0140625 0.0390625
0 0.6140625 0.6265625 0.0046875 0.0046875
2 0.6359375 0.646875 0.01875 0.0546875
0 0.634375 0.625 0.00625 0.0078125
2 0.65 0.6390625 0.01875 0.053125
0 0.65 0.6171875 0.00625 0.0078125
2 0.6640625 0.6765625 0.046875 0.1421875
0 0.665625 0.6171875 0.0171875 0.0203125
2 0.703125 0.675 0.071875 0.128125
0 0.690625 0.6234375 0.0171875 0.015625
2 0.7109375 0.64375 0.021875 0.0640625
0 0.7109375 0.61875 0.0078125 0.0125
2 0.7296875 0.646875 0.0390625 0.0890625
0 0.7296875 0.6109375 0.009375 0.0140625
2 0.75625 0.6484375 0.028125 0.0828125
0 0.759375 0.6171875 0.009375 0.0109375
2 0.7703125 0.653125 0.0421875 0.1
0 0.7765625 0.6125 0.0125 0.0140625
2 0.7921875 0.6671875 0.0546875 0.11875
0 0.8 0.6171875 0.015625 0.015625
2 0.828125 0.6640625 0.0421875 0.1203125
0 0.828125 0.615625 0.015625 0.0171875
2 0.853125 0.640625 0.025 0.065625
0 0.853125 0.6171875 0.009375 0.0109375
2 0.865625 0.65625 0.034375 0.09375
0 0.8640625 0.6203125 0.0125 0.0125
2 0.8734375 0.64375 0.025 0.071875
0 0.875 0.615625 0.0109375 0.0125
2 0.890625 0.6578125 0.0453125 0.0984375
0 0.896875 0.6171875 0.0125 0.0140625
2 0.9328125 0.653125 0.0453125 0.0953125
0 0.9359375 0.6140625 0.0125 0.0125
2 0.975 0.6546875 0.028125 0.090625
0 0.978125 0.6171875 0.009375 0.009375
2 0.975 0.6546875 0.0296875 0.0890625
0 0.9703125 0.61875 0.0109375 0.0109375
2 0.1109375 0.70625 0.0640625 0.1875
0 0.1109375 0.6296875 0.01875 0.0265625