2 0.1796875 0.5734375 0.0328125 0.084375
0 0.175 0.5421875 0.0109375 0.0125
2 0.2171875 0.5484375 0.0171875 0.0421875
0 0.21875 0.53125 0.0046875 0.0046875
2 0.2234375 0.5484375 0.0109375 0.0375
0 0.2234375 0.534375 0.0046875 0.0046875
2 0.2453125 0.559375 0.0203125 0.059375
0 0.2453125 0.534375 0.0078125 0.0078125
2 0.2546875 0.5359375 0.0078125 0.0234375
0 0.2578125 0.5296875 0.003125 0.0046875
2 0.2796875 0.5421875 0.0125 0.028125
0 0.28125 0.5328125 0.003125 0.003125
2 0.4671875 0.565625 0.0265625 0.0640625
0 0.465625 0.5390625 0.0078125 0.009375
2 0.675 0.5890625 0.0265625 0.0765625
0 0.6765625 0.5578125 0.0078125 0.009375
2 0.6921875 0.5828125 0.034375 0.096875
0 0.6890625 0.5421875 0.0109375 0.0109375
2 0.7109375 0.5890625 0.0359375 0.0875
0 0.70625 0.55625 0.0109375 0.0125
2 0.7328125 0.559375 0.0171875 0.040625
0 0.7328125 0.54375 0.0046875 0.00625
2 0.75 0.5625 0.015625 0.0375
0 0.7515625 0.5484375 0.00625 0.0046875
2 0.809375 0.621875 0.078125 0.165625
0 0.809375 0.553125 0.021875 0.0265625
2 0.875 0.6234375 0.084375 0.1703125
0 0.8671875 0.553125 0.021875 0.0234375
2 0.94375 0.634375 0.065625 0.16875
0 0.9453125 0.5734375 0.0171875 0.021875
2 0.53125 0.5453125 0.0109375 0.025
0 0.5328125 0.5375 0.0046875 0.0046875