2 0.0421875 0.7046875 0.084375 0.2140625
0 0.0328125 0.6109375 0.0234375 0.025
2 0.0578125 0.7 0.1 0.2640625
0 0.0609375 0.5953125 0.028125 0.0328125
2 0.109375 0.6875 0.103125 0.2546875
0 0.1109375 0.5859375 0.0328125 0.0375
2 0.159375 0.69375 0.1015625 0.2453125
0 0.1609375 0.5984375 0.028125 0.0390625
2 0.2140625 0.6890625 0.0734375 0.2171875
0 0.2109375 0.6109375 0.0234375 0.0328125
2 0.2265625 0.6921875 0.0875 0.2421875
0 0.225 0.5921875 0.028125 0.040625
2 0.3 0.6828125 0.096875 0.2421875
0 0.3 0.58125 0.025 0.0328125
2 0.3640625 0.6921875 0.0890625 0.253125
0 0.3625 0.5875 0.028125 0.0375
2 0.4109375 0.6921875 0.0875 0.234375
0 0.4109375 0.5953125 0.0265625 0.034375
2 0.490625 0.6921875 0.0875 0.221875
0 0.496875 0.6015625 0.025 0.034375
2 0.546875 0.68125 0.109375 0.2703125
0 0.546875 0.571875 0.0328125 0.0390625
2 0.5546875 0.6828125 0.0796875 0.2421875
0 0.55625 0.5828125 0.0265625 0.0296875
2 0.596875 0.6890625 0.0890625 0.2484375
0 0.590625 0.5859375 0.028125 0.0328125
2 0.6140625 0.7 0.0796875 0.196875
0 0.6234375 0.61875 0.021875 0.025
2 0.6734375 0.69375 0.0859375 0.2078125
0 0.6734375 0.6109375 0.0234375 0.0328125
2 0.7109375 0.6921875 0.0796875 0.209375
0 0.70625 0.6078125 0.0234375 0.034375
2 0.7640625 0.6765625 0.0953125 0.2609375
0 0.7640625 0.58125 0.0234375 0.0359375
2 0.790625 0.69375 0.0703125 0.2046875
0 0.7984375 0.625 0.0296875 0.0328125
2 0.8625 0.6828125 0.1 0.2234375
0 0.8609375 0.5953125 0.0296875 0.0359375