2 0.11875 0.578125 0.0765625 0.1859375
0 0.1265625 0.496875 0.01875 0.0203125
2 0.4453125 0.5875 0.0296875 0.084375
0 0.4453125 0.553125 0.0125 0.0140625
2 0.465625 0.565625 0.028125 0.078125
0 0.46875 0.5328125 0.009375 0.0109375
2 0.4828125 0.5890625 0.04375 0.109375
0 0.4890625 0.5453125 0.0140625 0.01875
2 0.534375 0.5921875 0.046875 0.1359375
0 0.5375 0.5359375 0.01875 0.015625
2 0.6 0.6015625 0.0328125 0.1109375
0 0.6 0.5546875 0.0140625 0.0140625
2 0.6234375 0.6015625 0.053125 0.1484375
0 0.63125 0.5375 0.0171875 0.021875
2 0.55625 0.69375 0.0765625 0.1890625
0 0.56875 0.6234375 0.0296875 0.0359375
2 0.5546875 0.696875 0.0734375 0.165625
0 0.5546875 0.6359375 0.0328125 0.0390625
2 0.65 0.6796875 0.1 0.28125
0 0.65 0.5703125 0.040625 0.059375
2 0.653125 0.675 0.1171875 0.3140625
0 0.646875 0.5671875 0.040625 0.0484375
2 0.7203125 0.6609375 0.071875 0.3125
0 0.728125 0.53125 0.0359375 0.04375
0 0.728125 0.565625 0.05 0.05
2 0.7609375 0.665625 0.084375 0.3
0 0.765625 0.5359375 0.03125 0.0359375
0 0.7796875 0.5578125 0.05 0.05625
0 0.815625 0.575 0.0421875 0.046875
2 0.8421875 0.6796875 0.08125 0.303125
0 0.8421875 0.5578125 0.0421875 0.0546875
0 0.9 0.553125 0.0484375 0.046875
0 0.9390625 0.5796875 0.0453125 0.0578125
2 0.5546875 0.6171875 0.0515625 0.1578125
0 0.5640625 0.5515625 0.0234375 0.025
2 0.94375 0.66875 0.0875 0.3109375
0 0.9453125 0.5421875 0.0390625 0.0453125