2 0.271875 0.378125 0.0328125 0.08125
0 0.2703125 0.35 0.015625 0.0171875
2 0.2390625 0.4671875 0.1078125 0.2671875
0 0.2328125 0.35625 0.0265625 0.0390625
2 0.3125 0.5 0.13125 0.325
0 0.30625 0.3609375 0.0375 0.040625
2 0.3703125 0.428125 0.1078125 0.2171875
0 0.365625 0.34375 0.028125 0.0390625
2 0.4921875 0.396875 0.071875 0.1578125
0 0.4921875 0.340625 0.021875 0.0296875
2 0.6078125 0.384375 0.04375 0.0921875
0 0.60625 0.3546875 0.0171875 0.01875
2 0.6828125 0.378125 0.040625 0.0953125
0 0.6859375 0.3421875 0.0109375 0.0125
2 0.7078125 0.39375 0.05 0.1375
0 0.7140625 0.340625 0.015625 0.025
2 0.7359375 0.3875 0.0375 0.115625
0 0.73125 0.3375 0.0140625 0.015625
0 0.803125 0.346875 0.021875 0.0203125
2 0.6328125 0.4984375 0.1453125 0.3765625
0 0.628125 0.340625 0.04375 0.040625
2 0.4734375 0.6234375 0.3421875 0.665625
0 0.43125 0.3421875 0.0609375 0.065625
2 0.5265625 0.621875 0.3328125 0.66875
0 0.55 0.3390625 0.06875 0.0828125