0 0.8671875 0.35 0.0640625 0.065625
0 0.9234375 0.3578125 0.0515625 0.05625
2 0.8140625 0.4859375 0.1671875 0.3421875
0 0.853125 0.3421875 0.0453125 0.046875
2 0.6984375 0.41875 0.0640625 0.190625
0 0.6984375 0.3421875 0.021875 0.028125
2 0.6796875 0.44375 0.096875 0.2359375
0 0.671875 0.340625 0.021875 0.028125
2 0.6109375 0.43125 0.090625 0.2171875
0 0.6265625 0.3421875 0.025 0.0296875
2 0.5890625 0.496875 0.171875 0.3125
0 0.5875 0.371875 0.04375 0.053125
2 0.496875 0.5 0.2125 0.4390625
0 0.4890625 0.3234375 0.05 0.071875
2 0.565625 0.45625 0.10625 0.2953125
0 0.5703125 0.33125 0.034375 0.0359375
2 0.5890625 0.40625 0.0484375 0.1609375
0 0.590625 0.3390625 0.01875 0.021875
2 0.509375 0.4109375 0.0453125 0.16875
0 0.5125 0.34375 0.021875 0.028125
2 0.4015625 0.4625 0.1125 0.296875
0 0.4078125 0.340625 0.0375 0.0453125
0 0.2703125 0.3171875 0.071875 0.0703125
2 0.35625 0.3890625 0.0453125 0.134375
0 0.3625 0.334375 0.01875 0.0203125
2 0.3328125 0.3890625 0.040625 0.1171875
0 0.334375 0.340625 0.0140625 0.0171875
2 0.303125 0.3921875 0.040625 0.1296875
0 0.3078125 0.340625 0.01875 0.0234375
2 0.2078125 0.4671875 0.1125 0.3484375
0 0.2234375 0.31875 0.040625 0.0484375
2 0.16875 0.3921875 0.046875 0.1703125
0 0.175 0.321875 0.0203125 0.021875
2 0.128125 0.44375 0.0875 0.2328125
0 0.1390625 0.346875 0.025 0.0296875
2 0.13125 0.390625 0.0453125 0.15
0 0.1328125 0.3265625 0.021875 0.01875
2 0.096875 0.3953125 0.046875 0.1421875
0 0.1 0.3375 0.0171875 0.021875
2 0.065625 0.4203125 0.0921875 0.196875
0 0.05 0.334375 0.03125 0.021875