0 0.18125 0.484375 0.0609375 0.065625
2 0.509375 0.5296875 0.0984375 0.228125
0 0.5140625 0.4421875 0.0359375 0.046875
2 0.59375 0.5734375 0.1078125 0.2890625
0 0.596875 0.4515625 0.040625 0.0453125
2 0.5421875 0.503125 0.0828125 0.2328125
0 0.5484375 0.4046875 0.0265625 0.0265625
2 0.6578125 0.525 0.08125 0.2484375
0 0.65625 0.41875 0.028125 0.0328125
2 0.73125 0.5125 0.0640625 0.1953125
0 0.721875 0.4375 0.03125 0.0375
2 0.765625 0.5328125 0.078125 0.25625
0 0.7640625 0.425 0.0375 0.0359375
2 0.8078125 0.4953125 0.04375 0.18125
0 0.809375 0.4203125 0.021875 0.0234375
2 0.8484375 0.5125 0.0765625 0.2140625
0 0.8484375 0.43125 0.0234375 0.0296875
2 0.8703125 0.4953125 0.0640625 0.1984375
0 0.8671875 0.4125 0.021875 0.021875
2 0.9109375 0.475 0.0484375 0.1328125
0 0.915625 0.425 0.0171875 0.021875
2 0.9359375 0.51875 0.0796875 0.221875
0 0.9328125 0.43125 0.0328125 0.0375
0 0.9703125 0.4296875 0.0265625 0.0265625