2 0.3953125 0.615625 0.01875 0.0421875
0 0.3921875 0.5984375 0.00625 0.00625
2 0.403125 0.6140625 0.015625 0.0453125
0 0.4 0.5953125 0.00625 0.00625
2 0.4078125 0.6203125 0.015625 0.04375
0 0.40625 0.6046875 0.00625 0.00625
2 0.4296875 0.61875 0.0203125 0.0453125
0 0.4265625 0.6 0.00625 0.0046875
2 0.496875 0.646875 0.04375 0.109375
0 0.503125 0.6 0.0140625 0.0140625
2 0.5328125 0.6515625 0.0453125 0.1015625
0 0.528125 0.6078125 0.0125 0.0125
2 0.565625 0.625 0.0234375 0.053125
0 0.5640625 0.6046875 0.0078125 0.0078125
2 0.540625 0.5984375 0.0078125 0.0171875
0 0.540625 0.5921875 0.0015625 0.0015625
2 0.534375 0.6015625 0.009375 0.021875
0 0.5359375 0.59375 0.0046875 0.0046875
2 0.5203125 0.603125 0.0109375 0.0265625
0 0.5203125 0.59375 0.003125 0.0046875
2 0.728125 0.628125 0.034375 0.0453125
0 0.7328125 0.6140625 0.0078125 0.009375