2 0.378125 0.5078125 0.028125 0.0734375
0 0.38125 0.478125 0.009375 0.0125
2 0.3453125 0.51875 0.040625 0.1125
0 0.34375 0.475 0.015625 0.0203125
2 0.3046875 0.5046875 0.028125 0.084375
0 0.3078125 0.4703125 0.0171875 0.0171875
2 0.321875 0.54375 0.0390625 0.1234375
0 0.321875 0.490625 0.009375 0.0109375
2 0.2734375 0.5234375 0.0515625 0.14375
0 0.2734375 0.465625 0.015625 0.0234375
2 0.2328125 0.5765625 0.0546875 0.2046875
0 0.234375 0.4921875 0.0265625 0.03125
2 0.2296875 0.5296875 0.03125 0.1171875
0 0.228125 0.48125 0.0125 0.0140625
2 0.19375 0.53125 0.0515625 0.125
0 0.19375 0.4796875 0.015625 0.015625
2 0.121875 0.5796875 0.06875 0.1953125
0 0.1234375 0.5015625 0.021875 0.0328125
0 0.0625 0.5078125 0.078125 0.0875
2 0.2703125 0.6421875 0.125 0.3453125
0 0.2671875 0.5015625 0.0421875 0.0578125
2 0.4078125 0.6 0.0765625 0.2421875
0 0.4046875 0.4984375 0.03125 0.03125
2 0.4703125 0.621875 0.103125 0.296875
0 0.4609375 0.4984375 0.0359375 0.0421875