2 0.5296875 0.6109375 0.0796875 0.2203125
0 0.5265625 0.515625 0.0265625 0.028125
2 0.4734375 0.6203125 0.0484375 0.071875
0 0.4828125 0.596875 0.01875 0.01875
2 0.553125 0.5765625 0.0640625 0.1421875
0 0.5453125 0.51875 0.0203125 0.0203125
2 0.6328125 0.6078125 0.0921875 0.209375
0 0.628125 0.5203125 0.0265625 0.0296875
2 0.93125 0.55 0.0515625 0.10625
0 0.9265625 0.50625 0.0140625 0.0171875
2 0.8765625 0.5328125 0.0203125 0.071875
0 0.875 0.5015625 0.009375 0.0109375
2 0.865625 0.5265625 0.0203125 0.0484375
0 0.8625 0.5078125 0.0078125 0.0078125
2 0.85 0.525 0.0171875 0.0546875
0 0.8484375 0.503125 0.0078125 0.0078125
2 0.809375 0.5265625 0.0203125 0.0609375
0 0.8109375 0.503125 0.0078125 0.009375
2 0.39375 0.5515625 0.0546875 0.125
0 0.39375 0.5 0.0140625 0.0171875
2 0.3515625 0.5390625 0.0390625 0.1015625
0 0.3546875 0.4953125 0.0125 0.0125
2 0.3015625 0.5640625 0.0515625 0.1453125
0 0.30625 0.50625 0.0171875 0.025
2 0.2390625 0.56875 0.0609375 0.1546875
0 0.246875 0.50625 0.0203125 0.0234375
2 0.2234375 0.5140625 0.01875 0.0515625
0 0.225 0.49375 0.0078125 0.009375
2 0.128125 0.5015625 0.0171875 0.0375
0 0.134375 0.4875 0.0046875 0.0046875
2 0.1109375 0.5015625 0.0140625 0.0375
0 0.1078125 0.4875 0.0046875 0.0046875
2 0.0984375 0.5015625 0.0140625 0.0359375
0 0.0984375 0.4890625 0.00625 0.00625
2 0.084375 0.4984375 0.0140625 0.0328125
0 0.0859375 0.4859375 0.0046875 0.0046875
2 0.0609375 0.4984375 0.0203125 0.040625
0 0.0640625 0.4828125 0.00625 0.00625
2 0.040625 0.5203125 0.0375 0.0734375
0 0.046875 0.490625 0.0109375 0.0109375
2 0.0078125 0.50625 0.015625 0.0515625
0 0.0078125 0.4859375 0.0078125 0.0078125
2 0.034375 0.50625 0.021875 0.0578125
0 0.03125 0.484375 0.0078125 0.009375
2 0.328125 0.525 0.0203125 0.0390625
0 0.325 0.5109375 0.0046875 0.00625
2 0.784375 0.521875 0.015625 0.0546875
0 0.784375 0.5 0.0078125 0.009375
2 0.8328125 0.51875 0.015625 0.053125
0 0.83125 0.496875 0.0078125 0.0078125