2 0.9265625 0.69375 0.1015625 0.2671875
0 0.921875 0.5921875 0.028125 0.0296875
0 0.8890625 0.5359375 0.0359375 0.046875
2 0.778125 0.665625 0.103125 0.2875
0 0.76875 0.54375 0.03125 0.040625
2 0.8046875 0.690625 0.084375 0.2296875
0 0.796875 0.603125 0.021875 0.021875
2 0.728125 0.690625 0.0796875 0.2203125
0 0.734375 0.596875 0.021875 0.0234375
2 0.70625 0.6921875 0.0765625 0.19375
0 0.709375 0.6140625 0.025 0.0328125
2 0.628125 0.6546875 0.1421875 0.3515625
0 0.615625 0.509375 0.040625 0.0546875
2 0.590625 0.6640625 0.1125 0.303125
0 0.584375 0.5375 0.028125 0.0359375
0 0.496875 0.325 0.0578125 0.0765625
2 0.4328125 0.6515625 0.0921875 0.2765625
0 0.4359375 0.540625 0.034375 0.046875
2 0.4125 0.6515625 0.065625 0.2578125
0 0.39375 0.5421875 0.0265625 0.028125
0 0.3453125 0.34375 0.0578125 0.0703125
2 0.05 0.5875 0.0359375 0.075
0 0.0484375 0.559375 0.009375 0.0109375
2 0.025 0.5875 0.028125 0.0671875
0 0.0265625 0.5609375 0.0125 0.0140625