0 0.7359375 0.5796875 0.0546875 0.0578125
2 0.1859375 0.7046875 0.13125 0.28125
0 0.2109375 0.584375 0.0265625 0.0359375
2 0.090625 0.7 0.078125 0.21875
0 0.1 0.6078125 0.0265625 0.0296875
2 0.4171875 0.7109375 0.0859375 0.1375
0 0.4375 0.6578125 0.0234375 0.0265625
2 0.4953125 0.7109375 0.04375 0.1078125
0 0.4953125 0.66875 0.0203125 0.0171875
2 0.46875 0.7 0.0453125 0.1296875
0 0.4703125 0.6453125 0.0203125 0.0203125
2 0.525 0.653125 0.0421875 0.05
0 0.5359375 0.634375 0.0109375 0.009375
2 0.5734375 0.65 0.0265625 0.0453125
0 0.5703125 0.634375 0.0078125 0.0078125
2 0.5765625 0.6453125 0.03125 0.0390625
0 0.5734375 0.63125 0.00625 0.0078125
2 0.559375 0.6328125 0.009375 0.0359375
0 0.559375 0.6203125 0.0046875 0.00625
2 0.4828125 0.653125 0.028125 0.0515625
0 0.484375 0.634375 0.0078125 0.009375
2 0.6234375 0.64375 0.015625 0.053125
0 0.625 0.621875 0.00625 0.00625