2 0.1828125 0.6453125 0.0796875 0.3890625
0 0.184375 0.4828125 0.046875 0.053125
2 0.2671875 0.6625 0.1640625 0.425
0 0.26875 0.4828125 0.0390625 0.046875
2 0.35 0.6984375 0.121875 0.240625
0 0.34375 0.603125 0.0359375 0.0390625
2 0.321875 0.5625 0.0625 0.1359375
0 0.3265625 0.5078125 0.0171875 0.021875
2 0.3734375 0.6109375 0.0765625 0.284375
0 0.3859375 0.4921875 0.0328125 0.0359375
2 0.4015625 0.5671875 0.0671875 0.2140625
0 0.409375 0.4765625 0.028125 0.0265625
2 0.4671875 0.6140625 0.1796875 0.43125
0 0.478125 0.4265625 0.0484375 0.053125
2 0.521875 0.5671875 0.1078125 0.240625
0 0.5171875 0.46875 0.028125 0.0359375
2 0.6296875 0.6671875 0.159375 0.5234375
0 0.6265625 0.446875 0.059375 0.075
2 0.7140625 0.69375 0.178125 0.571875
0 0.70625 0.45625 0.071875 0.0890625
0 0.809375 0.4796875 0.0765625 0.09375