0 0.975 0.3953125 0.0453125 0.0578125
2 0.9171875 0.4546875 0.071875 0.1671875
0 0.9046875 0.3875 0.025 0.0234375
2 0.8375 0.509375 0.103125 0.3640625
0 0.83125 0.359375 0.0421875 0.046875
2 0.80625 0.5046875 0.096875 0.296875
0 0.8140625 0.38125 0.0390625 0.040625
2 0.7 0.5375 0.13125 0.434375
0 0.690625 0.3578125 0.0640625 0.0671875
2 0.6328125 0.50625 0.0953125 0.34375
0 0.6390625 0.36875 0.0421875 0.0421875
0 0.5 0.375 0.075 0.0765625
2 0.509375 0.5546875 0.190625 0.4140625
0 0.540625 0.3859375 0.05 0.05
2 0.5546875 0.4765625 0.1046875 0.2765625
0 0.5421875 0.3671875 0.034375 0.040625
2 0.4734375 0.503125 0.0765625 0.24375
0 0.4796875 0.4 0.0296875 0.03125
2 0.34375 0.5796875 0.2 0.471875
0 0.3359375 0.390625 0.053125 0.06875
2 0.3796875 0.521875 0.0953125 0.315625
0 0.375 0.390625 0.0375 0.0484375
2 0.396875 0.475 0.0859375 0.25625
0 0.39375 0.3734375 0.03125 0.0390625
2 0.2953125 0.459375 0.0796875 0.21875
0 0.29375 0.3703125 0.028125 0.03125
2 0.25625 0.496875 0.109375 0.2703125
0 0.2375 0.3859375 0.0359375 0.04375
2 0.2828125 0.5828125 0.0984375 0.240625
0 0.26875 0.4921875 0.0328125 0.04375
2 0.2203125 0.5765625 0.11875 0.3640625
0 0.20625 0.428125 0.05625 0.05625
0 0.0390625 0.396875 0.0765625 0.0734375
2 0.09375 0.4890625 0.08125 0.2265625
0 0.090625 0.3984375 0.03125 0.034375
2 0.14375 0.4515625 0.075 0.215625
0 0.14375 0.3625 0.028125 0.03125
2 0.1765625 0.4625 0.09375 0.2328125
0 0.175 0.365625 0.03125 0.034375
2 0.628125 0.4546875 0.0515625 0.1796875
0 0.63125 0.384375 0.0234375 0.0265625