2 0.815625 0.54375 0.1390625 0.353125
0 0.8 0.3953125 0.0484375 0.0546875
0 0.9359375 0.3921875 0.034375 0.0375
2 0.6765625 0.5171875 0.0953125 0.253125
0 0.66875 0.421875 0.03125 0.0390625
2 0.725 0.4359375 0.0703125 0.146875
0 0.734375 0.378125 0.025 0.0265625
2 0.7359375 0.409375 0.065625 0.178125
0 0.7421875 0.334375 0.0234375 0.025
2 0.665625 0.415625 0.075 0.190625
0 0.6625 0.3359375 0.0234375 0.025
2 0.85625 0.4203125 0.053125 0.15625
0 0.85625 0.3578125 0.0203125 0.0234375
2 0.8328125 0.546875 0.0953125 0.321875
0 0.83125 0.4125 0.0390625 0.0484375
2 0.5578125 0.496875 0.1109375 0.284375
0 0.5625 0.3796875 0.034375 0.0359375
2 0.6 0.41875 0.0640625 0.1859375
0 0.6015625 0.3390625 0.01875 0.021875
2 0.5484375 0.4484375 0.0875 0.221875
0 0.546875 0.3609375 0.025 0.034375
2 0.490625 0.4453125 0.06875 0.18125
0 0.4828125 0.3734375 0.0265625 0.0328125
2 0.56875 0.3765625 0.0453125 0.1265625
0 0.565625 0.3265625 0.021875 0.025
2 0.5421875 0.3625 0.0421875 0.10625
0 0.546875 0.321875 0.0171875 0.01875
2 0.5296875 0.3578125 0.0375 0.10625
0 0.5359375 0.31875 0.01875 0.01875
2 0.5015625 0.3796875 0.04375 0.109375
0 0.5 0.3375 0.0140625 0.0171875
2 0.4734375 0.390625 0.0375 0.115625
0 0.4734375 0.340625 0.0125 0.0140625
2 0.446875 0.39375 0.05625 0.1234375
0 0.4453125 0.340625 0.01875 0.01875
2 0.4609375 0.3703125 0.0328125 0.09375
0 0.4625 0.334375 0.015625 0.0171875
2 0.5046875 0.3484375 0.0375 0.09375
0 0.509375 0.3109375 0.0125 0.0140625
2 0.40625 0.4828125 0.103125 0.2796875
0 0.4015625 0.365625 0.034375 0.0390625
2 0.4203125 0.5203125 0.071875 0.115625
0 0.4125 0.478125 0.025 0.021875
2 0.353125 0.51875 0.0609375 0.1828125
0 0.3484375 0.45 0.0265625 0.0359375
2 0.321875 0.528125 0.065625 0.20625
0 0.3203125 0.45 0.0265625 0.03125
2 0.340625 0.4390625 0.075 0.1875
0 0.340625 0.3609375 0.021875 0.028125
2 0.3375 0.38125 0.06875 0.13125
0 0.3390625 0.3296875 0.01875 0.0234375
0 0.1640625 0.5109375 0.065625 0.075
2 0.25625 0.5265625 0.1 0.275
0 0.25 0.4125 0.034375 0.0390625
2 0.2890625 0.4421875 0.04375 0.109375
0 0.2875 0.4015625 0.0171875 0.021875
2 0.2484375 0.4359375 0.059375 0.115625
0 0.253125 0.390625 0.0171875 0.01875
2 0.2015625 0.425 0.0578125 0.1609375
0 0.1984375 0.3578125 0.0203125 0.0203125
2 0.2484375 0.4078125 0.0640625 0.1421875
0 0.2515625 0.3484375 0.021875 0.01875
2 0.2671875 0.3765625 0.053125 0.1296875
0 0.2640625 0.325 0.0140625 0.0171875
2 0.175 0.3921875 0.0484375 0.1328125
0 0.171875 0.334375 0.0140625 0.015625
2 0.1984375 0.3765625 0.0375 0.121875
0 0.2 0.3265625 0.0171875 0.0171875
2 0.209375 0.3859375 0.034375 0.109375
0 0.2125 0.3421875 0.0140625 0.0171875
2 0.2328125 0.375 0.0375 0.115625
0 0.23125 0.33125 0.0171875 0.01875
2 0.1 0.3625 0.034375 0.090625
0 0.1015625 0.3265625 0.0125 0.0125
2 0.0578125 0.3546875 0.0375 0.10625
0 0.0546875 0.315625 0.0125 0.0125
2 0.1375 0.346875 0.040625 0.0859375
0 0.1359375 0.3125 0.0125 0.0140625
2 0.3875 0.4046875 0.0484375 0.13125
0 0.3875 0.353125 0.0171875 0.0234375
2 0.309375 0.4015625 0.0453125 0.115625
0 0.3140625 0.3578125 0.01875 0.021875
2 0.321875 0.3921875 0.040625 0.1390625
0 0.321875 0.3359375 0.0171875 0.01875
2 0.4109375 0.3640625 0.0359375 0.10625
0 0.4125 0.3203125 0.0140625 0.0140625
2 0.41875 0.340625 0.05 0.103125
0 0.4171875 0.2984375 0.0125 0.0125
2 0.45 0.36875 0.0453125 0.125
0 0.4515625 0.315625 0.015625 0.015625
2 0.2890625 0.3390625 0.03125 0.0625
0 0.284375 0.315625 0.0109375 0.0125