2 0.196875 0.63125 0.196875 0.36875
0 0.184375 0.490625 0.0515625 0.0625
2 0.3171875 0.60625 0.1421875 0.3578125
0 0.3078125 0.4640625 0.0453125 0.0546875
2 0.6125 0.6015625 0.1875 0.365625
0 0.5640625 0.4625 0.04375 0.05
2 0.5484375 0.53125 0.1796875 0.39375
0 0.5453125 0.365625 0.0546875 0.0484375
0 0.9625 0.4390625 0.0546875 0.0578125
2 0.9140625 0.5484375 0.121875 0.378125
0 0.9046875 0.3921875 0.053125 0.0515625
0 0.925 0.3125 0.0421875 0.0484375
2 0.6234375 0.3609375 0.0796875 0.2484375
0 0.60625 0.259375 0.03125 0.0390625
2 0.5125 0.375 0.1015625 0.240625
0 0.5203125 0.278125 0.034375 0.0359375
2 0.378125 0.3875 0.1140625 0.2203125
0 0.346875 0.296875 0.0328125 0.0328125
2 0.26875 0.396875 0.1328125 0.2296875
0 0.2359375 0.3078125 0.034375 0.034375