2 0.1109375 0.6765625 0.1046875 0.2671875
0 0.1109375 0.565625 0.0375 0.0453125
2 0.0296875 0.6140625 0.059375 0.184375
0 0.028125 0.540625 0.028125 0.0296875
2 0.059375 0.5921875 0.05625 0.1640625
0 0.05625 0.525 0.0234375 0.0265625
2 0.109375 0.5859375 0.0609375 0.1640625
0 0.1109375 0.5203125 0.0234375 0.0296875
2 0.0171875 0.575 0.034375 0.1421875
0 0.0109375 0.51875 0.0171875 0.0234375
2 0.0421875 0.546875 0.0453125 0.1140625
0 0.0421875 0.5015625 0.01875 0.021875
2 0.08125 0.5484375 0.0453125 0.121875
0 0.084375 0.5 0.01875 0.0203125
2 0.046875 0.5125 0.0375 0.084375
0 0.040625 0.478125 0.015625 0.0140625
2 0.0765625 0.4984375 0.0296875 0.06875
0 0.0765625 0.4734375 0.0125 0.0140625
2 0.0953125 0.4953125 0.0328125 0.075
0 0.0953125 0.4671875 0.0125 0.0140625
2 0.09375 0.509375 0.034375 0.075
0 0.0921875 0.4796875 0.0140625 0.0125
2 0.134375 0.525 0.0453125 0.0890625
0 0.134375 0.4890625 0.0109375 0.0109375
2 0.16875 0.521875 0.0390625 0.09375
0 0.1640625 0.4828125 0.0140625 0.0140625
2 0.121875 0.4828125 0.025 0.05625
0 0.1203125 0.4625 0.00625 0.0078125
2 0.1296875 0.4828125 0.0234375 0.0578125
0 0.1265625 0.459375 0.0109375 0.009375
2 0.15 0.4984375 0.0265625 0.075
0 0.1484375 0.4671875 0.0109375 0.0125
2 0.1578125 0.4875 0.025 0.0578125
0 0.1625 0.4640625 0.0078125 0.0078125
2 0.178125 0.5078125 0.0296875 0.0734375
0 0.1765625 0.4796875 0.0109375 0.0140625
2 0.175 0.4828125 0.0203125 0.0546875
0 0.171875 0.459375 0.0078125 0.0078125
2 0.196875 0.4546875 0.0125 0.03125
0 0.196875 0.44375 0.0046875 0.0046875
2 0.1984375 0.5 0.0265625 0.06875
0 0.1984375 0.4703125 0.009375 0.0078125
2 0.21875 0.596875 0.08125 0.175
0 0.225 0.5234375 0.0234375 0.028125
2 0.215625 0.5171875 0.0375 0.084375
0 0.2140625 0.484375 0.0140625 0.0125
2 0.21875 0.4953125 0.028125 0.0734375
0 0.2140625 0.465625 0.009375 0.009375
2 0.2265625 0.4890625 0.01875 0.0609375
0 0.2265625 0.465625 0.0078125 0.0109375
2 0.2546875 0.4703125 0.01875 0.0484375
0 0.2546875 0.4515625 0.009375 0.0078125
2 0.2578125 0.5109375 0.0265625 0.084375
0 0.25625 0.475 0.0109375 0.0109375
2 0.28125 0.515625 0.0359375 0.0828125
0 0.2796875 0.48125 0.009375 0.0109375
2 0.2921875 0.5 0.028125 0.075
0 0.2921875 0.46875 0.009375 0.0109375
2 0.3140625 0.5203125 0.028125 0.0921875
0 0.315625 0.484375 0.0109375 0.0140625
2 0.340625 0.5140625 0.03125 0.0984375
0 0.3390625 0.471875 0.0125 0.0125
2 0.3671875 0.5109375 0.03125 0.096875
0 0.3671875 0.4703125 0.0109375 0.0109375
2 0.3828125 0.509375 0.028125 0.0875
0 0.3828125 0.475 0.009375 0.0109375
2 0.4203125 0.45 0.009375 0.021875
0 0.4203125 0.4421875 0.0015625 0.003125
2 0.4640625 0.45625 0.0125 0.0296875
0 0.465625 0.4453125 0.003125 0.0046875
2 0.4765625 0.4546875 0.0125 0.025
0 0.478125 0.4453125 0.0046875 0.0046875
2 0.475 0.45625 0.0109375 0.025
0 0.475 0.4453125 0.003125 0.003125
2 0.4453125 0.4515625 0.009375 0.0203125
0 0.44375 0.44375 0.003125 0.003125
2 0.43125 0.4515625 0.0109375 0.028125
0 0.4328125 0.440625 0.003125 0.003125
2 0.4625 0.4546875 0.009375 0.0265625
0 0.465625 0.44375 0.0046875 0.0046875
2 0.5203125 0.4625 0.015625 0.0328125
0 0.521875 0.4515625 0.003125 0.0046875
2 0.5453125 0.4390625 0.0109375 0.021875
0 0.54375 0.43125 0.003125 0.003125
2 0.534375 0.4625 0.0109375 0.03125
0 0.534375 0.4515625 0.0046875 0.0046875
2 0.65625 0.459375 0.025 0.0375
0 0.653125 0.4453125 0.0046875 0.0046875
2 0.7 0.453125 0.021875 0.034375
0 0.7015625 0.440625 0.0046875 0.0046875
0 0.2984375 0.5765625 0.04375 0.05625
2 0.475 0.5796875 0.0703125 0.1515625
0 0.4765625 0.521875 0.021875 0.03125
2 0.5109375 0.6453125 0.103125 0.225
0 0.5078125 0.55625 0.0296875 0.040625
2 0.6 0.684375 0.08125 0.26875
0 0.5984375 0.578125 0.0421875 0.0453125
0 0.6625 0.603125 0.04375 0.046875
2 0.696875 0.6734375 0.0984375 0.2953125
0 0.6890625 0.5546875 0.0421875 0.0484375
2 0.715625 0.6609375 0.0921875 0.221875
0 0.7171875 0.571875 0.0328125 0.0390625
0 0.8328125 0.6359375 0.0625 0.0625
0 0.940625 0.6078125 0.0515625 0.0515625
2 0.8515625 0.4875 0.01875 0.0640625
0 0.853125 0.4640625 0.009375 0.0109375
2 0.8703125 0.4828125 0.021875 0.0671875
0 0.86875 0.45625 0.0109375 0.0109375
2 0.9328125 0.5046875 0.040625 0.0828125
0 0.9359375 0.471875 0.0125 0.0140625