2 0.0515625 0.5109375 0.0203125 0.0625
0 0.0515625 0.4859375 0.0078125 0.0078125
2 0.034375 0.540625 0.0328125 0.0671875
0 0.0390625 0.5140625 0.009375 0.009375
2 0.0890625 0.6109375 0.05625 0.1578125
0 0.1046875 0.5484375 0.01875 0.021875
2 0.1234375 0.6171875 0.0859375 0.1703125
0 0.1328125 0.546875 0.0234375 0.0203125
2 0.175 0.5828125 0.0453125 0.115625
0 0.1765625 0.5390625 0.0125 0.0140625
2 0.2390625 0.628125 0.08125 0.1859375
0 0.259375 0.5609375 0.021875 0.0234375
2 0.24375 0.5515625 0.025 0.0640625
0 0.246875 0.5265625 0.009375 0.0078125
2 0.2734375 0.5546875 0.028125 0.078125
0 0.2796875 0.5234375 0.009375 0.0109375
2 0.3125 0.6203125 0.071875 0.21875
0 0.3125 0.53125 0.0234375 0.03125
2 0.36875 0.578125 0.05 0.121875
0 0.371875 0.528125 0.0140625 0.0171875
2 0.4453125 0.628125 0.0875 0.23125
0 0.4484375 0.5328125 0.021875 0.03125
2 0.471875 0.5796875 0.0390625 0.1171875
0 0.4734375 0.5296875 0.015625 0.0171875
2 0.5140625 0.5984375 0.0546875 0.14375
0 0.515625 0.5390625 0.0171875 0.0203125
2 0.603125 0.609375 0.0890625 0.2078125
0 0.60625 0.521875 0.0234375 0.025
2 0.6296875 0.5890625 0.0484375 0.1421875
0 0.6296875 0.528125 0.015625 0.0140625
2 0.678125 0.5984375 0.08125 0.171875
0 0.6640625 0.5296875 0.0203125 0.0203125
2 0.703125 0.590625 0.046875 0.109375
0 0.7015625 0.5453125 0.0140625 0.015625
2 0.7484375 0.59375 0.071875 0.1453125
0 0.74375 0.534375 0.015625 0.0171875
2 0.7671875 0.5734375 0.0421875 0.096875
0 0.765625 0.5359375 0.0125 0.0140625
2 0.7953125 0.5953125 0.06875 0.140625
0 0.784375 0.5375 0.01875 0.01875
2 0.846875 0.603125 0.0703125 0.18125
0 0.8453125 0.5265625 0.0234375 0.028125
0 0.89375 0.534375 0.034375 0.0390625
0 0.9609375 0.553125 0.0234375 0.021875