2 0.0609375 0.703125 0.1046875 0.228125
0 0.03125 0.6125 0.034375 0.0390625
2 0.01875 0.6953125 0.0375 0.159375
0 0.0046875 0.63046875 0.009375 0.0296875
2 0.03125 0.68125 0.0609375 0.1296875
0 0.0296875 0.634375 0.0234375 0.028125
2 0.0546875 0.628125 0.0328125 0.09375
0 0.0546875 0.590625 0.0109375 0.0125
2 0.090625 0.6296875 0.0453125 0.0890625
0 0.08125 0.59375 0.0125 0.0109375
2 0.13125 0.628125 0.040625 0.0890625
0 0.1296875 0.59375 0.009375 0.0109375
2 0.16875 0.628125 0.0484375 0.1
0 0.171875 0.5859375 0.0125 0.0125
2 0.203125 0.6234375 0.0453125 0.1015625
0 0.2015625 0.5828125 0.0109375 0.0140625
2 0.234375 0.6671875 0.0640625 0.1671875
0 0.2375 0.596875 0.0203125 0.0234375
2 0.28125 0.6640625 0.05 0.159375
0 0.278125 0.5984375 0.021875 0.021875
2 0.234375 0.615625 0.0234375 0.0796875
0 0.2359375 0.5828125 0.0109375 0.0109375
2 0.3296875 0.671875 0.071875 0.215625
0 0.3359375 0.5796875 0.025 0.03125
2 0.3671875 0.653125 0.0453125 0.1609375
0 0.365625 0.5859375 0.0171875 0.0203125
0 0.390625 0.5828125 0.0390625 0.0453125
2 0.4171875 0.69375 0.078125 0.2296875
0 0.40625 0.59375 0.0203125 0.0234375
2 0.790625 0.6796875 0.0765625 0.265625
0 0.79375 0.5703125 0.03125 0.0390625
2 0.8640625 0.684375 0.0828125 0.25625
0 0.8703125 0.5796875 0.034375 0.0421875
2 0.91875 0.6421875 0.0546875 0.140625
0 0.91875 0.584375 0.01875 0.021875
0 0.9875 0.5453125 0.015625 0.0171875
2 0.834375 0.6765625 0.0703125 0.1875
0 0.8234375 0.5984375 0.028125 0.0296875
2 0.7984375 0.659375 0.0734375 0.184375
0 0.8015625 0.5796875 0.0203125 0.021875
2 0.790625 0.5765625 0.0203125 0.075
0 0.790625 0.546875 0.0109375 0.0125
2 0.821875 0.5859375 0.03125 0.0859375
0 0.825 0.5515625 0.0109375 0.0125
2 0.85 0.5828125 0.0296875 0.0921875
0 0.8515625 0.5453125 0.0125 0.0140625
2 0.8796875 0.5796875 0.0328125 0.08125
0 0.8796875 0.546875 0.0109375 0.0109375
2 0.9375 0.575 0.0328125 0.1015625
0 0.9328125 0.5328125 0.0125 0.0125
2 0.95 0.575 0.028125 0.096875
0 0.94375 0.534375 0.0109375 0.0125
2 0.9609375 0.5734375 0.0234375 0.09375
0 0.9640625 0.5359375 0.0125 0.0125
2 0.9796875 0.5765625 0.0328125 0.1046875
0 0.9796875 0.534375 0.0125 0.015625
2 0.9703125 0.571875 0.0234375 0.0890625
0 0.971875 0.5375 0.0109375 0.0125
2 0.690625 0.60625 0.0390625 0.1015625
0 0.69375 0.565625 0.0140625 0.0171875
2 0.6578125 0.609375 0.04375 0.0921875
0 0.6609375 0.5734375 0.0125 0.0140625
2 0.65625 0.603125 0.040625 0.09375
0 0.65625 0.565625 0.0140625 0.015625
2 0.703125 0.5875 0.021875 0.06875
0 0.7 0.5609375 0.009375 0.0109375
2 0.70625 0.58125 0.0234375 0.065625
0 0.7046875 0.5546875 0.0078125 0.0078125
2 0.6859375 0.584375 0.0203125 0.0734375
0 0.6875 0.5546875 0.009375 0.0109375
2 0.66875 0.5828125 0.01875 0.059375
0 0.6703125 0.5609375 0.00625 0.009375
2 0.6796875 0.5765625 0.0171875 0.0625
0 0.6796875 0.553125 0.0078125 0.0078125
2 0.63125 0.584375 0.0265625 0.065625
0 0.63125 0.5578125 0.009375 0.009375
2 0.6140625 0.5796875 0.01875 0.05
0 0.6125 0.559375 0.00625 0.00625
2 0.5515625 0.5796875 0.0171875 0.04375
0 0.55 0.5625 0.0078125 0.0078125
2 0.53125 0.5796875 0.0171875 0.0390625
0 0.5328125 0.56875 0.0046875 0.0078125
2 0.1125 0.634375 0.0234375 0.0640625
0 0.1140625 0.6078125 0.009375 0.009375
2 0.1453125 0.60625 0.0171875 0.053125
0 0.1453125 0.584375 0.00625 0.00625
2 0.1609375 0.609375 0.015625 0.05
0 0.159375 0.5921875 0.0046875 0.00625
2 0.184375 0.6109375 0.015625 0.0515625
0 0.1859375 0.590625 0.0078125 0.00625
2 0.1296875 0.621875 0.034375 0.0875
0 0.1296875 0.5859375 0.0109375 0.0125