0 0.9734375 0.6828125 0.046875 0.059375
0 0.90625 0.4140625 0.05 0.05
2 0.903125 0.55625 0.1375 0.421875
0 0.903125 0.3828125 0.0625 0.065625
2 0.80625 0.484375 0.0703125 0.2203125
0 0.8046875 0.390625 0.028125 0.025
2 0.6078125 0.503125 0.18125 0.340625
0 0.615625 0.359375 0.034375 0.040625
2 0.496875 0.509375 0.08125 0.3125
0 0.490625 0.378125 0.034375 0.0390625
2 0.46875 0.5265625 0.1 0.325
0 0.4484375 0.38125 0.025 0.03125
2 0.4265625 0.5 0.090625 0.4046875
0 0.440625 0.33125 0.040625 0.0578125
0 0.190625 0.346875 0.084375 0.103125
2 0.540625 0.528125 0.090625 0.2828125
0 0.5625 0.403125 0.03125 0.025