2 0.2359375 0.60625 0.0296875 0.109375
0 0.2390625 0.5609375 0.0140625 0.0125
2 0.2984375 0.6890625 0.09375 0.2453125
0 0.315625 0.5859375 0.0328125 0.0328125
2 0.371875 0.6828125 0.09375 0.2546875
0 0.3703125 0.5734375 0.028125 0.03125
2 0.3828125 0.6515625 0.0671875 0.196875
0 0.3859375 0.56875 0.0203125 0.0265625
2 0.403125 0.6390625 0.059375 0.1640625
0 0.403125 0.5703125 0.021875 0.021875
2 0.415625 0.596875 0.025 0.065625
0 0.415625 0.5734375 0.009375 0.0109375
2 0.4578125 0.58125 0.01875 0.0484375
0 0.45625 0.5625 0.00625 0.0078125
2 0.5296875 0.646875 0.090625 0.2
0 0.525 0.5640625 0.025 0.03125
2 0.5890625 0.646875 0.075 0.1703125
0 0.590625 0.575 0.01875 0.025
2 0.6453125 0.634375 0.0734375 0.1625
0 0.6484375 0.5640625 0.021875 0.01875
2 0.69375 0.615625 0.0453125 0.10625
0 0.6796875 0.571875 0.0125 0.0140625
2 0.6140625 0.6 0.028125 0.0703125
0 0.615625 0.571875 0.009375 0.0109375
2 0.55625 0.6015625 0.0359375 0.1109375
0 0.5578125 0.55625 0.0125 0.015625
2 0.7421875 0.596875 0.025 0.0671875
0 0.7421875 0.5671875 0.00625 0.0078125
2 0.684375 0.609375 0.03125 0.0953125
0 0.6796875 0.571875 0.0125 0.0140625