2 0.790625 0.4640625 0.19375 0.4984375
0 0.778125 0.35 0.04375 0.05625
2 0.6421875 0.4484375 0.14375 0.4875
0 0.634375 0.328125 0.0390625 0.0421875
2 0.6609375 0.4484375 0.121875 0.4625
0 0.66875 0.3125 0.0390625 0.0484375
2 0.53125 0.49375 0.1140625 0.375
0 0.5203125 0.334375 0.040625 0.046875
2 0.4328125 0.475 0.1703125 0.5859375
0 0.4515625 0.3171875 0.05 0.065625
2 0.309375 0.4578125 0.159375 0.5875
0 0.3203125 0.2953125 0.0484375 0.065625
2 0.3796875 0.4671875 0.1 0.2921875
0 0.3953125 0.340625 0.0359375 0.0375
2 0.21875 0.503125 0.109375 0.359375
0 0.225 0.3640625 0.0359375 0.053125
2 0.2359375 0.4875 0.0875 0.3515625
0 0.21875 0.346875 0.040625 0.046875
2 0.1953125 0.496875 0.1828125 0.43125
0 0.1734375 0.3328125 0.053125 0.059375
2 0.1109375 0.478125 0.0796875 0.3546875
0 0.1125 0.3328125 0.0359375 0.0453125
2 0.0796875 0.46875 0.1578125 0.6484375
0 0.0359375 0.30390625 0.071875 0.0671875