0 0.1078125 0.2453125 0.071875 0.09375
2 0.0953125 0.3953125 0.16875 0.28125
0 0.1 0.3171875 0.0640625 0.0765625
0 0.2484375 0.2703125 0.0765625 0.096875
0 0.321875 0.490625 0.0578125 0.084375
2 0.4375 0.54375 0.2125 0.5765625
0 0.4453125 0.3078125 0.06875 0.090625
2 0.31875 0.478125 0.159375 0.546875
0 0.321875 0.2625 0.0578125 0.0796875
2 0.3828125 0.4546875 0.1609375 0.5125
0 0.3796875 0.246875 0.0703125 0.0703125
2 0.509375 0.471875 0.1609375 0.546875
0 0.503125 0.2484375 0.053125 0.078125
2 0.5921875 0.5765625 0.1859375 0.496875
0 0.5890625 0.375 0.065625 0.0859375
2 0.6421875 0.43125 0.1609375 0.5
0 0.6234375 0.2328125 0.05625 0.0796875
2 0.6734375 0.5078125 0.203125 0.55625
0 0.6625 0.28125 0.065625 0.0859375
2 0.759375 0.4953125 0.15625 0.5140625
0 0.7640625 0.2890625 0.053125 0.0734375
2 0.8265625 0.4765625 0.159375 0.46875
0 0.834375 0.284375 0.05 0.0671875
0 0.915625 0.3046875 0.059375 0.08125