2 0.1015625 0.4421875 0.0875 0.165625
0 0.090625 0.3828125 0.028125 0.028125
2 0.140625 0.4921875 0.1125 0.2046875
0 0.13125 0.4125 0.0375 0.0390625
2 0.1859375 0.446875 0.053125 0.184375
0 0.19375 0.375 0.0203125 0.03125
2 0.221875 0.41875 0.065625 0.13125
0 0.23125 0.3765625 0.015625 0.01875
2 0.2734375 0.4265625 0.040625 0.1234375
0 0.2765625 0.378125 0.0203125 0.0234375
2 0.2390625 0.4984375 0.084375 0.24375
0 0.2484375 0.4015625 0.0390625 0.0421875
2 0.2859375 0.453125 0.0625 0.19375
0 0.290625 0.375 0.021875 0.028125
2 0.3203125 0.41875 0.0578125 0.18125
0 0.3234375 0.3484375 0.01875 0.0265625
2 0.3609375 0.415625 0.0421875 0.128125
0 0.3578125 0.365625 0.0171875 0.021875
2 0.390625 0.415625 0.0375 0.11875
0 0.390625 0.3703125 0.0140625 0.01875
2 0.45625 0.4046875 0.0578125 0.1453125
0 0.459375 0.346875 0.0171875 0.0234375
2 0.478125 0.4359375 0.0453125 0.1625
0 0.478125 0.36875 0.0171875 0.025
2 0.3609375 0.4796875 0.090625 0.209375
0 0.3546875 0.396875 0.0390625 0.0390625
2 0.396875 0.4703125 0.05625 0.1859375
0 0.3890625 0.3953125 0.025 0.0296875
2 0.4484375 0.4640625 0.071875 0.1765625
0 0.4515625 0.3921875 0.021875 0.0296875
2 0.4265625 0.4421875 0.053125 0.1609375
0 0.4265625 0.378125 0.01875 0.028125
2 0.3765625 0.5328125 0.1078125 0.24375
0 0.3734375 0.4359375 0.0453125 0.0453125
2 0.3578125 0.584375 0.2 0.309375
0 0.353125 0.4671875 0.0515625 0.0671875
0 0.45625 0.540625 0.08125 0.1
2 0.525 0.4390625 0.0609375 0.1703125
0 0.5296875 0.3671875 0.01875 0.0265625
2 0.5234375 0.4234375 0.0390625 0.1234375
0 0.5265625 0.3703125 0.0171875 0.01875
2 0.5578125 0.45 0.0609375 0.1859375
0 0.559375 0.3734375 0.021875 0.028125
2 0.56875 0.4359375 0.046875 0.14375
0 0.5734375 0.38125 0.0171875 0.021875
2 0.60625 0.4546875 0.053125 0.16875
0 0.6015625 0.3890625 0.0203125 0.025
2 0.6171875 0.434375 0.046875 0.1265625
0 0.61875 0.3859375 0.0171875 0.0234375
2 0.6515625 0.4359375 0.0453125 0.125
0 0.653125 0.390625 0.01875 0.028125
2 0.7265625 0.4515625 0.0515625 0.190625
0 0.7234375 0.3734375 0.0265625 0.0265625
2 0.746875 0.5046875 0.0671875 0.2421875
0 0.740625 0.40625 0.0390625 0.0359375
2 0.8140625 0.478125 0.0578125 0.1671875
0 0.8140625 0.409375 0.025 0.025
2 0.9234375 0.5078125 0.09375 0.2734375
0 0.934375 0.390625 0.0390625 0.0375
0 0.975 0.409375 0.05 0.046875
2 0.9796875 0.36875 0.0328125 0.059375
0 0.9875 0.3484375 0.0078125 0.009375
2 0.8 0.584375 0.0859375 0.3421875
0 0.8125 0.44375 0.053125 0.053125
0 0.746875 0.55 0.0625 0.071875
0 0.609375 0.4328125 0.05 0.0546875
2 0.8671875 0.54375 0.0953125 0.2984375
0 0.8515625 0.4234375 0.0484375 0.04375
2 0.86875 0.509375 0.05 0.209375
0 0.8671875 0.4265625 0.0234375 0.03125
2 0.865625 0.3390625 0.009375 0.0234375
0 0.8671875 0.33125 0.003125 0.003125
2 0.809375 0.3328125 0.0078125 0.01875
0 0.8109375 0.3265625 0.003125 0.003125