2 0.9140625 0.715625 0.065625 0.1359375
0 0.9078125 0.6609375 0.0171875 0.021875
2 0.8453125 0.7140625 0.0546875 0.1265625
0 0.84375 0.6640625 0.015625 0.0203125
2 0.85625 0.7203125 0.04375 0.115625
0 0.853125 0.6734375 0.0125 0.0140625
2 0.7765625 0.725 0.0375 0.090625
0 0.7734375 0.6890625 0.0109375 0.0125
2 0.7484375 0.715625 0.0234375 0.0546875
0 0.7515625 0.6953125 0.00625 0.0078125
2 0.721875 0.7234375 0.046875 0.11875
0 0.7203125 0.6765625 0.0140625 0.01875
2 0.69375 0.73125 0.0390625 0.0921875
0 0.6953125 0.69375 0.009375 0.0125
2 0.659375 0.7375 0.0375 0.09375
0 0.6609375 0.7 0.0125 0.0125
2 0.6 0.6609375 0.0171875 0.040625
0 0.6015625 0.6453125 0.00625 0.0078125
2 0.5890625 0.6625 0.015625 0.0453125
0 0.590625 0.64375 0.00625 0.00625
2 0.58125 0.665625 0.0109375 0.0453125
0 0.584375 0.6484375 0.00625 0.00625
2 0.5546875 0.6359375 0.021875 0.0609375
0 0.5546875 0.6203125 0.0046875 0.00625
2 0.6390625 0.634375 0.0125 0.0265625
0 0.640625 0.625 0.0046875 0.0046875
2 0.478125 0.7453125 0.040625 0.096875
0 0.4765625 0.70625 0.0109375 0.0140625
2 0.4 0.6796875 0.0234375 0.0546875
0 0.3984375 0.6578125 0.00625 0.0078125
2 0.3953125 0.6796875 0.015625 0.0421875
0 0.3984375 0.65625 0.00625 0.0078125
2 0.3734375 0.665625 0.0203125 0.0484375
0 0.375 0.646875 0.00625 0.0078125
2 0.3265625 0.6609375 0.0203125 0.0453125
0 0.3265625 0.6421875 0.0046875 0.00625
2 0.3140625 0.6265625 0.0390625 0.053125
0 0.30625 0.6078125 0.0046875 0.00625
2 0.315625 0.5921875 0.01875 0.03125
0 0.3140625 0.5859375 0.0046875 0.0046875
2 0.28125 0.6578125 0.015625 0.040625
0 0.28125 0.6421875 0.00625 0.00625
2 0.28125 0.6796875 0.03125 0.053125
0 0.2796875 0.659375 0.00625 0.0078125
2 0.228125 0.66875 0.025 0.05
0 0.2265625 0.65 0.00625 0.00625
2 0.221875 0.71875 0.025 0.053125
0 0.2203125 0.696875 0.00625 0.00625
2 0.2015625 0.7140625 0.01875 0.053125
0 0.2 0.6921875 0.0046875 0.00625