2 0.834375 0.490625 0.2015625 0.5
0 0.8953125 0.2859375 0.05 0.0734375
0 0.7125 0.203125 0.0765625 0.1
2 0.471875 0.36875 0.1265625 0.328125
0 0.5046875 0.2265625 0.034375 0.040625
2 0.4484375 0.3609375 0.0734375 0.24375
0 0.4625 0.2578125 0.025 0.0296875
2 0.3296875 0.478125 0.3140625 0.6640625
0 0.33125 0.1671875 0.075 0.040625
2 0.29375 0.4203125 0.1484375 0.459375
0 0.2828125 0.2265625 0.05 0.0578125
2 0.2171875 0.3421875 0.09375 0.3484375
0 0.2296875 0.2 0.034375 0.0546875
2 0.1765625 0.359375 0.115625 0.3671875
0 0.2 0.2078125 0.0484375 0.0546875
2 0.0890625 0.46015625 0.178125 0.6296875
0 0.103125 0.1703125 0.0796875 0.046875