2 0.8546875 0.6953125 0.1078125 0.2234375
0 0.8375 0.6 0.028125 0.0296875
2 0.8765625 0.66875 0.0515625 0.134375
0 0.878125 0.615625 0.0125 0.01875
2 0.7859375 0.5984375 0.01875 0.0515625
0 0.7875 0.5796875 0.0078125 0.0078125
2 0.8171875 0.6015625 0.01875 0.0453125
0 0.815625 0.5828125 0.0078125 0.0078125
2 0.7625 0.6546875 0.053125 0.15625
0 0.76875 0.5875 0.0203125 0.0203125
2 0.78125 0.6984375 0.0703125 0.2078125
0 0.7765625 0.609375 0.0234375 0.025
2 0.5828125 0.625 0.0671875 0.153125
0 0.58125 0.5609375 0.01875 0.01875
2 0.534375 0.621875 0.034375 0.1015625
0 0.5359375 0.58125 0.015625 0.0171875
2 0.4984375 0.621875 0.0359375 0.1078125
0 0.5 0.575 0.01875 0.0125
2 0.4453125 0.628125 0.0375 0.0875
0 0.45 0.5953125 0.015625 0.015625
2 0.34375 0.578125 0.015625 0.0375
0 0.3453125 0.5640625 0.00625 0.00625
2 0.35625 0.5765625 0.0203125 0.0453125
0 0.3546875 0.559375 0.00625 0.00625
2 0.2953125 0.60625 0.021875 0.065625
0 0.2953125 0.5828125 0.0109375 0.0140625
2 0.26875 0.6109375 0.03125 0.0734375
0 0.2671875 0.5828125 0.009375 0.0125
2 0.2484375 0.6109375 0.0328125 0.0703125
0 0.25 0.5828125 0.009375 0.0109375
2 0.2140625 0.6109375 0.05 0.071875
0 0.2203125 0.584375 0.009375 0.0109375
2 0.30625 0.6234375 0.0453125 0.0703125
0 0.2984375 0.5984375 0.0109375 0.0109375
2 0.09375 0.6078125 0.0296875 0.0734375
0 0.09375 0.578125 0.0109375 0.0109375