2 0.1375 0.528125 0.1453125 0.38125
0 0.1375 0.371875 0.0453125 0.059375
2 0.23125 0.5265625 0.134375 0.3796875
0 0.228125 0.3671875 0.040625 0.059375
2 0.28125 0.5390625 0.06875 0.2953125
0 0.2796875 0.41875 0.0328125 0.0453125
2 0.346875 0.5296875 0.1296875 0.3671875
0 0.3546875 0.375 0.040625 0.0515625
2 0.3859375 0.5546875 0.1296875 0.3578125
0 0.3828125 0.4109375 0.0421875 0.0609375
2 0.4234375 0.496875 0.0796875 0.2671875
0 0.421875 0.384375 0.0296875 0.034375
2 0.4453125 0.5171875 0.090625 0.28125
0 0.4359375 0.4 0.0328125 0.0421875
2 0.4671875 0.54375 0.10625 0.340625
0 0.465625 0.4015625 0.0390625 0.05
2 0.4890625 0.515625 0.0890625 0.2859375
0 0.4875 0.3953125 0.028125 0.04375
2 0.5296875 0.50625 0.06875 0.240625
0 0.525 0.409375 0.025 0.034375
2 0.546875 0.521875 0.1046875 0.3046875
0 0.5375 0.4 0.03125 0.0453125
2 0.58125 0.496875 0.0609375 0.253125
0 0.5828125 0.3921875 0.028125 0.0390625
2 0.60625 0.509375 0.06875 0.25625
0 0.6078125 0.403125 0.0296875 0.0359375
2 0.540625 0.5484375 0.1078125 0.365625
0 0.55 0.4 0.0359375 0.05
2 0.6796875 0.5296875 0.1125 0.3078125
0 0.6765625 0.40625 0.0390625 0.05
2 0.7515625 0.5375 0.0984375 0.321875
0 0.7546875 0.409375 0.04375 0.05625
2 0.6984375 0.5578125 0.1578125 0.41875
0 0.696875 0.38125 0.05 0.0546875
2 0.8140625 0.4734375 0.09375 0.2625
0 0.8125 0.3640625 0.0328125 0.040625
2 0.8203125 0.5125 0.11875 0.3078125
0 0.8359375 0.390625 0.0375 0.0421875
2 0.8515625 0.565625 0.1234375 0.290625
0 0.8421875 0.45 0.040625 0.05625
2 0.896875 0.4796875 0.0703125 0.2703125
0 0.9015625 0.36875 0.034375 0.0421875
2 0.8453125 0.3953125 0.0421875 0.1140625
0 0.846875 0.3484375 0.01875 0.01875
2 0.9296875 0.4890625 0.08125 0.2953125
0 0.9375 0.3671875 0.0359375 0.0453125
2 0.934375 0.5359375 0.1234375 0.31875
0 0.946875 0.4078125 0.0359375 0.0484375