0 0.30625 0.434375 0.0859375 0.0796875
2 0.4625 0.5390625 0.30625 0.521875
0 0.5171875 0.3234375 0.0625 0.0796875
2 0.803125 0.3859375 0.1375 0.4390625
0 0.784375 0.2140625 0.0515625 0.059375
2 0.4453125 0.33125 0.028125 0.0734375
0 0.4453125 0.3046875 0.009375 0.0109375
2 0.384375 0.3515625 0.05 0.15
0 0.38125 0.2890625 0.0203125 0.0234375
2 0.3265625 0.3421875 0.0625 0.2125
0 0.3234375 0.2515625 0.025 0.0296875
2 0.2640625 0.3484375 0.046875 0.1140625
0 0.259375 0.303125 0.015625 0.01875
2 0.1921875 0.3546875 0.078125 0.2265625
0 0.1859375 0.2625 0.028125 0.0375
2 0.215625 0.371875 0.071875 0.171875
0 0.1984375 0.271875 0.0203125 0.0234375
2 0.134375 0.43125 0.203125 0.509375
0 0.103125 0.2265625 0.0671875 0.0796875
2 0.040625 0.3875 0.08125 0.128125
0 0.0203125 0.3390625 0.0296875 0.025
2 0.0484375 0.3765625 0.0625 0.1125
0 0.0359375 0.334375 0.021875 0.0203125
2 0.075 0.35625 0.0546875 0.19375
0 0.0765625 0.275 0.028125 0.028125
2 0.359375 0.3140625 0.028125 0.0828125
0 0.3578125 0.28125 0.009375 0.0140625
2 0.41875 0.2984375 0.0109375 0.034375
0 0.41875 0.2875 0.0046875 0.00625
2 0.409375 0.3015625 0.0109375 0.0359375
0 0.409375 0.2890625 0.0046875 0.00625
2 0.3953125 0.2984375 0.0125 0.0390625
0 0.396875 0.2859375 0.0046875 0.00625