2 0.1296875 0.48125 0.10625 0.196875
0 0.115625 0.4015625 0.028125 0.034375
2 0.134375 0.4609375 0.075 0.178125
0 0.128125 0.39375 0.025 0.0296875
2 0.225 0.490625 0.08125 0.2109375
0 0.225 0.4046875 0.028125 0.0296875
2 0.30625 0.5375 0.096875 0.2296875
0 0.309375 0.4359375 0.028125 0.025
2 0.471875 0.546875 0.121875 0.2203125
0 0.4984375 0.4578125 0.0296875 0.03125
2 0.5890625 0.6234375 0.1046875 0.2953125
0 0.5828125 0.50625 0.0375 0.04375
2 0.70625 0.628125 0.1171875 0.2984375
0 0.7078125 0.509375 0.0328125 0.0375