2 0.8875 0.540625 0.1765625 0.5484375
0 0.8765625 0.3140625 0.06875 0.0828125
2 0.90625 0.4859375 0.125 0.284375
0 0.8875 0.378125 0.034375 0.034375
2 0.7671875 0.55 0.1953125 0.6203125
0 0.75 0.2953125 0.06875 0.103125
2 0.6765625 0.5328125 0.0953125 0.2828125
0 0.678125 0.4125 0.034375 0.040625
2 0.6453125 0.525 0.084375 0.2109375
0 0.6515625 0.4359375 0.0234375 0.0265625
2 0.5671875 0.5140625 0.0640625 0.23125
0 0.5625 0.4171875 0.034375 0.034375
2 0.5421875 0.5046875 0.0953125 0.25625
0 0.534375 0.4 0.0359375 0.0375
2 0.434375 0.521875 0.1609375 0.43125
0 0.43125 0.3453125 0.0453125 0.06875
2 0.3671875 0.490625 0.1 0.265625
0 0.38125 0.38125 0.04375 0.0375
0 0.2 0.253125 0.084375 0.115625