2 0.0921875 0.4625 0.06875 0.19375
0 0.0921875 0.390625 0.0234375 0.034375
2 0.125 0.4578125 0.059375 0.16875
0 0.121875 0.3890625 0.01875 0.025
2 0.159375 0.490625 0.084375 0.240625
0 0.1515625 0.3953125 0.025 0.0265625
2 0.1703125 0.503125 0.121875 0.2953125
0 0.1640625 0.378125 0.034375 0.040625
2 0.24375 0.459375 0.1125 0.225
0 0.24375 0.3625 0.025 0.028125
2 0.2625 0.5015625 0.096875 0.2390625
0 0.26875 0.4015625 0.028125 0.034375
2 0.3203125 0.4984375 0.13125 0.303125
0 0.3125 0.378125 0.0375 0.04375
0 0.403125 0.3875 0.04375 0.0578125
2 0.3453125 0.51875 0.14375 0.3390625
0 0.34375 0.378125 0.0375 0.05
2 0.4625 0.43125 0.04375 0.115625
0 0.4625 0.3859375 0.0140625 0.0171875
2 0.51875 0.53125 0.1921875 0.334375
0 0.490625 0.3984375 0.040625 0.0421875
2 0.575 0.5453125 0.1 0.315625
0 0.578125 0.4203125 0.034375 0.0421875
2 0.6625 0.5390625 0.15625 0.34375
0 0.65 0.390625 0.0359375 0.0421875
2 0.90625 0.5375 0.15 0.428125
0 0.9484375 0.3625 0.0515625 0.0640625
2 0.9265625 0.553125 0.134375 0.3828125
0 0.93125 0.3890625 0.0421875 0.053125