2 0.196875 0.4640625 0.2046875 0.303125
0 0.1296875 0.34375 0.0515625 0.053125
2 0.521875 0.484375 0.190625 0.340625
0 0.46875 0.346875 0.0515625 0.0546875
2 0.80625 0.4953125 0.2765625 0.3765625
0 0.7609375 0.3453125 0.053125 0.059375
2 0.034375 0.359375 0.0671875 0.125
0 0.015625 0.3109375 0.0234375 0.0234375
2 0.08125 0.365625 0.078125 0.159375
0 0.0546875 0.3015625 0.021875 0.025
2 0.1421875 0.3546875 0.059375 0.146875
0 0.13125 0.2953125 0.021875 0.0234375
2 0.1859375 0.3703125 0.090625 0.165625
0 0.1828125 0.3078125 0.0265625 0.0359375
2 0.3015625 0.371875 0.1 0.165625
0 0.2875 0.3046875 0.021875 0.0265625
2 0.2765625 0.3625 0.08125 0.134375
0 0.2578125 0.309375 0.01875 0.021875
2 0.23125 0.3546875 0.0734375 0.0953125
0 0.2125 0.3171875 0.015625 0.0171875
2 0.3375 0.346875 0.065625 0.115625
0 0.3265625 0.3015625 0.0140625 0.0171875
2 0.4078125 0.3625 0.0828125 0.1828125
0 0.3859375 0.2890625 0.021875 0.025
2 0.40625 0.365625 0.0859375 0.140625
0 0.3734375 0.3109375 0.0171875 0.021875
2 0.4859375 0.4359375 0.16875 0.2734375
0 0.43125 0.325 0.040625 0.0453125
2 0.5 0.3734375 0.096875 0.1734375
0 0.4765625 0.3046875 0.0265625 0.028125
2 0.6625 0.4078125 0.18125 0.2625
0 0.63125 0.2984375 0.0359375 0.040625
2 0.60625 0.3484375 0.078125 0.1421875
0 0.59375 0.2921875 0.0171875 0.01875
2 0.73125 0.3765625 0.1109375 0.1640625
0 0.70625 0.3109375 0.021875 0.0265625
2 0.671875 0.3796875 0.115625 0.165625
0 0.6375 0.3140625 0.0234375 0.0234375
2 0.7375 0.3546875 0.078125 0.128125
0 0.73125 0.3046875 0.015625 0.01875
2 0.865625 0.434375 0.1984375 0.253125
0 0.8140625 0.3328125 0.034375 0.040625
2 0.86875 0.39375 0.1484375 0.18125
0 0.828125 0.3171875 0.0234375 0.028125
0 0.95625 0.3015625 0.021875 0.0265625
2 0.9421875 0.35625 0.084375 0.134375
0 0.9578125 0.3015625 0.021875 0.025