2 0.3921875 0.903125 0.0328125 0.0796875
0 0.39375 0.8703125 0.009375 0.009375
2 0.4140625 0.8890625 0.021875 0.0640625
0 0.4140625 0.8625 0.0078125 0.0078125
2 0.3703125 0.88125 0.0171875 0.040625
0 0.3734375 0.865625 0.00625 0.00625
2 0.3375 0.89375 0.025 0.065625
0 0.3390625 0.865625 0.009375 0.009375
2 0.31875 0.909375 0.034375 0.0890625
0 0.31875 0.8734375 0.0109375 0.015625
2 0.315625 0.896875 0.0265625 0.0765625
0 0.3171875 0.8671875 0.009375 0.009375
2 0.278125 0.90625 0.034375 0.1
0 0.278125 0.865625 0.0140625 0.0140625