0 0.2265625 0.7578125 0.034375 0.04375
0 0.1765625 0.746875 0.0234375 0.0234375
0 0.24375 0.734375 0.025 0.0328125
2 0.2703125 0.775 0.03125 0.1390625
0 0.275 0.71875 0.01875 0.021875
2 0.165625 0.7625 0.028125 0.1171875
0 0.1671875 0.7171875 0.0140625 0.0171875
2 0.1796875 0.759375 0.0375 0.1234375
0 0.184375 0.7109375 0.021875 0.021875
2 0.184375 0.75625 0.0359375 0.1265625
0 0.178125 0.70625 0.0171875 0.0203125
2 0.2234375 0.7578125 0.0390625 0.121875
0 0.2234375 0.709375 0.0171875 0.0203125
2 0.21875 0.740625 0.0421875 0.109375
0 0.215625 0.696875 0.0125 0.0171875
2 0.2640625 0.7390625 0.046875 0.121875
0 0.2609375 0.6921875 0.0171875 0.01875
0 0.35625 0.7390625 0.0234375 0.028125
0 0.4125 0.734375 0.021875 0.0265625
0 0.49375 0.7171875 0.0203125 0.021875
0 0.5875 0.7 0.0265625 0.03125
0 0.68125 0.740625 0.0234375 0.0234375
0 0.8828125 0.7265625 0.0234375 0.0359375
0 0.91875 0.753125 0.0453125 0.053125
2 0.85 0.775 0.046875 0.1640625
0 0.8546875 0.709375 0.0234375 0.025
2 0.3140625 0.7796875 0.0671875 0.1609375
0 0.315625 0.7125 0.021875 0.021875
2 0.303125 0.721875 0.021875 0.0734375
0 0.3046875 0.6921875 0.0109375 0.0125
2 0.328125 0.7265625 0.0484375 0.10625
0 0.325 0.6859375 0.015625 0.0171875
2 0.34375 0.6984375 0.021875 0.053125
0 0.34375 0.6796875 0.0078125 0.0109375
2 0.384375 0.7203125 0.0328125 0.0828125
0 0.3796875 0.6875 0.0109375 0.0109375
2 0.3671875 0.7109375 0.0234375 0.075
0 0.3671875 0.68125 0.0078125 0.0109375
2 0.39375 0.709375 0.0171875 0.05625
0 0.3921875 0.6859375 0.0078125 0.0078125
2 0.40625 0.7078125 0.021875 0.0609375
0 0.409375 0.6859375 0.0109375 0.0109375
2 0.4234375 0.725 0.034375 0.08125
0 0.4234375 0.69375 0.0140625 0.0140625
2 0.45 0.7203125 0.034375 0.090625
0 0.45 0.6859375 0.0109375 0.0171875
2 0.4734375 0.7109375 0.028125 0.08125
0 0.475 0.6796875 0.0109375 0.0125
2 0.4578125 0.7625 0.0375 0.13125
0 0.459375 0.7125 0.0125 0.0171875
2 0.4859375 0.7609375 0.0359375 0.128125
0 0.484375 0.709375 0.015625 0.01875
2 0.50625 0.709375 0.0234375 0.0609375
0 0.5 0.6875 0.0109375 0.0125
2 0.5390625 0.7515625 0.053125 0.14375
0 0.534375 0.6921875 0.0171875 0.0203125
2 0.51875 0.7328125 0.0328125 0.0921875
0 0.5109375 0.69375 0.0109375 0.0109375
2 0.553125 0.7328125 0.028125 0.0984375
0 0.5484375 0.69375 0.0140625 0.0140625
2 0.56875 0.7328125 0.0296875 0.0984375
0 0.5703125 0.69375 0.0109375 0.0125
2 0.5859375 0.7765625 0.0578125 0.196875
0 0.5890625 0.6953125 0.0265625 0.03125
2 0.6203125 0.759375 0.0328125 0.13125
0 0.6234375 0.70625 0.0140625 0.0140625
2 0.64375 0.7359375 0.0328125 0.1171875
0 0.6453125 0.6890625 0.0171875 0.01875