2 0.59375 0.5171875 0.35625 0.8890625
0 0.60625 0.15 0.1109375 0.1234375
2 0.9078125 0.315625 0.16875 0.5640625
0 0.91875 0.0828125 0.06875 0.0953125
2 0.134375 0.296875 0.2265625 0.496875
0 0.1453125 0.09375 0.065625 0.0953125
2 0.409375 0.240625 0.1703125 0.44375
0 0.3765625 0.0578125 0.0453125 0.0609375
2 0.3265625 0.1953125 0.1171875 0.31875
0 0.3234375 0.05625 0.034375 0.0375
2 0.478125 0.1953125 0.109375 0.3265625
0 0.4859375 0.059375 0.034375 0.0484375
2 0.528125 0.228125 0.10625 0.2984375
0 0.528125 0.1078125 0.0375 0.0421875
2 0.7078125 0.225 0.0953125 0.2859375
0 0.7171875 0.109375 0.0375 0.0484375
2 0.7890625 0.1890625 0.0953125 0.275
0 0.7859375 0.078125 0.0328125 0.040625
2 0.853125 0.1484375 0.0875 0.246875
0 0.840625 0.053125 0.0296875 0.034375
2 0.95625 0.134375 0.0609375 0.19375
0 0.9578125 0.05 0.01875 0.0203125
2 0.86875 0.209375 0.078125 0.2328125
0 0.8640625 0.1296875 0.034375 0.04375
2 0.86875 0.1 0.0375 0.1203125
0 0.875 0.059375 0.0171875 0.01875
2 0.8828125 0.109375 0.04375 0.10625
0 0.884375 0.0671875 0.0125 0.0125
2 0.79375 0.134375 0.0671875 0.23125
0 0.7828125 0.0453125 0.0328125 0.0359375
2 0.7515625 0.146875 0.078125 0.259375
0 0.7515625 0.0375 0.028125 0.0375
2 0.675 0.1671875 0.0796875 0.253125
0 0.66875 0.059375 0.0265625 0.028125
2 0.6890625 0.1359375 0.05625 0.1734375
0 0.690625 0.0671875 0.01875 0.021875
2 0.6359375 0.1484375 0.0703125 0.1875
0 0.6328125 0.078125 0.0328125 0.0390625
2 0.65 0.1671875 0.0765625 0.2
0 0.640625 0.0984375 0.040625 0.05
2 0.603125 0.1546875 0.0703125 0.2
0 0.6046875 0.078125 0.0328125 0.0390625
2 0.5671875 0.15 0.078125 0.209375
0 0.575 0.06875 0.0265625 0.0359375
2 0.5546875 0.140625 0.075 0.2046875
0 0.5546875 0.0625 0.0296875 0.0328125
2 0.4515625 0.146875 0.0625 0.18125
0 0.440625 0.071875 0.0265625 0.025
2 0.4609375 0.1328125 0.05625 0.1734375
0 0.4640625 0.0640625 0.025 0.0296875
2 0.4078125 0.1390625 0.0765625 0.190625
0 0.409375 0.071875 0.021875 0.028125
2 0.2328125 0.18125 0.0671875 0.1875
0 0.23125 0.103125 0.021875 0.021875
2 0.0328125 0.18125 0.0640625 0.209375
0 0.03125 0.090625 0.025 0.028125
2 0.26875 0.1796875 0.090625 0.2203125
0 0.2609375 0.09375 0.025 0.0328125
2 0.2984375 0.184375 0.0921875 0.2375
0 0.2796875 0.09375 0.0296875 0.034375
2 0.3203125 0.175 0.0796875 0.253125
0 0.3140625 0.071875 0.0296875 0.034375