2 0.9234375 0.55 0.071875 0.165625
0 0.925 0.484375 0.0265625 0.028125
2 0.8390625 0.4984375 0.046875 0.13125
0 0.8421875 0.446875 0.0171875 0.01875
2 0.8125 0.5609375 0.09375 0.1046875
0 0.8046875 0.5328125 0.0171875 0.015625
2 0.025 0.5828125 0.0484375 0.0875
0 0.0109375 0.55625 0.021875 0.0234375
2 0.01875 0.5875 0.0375 0.090625
0 0.0046875 0.5546875 0.009375 0.0203125
0 0.1875 0.43125 0.0609375 0.071875
0 0.3078125 0.4546875 0.0515625 0.071875
0 0.390625 0.45625 0.0578125 0.0796875
0 0.496875 0.421875 0.0546875 0.06875
0 0.6625 0.3703125 0.05625 0.084375
0 0.725 0.4328125 0.053125 0.078125