2 0.0984375 0.4734375 0.09375 0.24375
0 0.0859375 0.38125 0.03125 0.040625
2 0.1140625 0.4453125 0.0546875 0.1734375
0 0.1109375 0.3734375 0.021875 0.025
2 0.1484375 0.415625 0.0453125 0.121875
0 0.14375 0.3640625 0.015625 0.0171875
2 0.18125 0.4265625 0.0546875 0.1640625
0 0.171875 0.359375 0.0234375 0.025
2 0.1828125 0.421875 0.05625 0.140625
0 0.1796875 0.36875 0.0171875 0.0203125
2 0.203125 0.4109375 0.04375 0.128125
0 0.2 0.359375 0.015625 0.0171875
2 0.2328125 0.425 0.046875 0.1515625
0 0.2359375 0.3671875 0.01875 0.025
2 0.353125 0.40625 0.05625 0.165625
0 0.35625 0.3375 0.0171875 0.025
2 0.403125 0.4015625 0.05 0.146875
0 0.4015625 0.340625 0.0171875 0.021875
2 0.546875 0.3734375 0.015625 0.0515625
0 0.5484375 0.3515625 0.00625 0.00625
2 0.6171875 0.36875 0.015625 0.034375
0 0.61875 0.35625 0.0046875 0.0046875
2 0.64375 0.3828125 0.0234375 0.06875
0 0.64375 0.35625 0.009375 0.009375
2 0.64375 0.3640625 0.015625 0.04375
0 0.64375 0.3484375 0.00625 0.00625
2 0.665625 0.3734375 0.021875 0.0640625
0 0.665625 0.3484375 0.0078125 0.009375
2 0.73125 0.415625 0.0734375 0.1984375
0 0.7359375 0.3375 0.0234375 0.0234375
2 0.275 0.5359375 0.23125 0.425
0 0.2796875 0.3640625 0.0546875 0.0703125
2 0.4765625 0.5125 0.1828125 0.528125
0 0.4734375 0.2984375 0.06875 0.090625
2 0.59375 0.4546875 0.08125 0.2578125
0 0.584375 0.3484375 0.0375 0.0390625
0 0.8796875 0.3578125 0.20625 0.2640625
2 0.01875 0.4 0.025 0.0375
0 0.01875 0.3890625 0.00625 0.00625
2 0.053125 0.4046875 0.0265625 0.078125
0 0.0484375 0.3734375 0.009375 0.0109375
2 0.1375 0.4109375 0.0375 0.1171875
0 0.1296875 0.3640625 0.0171875 0.01875
2 0.678125 0.3703125 0.015625 0.03125
0 0.6796875 0.359375 0.0046875 0.00625