2 0.296875 0.5625 0.01875 0.053125
0 0.2984375 0.5421875 0.009375 0.009375
2 0.309375 0.5625 0.0203125 0.053125
0 0.3140625 0.54375 0.009375 0.0078125
2 0.2328125 0.5421875 0.015625 0.03125
0 0.234375 0.53125 0.0046875 0.0046875
2 0.2125 0.6125 0.046875 0.1171875
0 0.21875 0.565625 0.0140625 0.015625
0 0.0171875 0.6203125 0.0328125 0.0375
0 0.0296875 0.6375 0.0359375 0.0484375
0 0.1125 0.675 0.0875 0.09375
0 0.18125 0.65 0.0484375 0.0546875
2 0.13125 0.678125 0.0609375 0.1859375
0 0.1390625 0.6 0.0234375 0.025
2 0.1515625 0.675 0.0515625 0.175
0 0.1625 0.60625 0.025 0.0296875
2 0.271875 0.659375 0.0421875 0.1296875
0 0.2796875 0.60625 0.021875 0.021875
2 0.346875 0.6140625 0.05 0.134375
0 0.3421875 0.559375 0.01875 0.01875
2 0.3765625 0.6125 0.046875 0.125
0 0.375 0.5609375 0.015625 0.0140625
0 0.334375 0.615625 0.046875 0.0421875
0 0.45625 0.625 0.05625 0.059375
0 0.5625 0.6484375 0.05 0.0609375
0 0.6671875 0.60625 0.0546875 0.0640625
0 0.815625 0.6234375 0.053125 0.0671875
0 0.921875 0.753125 0.046875 0.0609375
0 0.85 0.5734375 0.0359375 0.0390625
2 0.778125 0.71875 0.059375 0.203125
0 0.775 0.6390625 0.0265625 0.03125
2 0.7703125 0.6578125 0.0515625 0.165625
0 0.771875 0.6 0.0234375 0.0296875
2 0.7359375 0.6421875 0.0546875 0.159375
0 0.7359375 0.58125 0.025 0.0265625
2 0.7375 0.634375 0.065625 0.15625
0 0.728125 0.5734375 0.0203125 0.021875
2 0.70625 0.653125 0.059375 0.1484375
0 0.703125 0.5953125 0.01875 0.021875
2 0.5890625 0.709375 0.0859375 0.23125
0 0.590625 0.615625 0.0328125 0.0375
2 0.6125 0.675 0.071875 0.221875
0 0.6109375 0.58125 0.03125 0.034375
2 0.53125 0.6640625 0.0671875 0.184375
0 0.534375 0.5875 0.0234375 0.028125
2 0.484375 0.646875 0.046875 0.1609375
0 0.4890625 0.58125 0.0234375 0.025
2 0.64375 0.59375 0.046875 0.096875
0 0.646875 0.55625 0.015625 0.0171875