2 0.115625 0.5046875 0.14375 0.35625
0 0.121875 0.3578125 0.0375 0.053125
2 0.125 0.5125 0.140625 0.2953125
0 0.1421875 0.3859375 0.0296875 0.0375
2 0.2359375 0.5265625 0.109375 0.2828125
0 0.246875 0.40625 0.034375 0.034375
2 0.34375 0.53125 0.1546875 0.465625
0 0.3671875 0.3421875 0.0515625 0.075
2 0.3796875 0.5578125 0.109375 0.29375
0 0.3953125 0.43125 0.0328125 0.0328125
2 0.4671875 0.5609375 0.1265625 0.3828125
0 0.4859375 0.403125 0.046875 0.0515625
2 0.503125 0.55625 0.08125 0.253125
0 0.5140625 0.4625 0.025 0.03125
2 0.5890625 0.578125 0.0984375 0.3375
0 0.59375 0.4390625 0.040625 0.0453125
2 0.6734375 0.575 0.1796875 0.3484375
0 0.6890625 0.4296875 0.04375 0.053125