2 0.6796875 0.4859375 0.0125 0.040625
0 0.68125 0.4703125 0.00625 0.00625
2 0.690625 0.484375 0.01875 0.04375
0 0.6921875 0.46875 0.00625 0.00625
2 0.7046875 0.4859375 0.01875 0.0421875
0 0.70625 0.46875 0.0046875 0.00625
2 0.715625 0.4859375 0.015625 0.0421875
0 0.71875 0.4703125 0.0046875 0.00625
2 0.71875 0.4859375 0.0140625 0.040625
0 0.71875 0.471875 0.00625 0.00625
2 0.7390625 0.4859375 0.0203125 0.0421875
0 0.7375 0.46875 0.0046875 0.0046875
2 0.7671875 0.484375 0.015625 0.040625
0 0.7671875 0.46875 0.0046875 0.00625
2 0.9296875 0.5328125 0.0625 0.1359375
0 0.9328125 0.478125 0.0203125 0.021875