2 0.60625 0.746875 0.059375 0.1625
0 0.6046875 0.68125 0.021875 0.0265625
2 0.5765625 0.740625 0.065625 0.1890625
0 0.5875 0.6609375 0.0234375 0.025
2 0.5265625 0.74375 0.0640625 0.1640625
0 0.53125 0.6765625 0.01875 0.0265625
2 0.49375 0.7359375 0.0515625 0.1484375
0 0.4875 0.6734375 0.0171875 0.01875
2 0.4375 0.7359375 0.05625 0.1546875
0 0.4453125 0.6734375 0.01875 0.021875
2 0.4015625 0.734375 0.0484375 0.134375
0 0.4015625 0.678125 0.0140625 0.0171875
2 0.4390625 0.7296875 0.0453125 0.1296875
0 0.4390625 0.6765625 0.015625 0.01875
2 0.378125 0.7484375 0.065625 0.1734375
0 0.3796875 0.6734375 0.01875 0.01875
2 0.3125 0.725 0.0515625 0.128125
0 0.3046875 0.6734375 0.015625 0.01875
2 0.240625 0.6890625 0.0296875 0.09375
0 0.240625 0.6515625 0.0109375 0.0140625
2 0.2109375 0.7140625 0.028125 0.0671875
0 0.2140625 0.6875 0.009375 0.009375