0 0.840625 0.4703125 0.05625 0.0625
2 0.75625 0.6265625 0.13125 0.4421875
0 0.7609375 0.44375 0.05 0.065625
2 0.690625 0.621875 0.1171875 0.365625
0 0.7 0.4734375 0.04375 0.05
2 0.4875 0.4578125 0.0171875 0.0484375
0 0.4890625 0.440625 0.00625 0.0078125
2 0.4703125 0.4578125 0.0203125 0.05
0 0.471875 0.4390625 0.0046875 0.0078125
2 0.4515625 0.4578125 0.0109375 0.0296875
0 0.4515625 0.446875 0.0046875 0.0046875
2 0.5 0.4546875 0.015625 0.034375
0 0.5015625 0.44375 0.00625 0.00625
2 0.446875 0.4453125 0.0125 0.0390625
0 0.4484375 0.43125 0.00625 0.00625
2 0.45625 0.4421875 0.0125 0.034375
0 0.45625 0.43125 0.0046875 0.0046875
2 0.484375 0.43125 0.0109375 0.0234375
0 0.4859375 0.421875 0.0046875 0.0046875
2 0.6828125 0.55 0.1265625 0.30625
0 0.6828125 0.4234375 0.0421875 0.0453125