2 0.2015625 0.5609375 0.228125 0.4703125
0 0.1890625 0.3640625 0.053125 0.0640625
2 0.4625 0.5765625 0.13125 0.3515625
0 0.4484375 0.434375 0.0515625 0.053125
2 0.4609375 0.4765625 0.0875 0.2171875
0 0.4578125 0.3921875 0.025 0.0328125
2 0.5578125 0.490625 0.1109375 0.246875
0 0.5546875 0.3921875 0.0265625 0.0359375
2 0.6390625 0.509375 0.0984375 0.215625
0 0.64375 0.4203125 0.0265625 0.0328125
2 0.6390625 0.46875 0.0671875 0.18125
0 0.6484375 0.39375 0.0171875 0.021875
2 0.6953125 0.4765625 0.0609375 0.1453125
0 0.7015625 0.415625 0.01875 0.021875
2 0.696875 0.41875 0.03125 0.0796875
0 0.696875 0.3890625 0.0109375 0.0109375
2 0.7390625 0.4515625 0.046875 0.1203125
0 0.746875 0.403125 0.015625 0.0171875
2 0.7359375 0.4203125 0.0203125 0.065625
0 0.7375 0.3953125 0.0078125 0.0109375
2 0.759375 0.428125 0.0234375 0.0734375
0 0.765625 0.396875 0.009375 0.0109375
2 0.75625 0.425 0.021875 0.0703125
0 0.7609375 0.3953125 0.0109375 0.0109375
2 0.7765625 0.425 0.0296875 0.0859375
0 0.7765625 0.390625 0.0109375 0.0125
2 0.79375 0.421875 0.0265625 0.0734375
0 0.7921875 0.3921875 0.0109375 0.0109375
2 0.8015625 0.4140625 0.0203125 0.071875
0 0.8 0.3859375 0.0078125 0.009375
2 0.81875 0.409375 0.028125 0.0609375
0 0.815625 0.384375 0.0078125 0.0078125
2 0.8171875 0.425 0.0265625 0.0421875
0 0.821875 0.409375 0.0078125 0.0078125
2 0.821875 0.4171875 0.0296875 0.0609375
0 0.825 0.3953125 0.0078125 0.0078125
2 0.8390625 0.4078125 0.0171875 0.0484375
0 0.8390625 0.390625 0.0078125 0.0078125
2 0.8515625 0.403125 0.0234375 0.0546875
0 0.85 0.384375 0.0078125 0.009375
2 0.8640625 0.4015625 0.0203125 0.0515625
0 0.8640625 0.3828125 0.00625 0.0078125
2 0.8734375 0.4078125 0.0171875 0.0421875
0 0.875 0.390625 0.0046875 0.0046875
2 0.8828125 0.40625 0.0171875 0.0484375
0 0.88125 0.3859375 0.0078125 0.0078125
2 0.928125 0.4046875 0.0125 0.0328125
0 0.9296875 0.3921875 0.0046875 0.0046875
2 0.9359375 0.403125 0.0109375 0.0328125
0 0.9359375 0.390625 0.0046875 0.0046875
2 0.9421875 0.4015625 0.0109375 0.034375
0 0.9421875 0.3890625 0.0046875 0.0046875
2 0.95 0.403125 0.0109375 0.0328125
0 0.9484375 0.3890625 0.0046875 0.0046875
2 0.9609375 0.403125 0.0125 0.03125
0 0.9609375 0.39375 0.00625 0.0078125
2 0.9671875 0.403125 0.0125 0.0328125
0 0.9671875 0.3921875 0.0046875 0.0046875
2 0.9765625 0.40625 0.0140625 0.0296875
0 0.9765625 0.3953125 0.0046875 0.0046875