2 0.0265625 0.5671875 0.053125 0.35
0 0.01875 0.421875 0.0375 0.05
2 0.0703125 0.5671875 0.0984375 0.296875
0 0.084375 0.4453125 0.0390625 0.0453125
2 0.1140625 0.5609375 0.071875 0.3015625
0 0.125 0.4421875 0.0375 0.04375
2 0.1609375 0.621875 0.1515625 0.3921875
0 0.1765625 0.4578125 0.0421875 0.05625
2 0.271875 0.640625 0.15 0.34375
0 0.2734375 0.4984375 0.0421875 0.05
2 0.2203125 0.521875 0.065625 0.1859375
0 0.2125 0.4453125 0.021875 0.025
2 0.290625 0.525 0.06875 0.165625
0 0.290625 0.4609375 0.0234375 0.0265625
2 0.3140625 0.50625 0.059375 0.1640625
0 0.3109375 0.440625 0.0234375 0.0234375
2 0.3671875 0.553125 0.103125 0.2671875
0 0.3828125 0.4421875 0.03125 0.0421875
2 0.4015625 0.553125 0.08125 0.2671875
0 0.415625 0.44375 0.0328125 0.0375
2 0.509375 0.559375 0.078125 0.2359375
0 0.51875 0.4625 0.03125 0.0390625
2 0.4890625 0.5328125 0.06875 0.234375
0 0.48125 0.4359375 0.0296875 0.03125
2 0.465625 0.5375 0.065625 0.2234375
0 0.4640625 0.440625 0.0203125 0.0296875
2 0.571875 0.5609375 0.065625 0.2609375
0 0.5859375 0.453125 0.0296875 0.0421875
2 0.615625 0.6375 0.1640625 0.2234375
0 0.640625 0.55 0.0390625 0.040625
2 0.634375 0.5609375 0.075 0.2546875
0 0.6296875 0.4515625 0.0234375 0.028125
2 0.3625 0.5078125 0.0484375 0.175
0 0.3625 0.4359375 0.025 0.0234375
2 0.4375 0.5328125 0.0546875 0.20625
0 0.4375 0.4484375 0.025 0.034375
2 0.54375 0.490625 0.034375 0.1171875
0 0.5453125 0.44375 0.0171875 0.015625