2 0.54375 0.48125 0.290625 0.5765625
0 0.55625 0.2515625 0.078125 0.096875
2 0.8546875 0.446875 0.1671875 0.5765625
0 0.8515625 0.2 0.0703125 0.0828125
2 0.8625 0.4078125 0.134375 0.51875
0 0.896875 0.19375 0.05625 0.071875
2 0.9265625 0.4 0.13125 0.384375
0 0.928125 0.2578125 0.0421875 0.05625
2 0.8171875 0.39375 0.1203125 0.353125
0 0.8234375 0.246875 0.0453125 0.0546875
2 0.3671875 0.4453125 0.1375 0.215625
0 0.3578125 0.365625 0.034375 0.053125
2 0.2125 0.4234375 0.134375 0.2109375
0 0.2109375 0.3453125 0.0359375 0.0453125
2 0.1171875 0.4171875 0.2109375 0.5046875
0 0.0859375 0.20625 0.0578125 0.071875
2 0.021875 0.33984375 0.04375 0.2234375
0 0.00625 0.246875 0.0125 0.0265625