2 0.28125 0.490625 0.3296875 0.8828125
0 0.3140625 0.115625 0.103125 0.1265625
2 0.85625 0.490625 0.2078125 0.6640625
0 0.8484375 0.2140625 0.0796875 0.0921875
2 0.8203125 0.45 0.24375 0.6625
0 0.865625 0.1734375 0.075 0.0921875
0 0.9390625 0.209375 0.040625 0.0453125
2 0.921875 0.234375 0.0390625 0.1203125
0 0.9265625 0.1859375 0.0125 0.015625
2 0.95625 0.2265625 0.0234375 0.0734375
0 0.959375 0.196875 0.009375 0.009375
2 0.8015625 0.2765625 0.0875 0.2453125
0 0.7890625 0.178125 0.0296875 0.040625
2 0.740625 0.2890625 0.0625 0.1921875
0 0.753125 0.2078125 0.0234375 0.021875
2 0.703125 0.290625 0.059375 0.2515625
0 0.709375 0.1875 0.028125 0.0359375
2 0.73125 0.2828125 0.053125 0.190625
0 0.7390625 0.2015625 0.021875 0.0265625
2 0.759375 0.2375 0.0375 0.140625
0 0.7609375 0.18125 0.015625 0.015625
2 0.684375 0.2609375 0.040625 0.1375
0 0.6890625 0.2046875 0.015625 0.015625
2 0.6359375 0.2671875 0.0484375 0.1375
0 0.63125 0.2125 0.021875 0.021875
2 0.6453125 0.25 0.0453125 0.1546875
0 0.6421875 0.1890625 0.01875 0.025
2 0.5875 0.2609375 0.046875 0.1515625
0 0.59375 0.1984375 0.0171875 0.0203125
2 0.565625 0.2671875 0.0484375 0.1421875
0 0.559375 0.2109375 0.01875 0.021875
2 0.53125 0.259375 0.046875 0.15625
0 0.521875 0.1984375 0.01875 0.025
2 0.5078125 0.2609375 0.0578125 0.1609375
0 0.5015625 0.1953125 0.01875 0.021875
2 0.4875 0.25625 0.0328125 0.1140625
0 0.4875 0.2125 0.01875 0.0203125
2 0.3984375 0.4359375 0.2421875 0.5921875
0 0.446875 0.1890625 0.0640625 0.084375
2 0.4125 0.284375 0.059375 0.1765625
0 0.4078125 0.2140625 0.0265625 0.034375
2 0.3671875 0.3 0.0765625 0.2375
0 0.3625 0.203125 0.0296875 0.0359375
2 0.384375 0.25 0.0375 0.128125
0 0.3859375 0.2046875 0.0203125 0.025
2 0.3265625 0.2578125 0.0484375 0.165625
0 0.3296875 0.1953125 0.0234375 0.0265625
2 0.3078125 0.3421875 0.103125 0.328125
0 0.30625 0.2078125 0.040625 0.05
2 0.1921875 0.3015625 0.059375 0.20625
0 0.19375 0.2171875 0.0265625 0.028125
2 0.1328125 0.3421875 0.1234375 0.3640625
0 0.146875 0.1890625 0.0421875 0.05
2 0.1 0.2421875 0.0296875 0.078125
0 0.103125 0.2109375 0.009375 0.009375
2 0.075 0.2703125 0.0546875 0.1703125
0 0.071875 0.196875 0.01875 0.0203125
2 0.05 0.234375 0.01875 0.0609375
0 0.0515625 0.209375 0.0078125 0.009375
2 0.04375 0.23125 0.0203125 0.0640625
0 0.0484375 0.20625 0.0109375 0.0125
2 0.059375 0.3390625 0.0515625 0.2890625
0 0.040625 0.209375 0.0140625 0.0296875
2 0.0984375 0.4234375 0.13125 0.546875
0 0.0484375 0.1890625 0.03125 0.0609375
2 0.7875 0.265625 0.0421875 0.1640625
0 0.790625 0.1953125 0.01875 0.0171875