2 0.084375 0.671875 0.078125 0.2234375
0 0.0875 0.5796875 0.025 0.0328125
2 0.153125 0.671875 0.0890625 0.2265625
0 0.146875 0.578125 0.025 0.0328125
2 0.63125 0.6796875 0.0859375 0.23125
0 0.634375 0.5796875 0.03125 0.0328125
2 0.696875 0.6828125 0.090625 0.2296875
0 0.696875 0.5859375 0.0265625 0.0296875
2 0.9453125 0.7015625 0.10625 0.2421875
0 0.940625 0.6015625 0.0328125 0.034375
2 0.8953125 0.5765625 0.034375 0.0796875
0 0.89375 0.5421875 0.009375 0.0109375
2 0.8609375 0.578125 0.034375 0.0734375
0 0.8578125 0.5484375 0.009375 0.0109375
2 0.878125 0.5640625 0.025 0.0484375
0 0.88125 0.546875 0.00625 0.0078125
2 0.7296875 0.590625 0.040625 0.1125
0 0.7328125 0.54375 0.0140625 0.015625
2 0.7015625 0.5953125 0.0375 0.1046875
0 0.7 0.553125 0.0125 0.0125
2 0.5453125 0.5890625 0.04375 0.1234375
0 0.5453125 0.5390625 0.015625 0.0203125
2 0.58125 0.6046875 0.04375 0.0953125
0 0.5828125 0.5703125 0.0125 0.0171875
2 0.4953125 0.615625 0.0359375 0.075
0 0.496875 0.5875 0.0125 0.0140625
2 0.4859375 0.59375 0.0390625 0.10625
0 0.484375 0.55 0.015625 0.015625
2 0.3953125 0.621875 0.059375 0.1359375
0 0.390625 0.565625 0.0171875 0.0203125
2 0.328125 0.6234375 0.05 0.1375
0 0.3328125 0.565625 0.015625 0.0171875
2 0.1265625 0.5921875 0.0390625 0.0890625
0 0.125 0.55625 0.0109375 0.0140625
2 0.165625 0.5890625 0.0359375 0.09375
0 0.1640625 0.553125 0.0109375 0.0140625
2 0.1109375 0.5765625 0.034375 0.09375
0 0.1125 0.5390625 0.0109375 0.0109375
2 0.0359375 0.534375 0.0109375 0.0375
0 0.0359375 0.5203125 0.0046875 0.00625
2 0.0421875 0.53125 0.0140625 0.0390625
0 0.04375 0.51875 0.0046875 0.00625
2 0.05625 0.5328125 0.0109375 0.0296875
0 0.05625 0.521875 0.0046875 0.0046875
2 0.0734375 0.534375 0.015625 0.034375
0 0.075 0.521875 0.00625 0.00625
2 0.1125 0.5390625 0.0140625 0.021875
0 0.1109375 0.53125 0.0046875 0.0046875
2 0.1875 0.528125 0.009375 0.0234375
0 0.1859375 0.51875 0.003125 0.003125
2 0.175 0.55 0.0171875 0.0453125
0 0.1765625 0.5328125 0.00625 0.0078125
2 0.2296875 0.546875 0.01875 0.0421875
0 0.2328125 0.53125 0.0046875 0.00625
2 0.2328125 0.55625 0.01875 0.059375
0 0.2375 0.534375 0.00625 0.009375
2 0.240625 0.5609375 0.0265625 0.0578125
0 0.2453125 0.5390625 0.0078125 0.0078125
2 0.2484375 0.5578125 0.0203125 0.059375
0 0.25 0.534375 0.0078125 0.0078125
2 0.2609375 0.559375 0.0203125 0.0625
0 0.2640625 0.5359375 0.00625 0.0078125
2 0.2765625 0.5609375 0.01875 0.0578125
0 0.2734375 0.5375 0.00625 0.0078125
2 0.2890625 0.590625 0.0390625 0.1046875
0 0.2875 0.5453125 0.0125 0.0125
2 0.31875 0.5890625 0.040625 0.1015625
0 0.31875 0.55 0.0125 0.0140625
2 0.34375 0.5875 0.034375 0.09375
0 0.346875 0.55 0.0125 0.0140625
2 0.3796875 0.578125 0.0296875 0.0921875
0 0.3796875 0.5390625 0.0109375 0.0109375
2 0.425 0.5734375 0.0421875 0.0828125
0 0.41875 0.5390625 0.0109375 0.0125
2 0.4359375 0.5734375 0.028125 0.0828125
0 0.4359375 0.5390625 0.009375 0.0125
2 0.303125 0.5515625 0.0140625 0.0484375
0 0.3046875 0.5328125 0.00625 0.0046875
2 0.3109375 0.546875 0.015625 0.046875
0 0.3125 0.528125 0.0046875 0.00625
2 0.3328125 0.546875 0.0140625 0.0421875
0 0.3328125 0.53125 0.00625 0.00625
2 0.340625 0.546875 0.0140625 0.040625
0 0.3421875 0.53125 0.00625 0.00625
2 0.403125 0.546875 0.0140625 0.0453125
0 0.4046875 0.5296875 0.0046875 0.00625
2 0.4140625 0.5546875 0.0203125 0.05
0 0.415625 0.5359375 0.0078125 0.0078125
2 0.4390625 0.5578125 0.025 0.0640625
0 0.440625 0.5328125 0.0078125 0.009375
2 0.4609375 0.5609375 0.021875 0.0609375
0 0.459375 0.5375 0.00625 0.0078125
2 0.49375 0.5484375 0.0171875 0.0484375
0 0.49375 0.5296875 0.00625 0.00625
2 0.5140625 0.5578125 0.021875 0.065625
0 0.515625 0.53125 0.0078125 0.009375
2 0.5078125 0.5515625 0.021875 0.0546875
0 0.5109375 0.5296875 0.00625 0.0078125
2 0.525 0.5546875 0.015625 0.05
0 0.5234375 0.534375 0.00625 0.00625
2 0.5703125 0.56875 0.025 0.0734375
0 0.5734375 0.540625 0.0078125 0.0078125
2 0.596875 0.5671875 0.025 0.06875
0 0.5953125 0.540625 0.0078125 0.009375
2 0.6109375 0.5546875 0.0171875 0.046875
0 0.6140625 0.5375 0.0046875 0.0046875
2 0.634375 0.559375 0.0234375 0.05625
0 0.6359375 0.5359375 0.00625 0.00625
2 0.621875 0.5453125 0.015625 0.0390625
0 0.621875 0.5296875 0.003125 0.0046875
2 0.65625 0.5453125 0.015625 0.040625
0 0.65625 0.5296875 0.0046875 0.0046875
2 0.678125 0.55 0.01875 0.0515625
0 0.6796875 0.53125 0.00625 0.0078125
2 0.665625 0.5375 0.0125 0.0359375
0 0.665625 0.525 0.003125 0.0046875
2 0.6734375 0.5453125 0.0125 0.0390625
0 0.6734375 0.5296875 0.0046875 0.0046875
2 0.703125 0.55625 0.021875 0.05
0 0.7015625 0.5359375 0.0046875 0.00625
2 0.7125 0.5390625 0.0125 0.03125
0 0.7140625 0.5265625 0.003125 0.003125
2 0.7171875 0.546875 0.0125 0.0359375
0 0.715625 0.53125 0.00625 0.00625
2 0.740625 0.559375 0.0265625 0.0515625
0 0.740625 0.5390625 0.0078125 0.0078125
2 0.7640625 0.5484375 0.0171875 0.046875
0 0.7640625 0.53125 0.0046875 0.00625
2 0.775 0.5484375 0.0171875 0.040625
0 0.7765625 0.5328125 0.0046875 0.0046875
2 0.41875 0.5328125 0.0125 0.0296875
0 0.41875 0.521875 0.003125 0.0046875
2 0.4296875 0.5328125 0.0109375 0.034375
0 0.4296875 0.521875 0.0046875 0.0046875
2 0.45 0.5375 0.0140625 0.03125
0 0.45 0.525 0.0046875 0.0046875
2 0.4703125 0.553125 0.01875 0.05625
0 0.4671875 0.53125 0.00625 0.0078125
2 0.8734375 0.5359375 0.0125 0.03125
0 0.8734375 0.5234375 0.003125 0.003125
2 0.8796875 0.5328125 0.009375 0.03125
0 0.8796875 0.521875 0.0046875 0.0046875
2 0.9421875 0.5390625 0.0125 0.0328125
0 0.94375 0.5265625 0.00625 0.00625
2 0.0078125 0.534375 0.015625 0.03125
0 0.009375 0.5234375 0.0046875 0.00625
2 0.1828125 0.5515625 0.0140625 0.0421875
0 0.184375 0.5359375 0.00625 0.00625
2 0.203125 0.5484375 0.0171875 0.04375
0 0.2015625 0.53125 0.00625 0.00625
2 0.209375 0.55 0.01875 0.0421875
0 0.2109375 0.5359375 0.0046875 0.00625
2 0.3625 0.54375 0.0171875 0.04375
0 0.3671875 0.5265625 0.00625 0.00625
2 0.534375 0.55 0.0171875 0.05
0 0.5359375 0.5296875 0.00625 0.00625
2 0.48125 0.5484375 0.01875 0.046875
0 0.4796875 0.53125 0.00625 0.00625