2 0.7921875 0.4109375 0.2640625 0.5296875
0 0.7984375 0.1984375 0.059375 0.0765625
2 0.85625 0.346875 0.121875 0.31875
0 0.8453125 0.2125 0.034375 0.0453125
2 0.7484375 0.334375 0.0890625 0.25625
0 0.7484375 0.23125 0.0265625 0.0375
2 0.7 0.3328125 0.0625 0.2015625
0 0.7015625 0.253125 0.0234375 0.03125
2 0.65 0.328125 0.078125 0.215625
0 0.65 0.240625 0.028125 0.0328125
2 0.5703125 0.325 0.08125 0.21875
0 0.5703125 0.2296875 0.0234375 0.0203125
2 0.584375 0.3203125 0.06875 0.1890625
0 0.56875 0.2328125 0.021875 0.0234375
2 0.5046875 0.321875 0.0796875 0.234375
0 0.5046875 0.221875 0.028125 0.025
2 0.515625 0.240625 0.0421875 0.1265625
0 0.5203125 0.190625 0.0171875 0.0203125
2 0.4890625 0.2390625 0.0390625 0.1265625
0 0.4953125 0.1890625 0.0171875 0.01875
2 0.4625 0.359375 0.1078125 0.2609375
0 0.4484375 0.2515625 0.028125 0.03125
2 0.4078125 0.34375 0.1296875 0.2984375
0 0.415625 0.2171875 0.028125 0.0328125
2 0.3109375 0.3328125 0.096875 0.2328125
0 0.3234375 0.2359375 0.0296875 0.0375
2 0.2578125 0.3109375 0.05 0.1671875
0 0.25625 0.25 0.0203125 0.01875
2 0.2453125 0.2828125 0.046875 0.1515625
0 0.240625 0.221875 0.015625 0.0171875
2 0.2078125 0.2796875 0.04375 0.1484375
0 0.209375 0.21875 0.015625 0.01875
2 0.175 0.3421875 0.1078125 0.265625
0 0.1640625 0.234375 0.0328125 0.0390625
2 0.1375 0.3765625 0.15 0.3953125
0 0.121875 0.2078125 0.0515625 0.053125
2 0.0609375 0.346875 0.0921875 0.2578125
0 0.059375 0.2390625 0.03125 0.0390625
2 0.0265625 0.3796875 0.053125 0.346875
0 0.0078125 0.2515625 0.015625 0.034375