2 0.5796875 0.415625 0.01875 0.0484375
0 0.58125 0.3984375 0.00625 0.00625
2 0.4546875 0.4859375 0.015625 0.0203125
0 0.4546875 0.4796875 0.003125 0.003125
2 0.4671875 0.4953125 0.0109375 0.025
0 0.465625 0.4875 0.003125 0.003125
2 0.4734375 0.49375 0.0109375 0.028125
0 0.4734375 0.484375 0.003125 0.0046875
2 0.278125 0.6140625 0.046875 0.1265625
0 0.2765625 0.5625 0.0125 0.015625
2 0.340625 0.603125 0.0390625 0.08125
0 0.340625 0.56875 0.0125 0.0125
2 0.3109375 0.6546875 0.0875 0.178125
0 0.31875 0.5828125 0.0234375 0.025
2 0.3796875 0.5953125 0.0328125 0.084375
0 0.3828125 0.5609375 0.0109375 0.0125
2 0.4078125 0.5890625 0.0328125 0.078125
0 0.4078125 0.5578125 0.0078125 0.0125
2 0.4203125 0.5765625 0.0125 0.0296875
0 0.421875 0.5640625 0.0015625 0.003125
2 0.4296875 0.578125 0.0203125 0.04375
0 0.4296875 0.5640625 0.00625 0.00625
2 0.434375 0.6078125 0.040625 0.0875
0 0.4328125 0.5703125 0.009375 0.0109375
2 0.446875 0.5828125 0.021875 0.053125
0 0.44375 0.5609375 0.0046875 0.00625
2 0.40625 0.625 0.04375 0.125
0 0.4109375 0.5734375 0.0125 0.0140625
2 0.396875 0.653125 0.06875 0.1859375
0 0.396875 0.5765625 0.0203125 0.0234375
2 0.35 0.7140625 0.1015625 0.2875
0 0.3578125 0.6015625 0.034375 0.0375
2 0.4578125 0.56875 0.009375 0.025
0 0.4578125 0.5609375 0.0046875 0.0046875
2 0.4859375 0.7125 0.1296875 0.3078125
0 0.49375 0.58125 0.0359375 0.0375
2 0.5265625 0.60625 0.0296875 0.0625
0 0.525 0.58125 0.0078125 0.009375
2 0.528125 0.5765625 0.021875 0.0484375
0 0.5265625 0.5578125 0.0078125 0.0078125
2 0.540625 0.58125 0.0203125 0.0375
0 0.54375 0.56875 0.0046875 0.0046875
2 0.55 0.5828125 0.01875 0.0515625
0 0.5484375 0.5625 0.0078125 0.0078125
2 0.559375 0.58125 0.0203125 0.0484375
0 0.559375 0.5609375 0.00625 0.00625
2 0.578125 0.5734375 0.0125 0.0375
0 0.5765625 0.559375 0.0046875 0.00625
2 0.578125 0.578125 0.0140625 0.0296875
0 0.578125 0.5671875 0.0046875 0.0046875
2 0.5546875 0.603125 0.0359375 0.0578125
0 0.5546875 0.5828125 0.0125 0.0125
2 0.575 0.60625 0.025 0.046875
0 0.571875 0.5890625 0.009375 0.0109375
2 0.5890625 0.578125 0.0171875 0.046875
0 0.5890625 0.5578125 0.0046875 0.0046875
2 0.596875 0.571875 0.0171875 0.0421875
0 0.596875 0.55625 0.00625 0.00625
2 0.6171875 0.603125 0.046875 0.1171875
0 0.621875 0.55625 0.0140625 0.015625
2 0.6453125 0.615625 0.046875 0.0953125
0 0.6375 0.5796875 0.015625 0.01875
2 0.6859375 0.5921875 0.0359375 0.0765625
0 0.6796875 0.5609375 0.009375 0.009375
2 0.75 0.6 0.0296875 0.0921875
0 0.7484375 0.5609375 0.009375 0.0109375
2 0.6265625 0.70625 0.1109375 0.325
0 0.6171875 0.578125 0.0359375 0.04375