2 0.01875 0.63125 0.0359375 0.1546875
0 0.0203125 0.565625 0.0203125 0.021875
2 0.040625 0.628125 0.04375 0.1359375
0 0.0390625 0.5734375 0.01875 0.0234375
2 0.040625 0.6484375 0.0546875 0.1296875
0 0.0359375 0.5953125 0.0171875 0.0171875
2 0.071875 0.6328125 0.0796875 0.1921875
0 0.071875 0.55 0.025 0.0234375
2 0.109375 0.675 0.1296875 0.284375
0 0.103125 0.5515625 0.0328125 0.0328125
2 0.184375 0.615625 0.0609375 0.1328125
0 0.1921875 0.559375 0.015625 0.01875
2 0.2265625 0.61875 0.0625 0.13125
0 0.2265625 0.565625 0.01875 0.01875
2 0.25 0.6625 0.1109375 0.2
0 0.2515625 0.5796875 0.0234375 0.028125
2 0.2421875 0.6421875 0.09375 0.196875
0 0.25625 0.5640625 0.0234375 0.025
2 0.2515625 0.6234375 0.05625 0.178125
0 0.2640625 0.55 0.0203125 0.0234375
2 0.296875 0.621875 0.0296875 0.121875
0 0.2921875 0.5734375 0.015625 0.0203125
2 0.3171875 0.6140625 0.0265625 0.121875
0 0.3171875 0.5625 0.0171875 0.01875
2 0.33125 0.6171875 0.046875 0.153125
0 0.334375 0.553125 0.015625 0.01875
2 0.396875 0.6203125 0.046875 0.1296875
0 0.390625 0.5671875 0.01875 0.0203125
2 0.3765625 0.6515625 0.090625 0.234375
0 0.3625 0.5515625 0.0265625 0.028125
2 0.5578125 0.625 0.046875 0.096875
0 0.5515625 0.5875 0.015625 0.0171875
2 0.5234375 0.6203125 0.034375 0.0953125
0 0.525 0.5859375 0.0171875 0.01875
2 0.6265625 0.6171875 0.040625 0.084375
0 0.621875 0.5828125 0.0125 0.0140625
2 0.6625 0.6375 0.08125 0.1625
0 0.6859375 0.571875 0.025 0.0265625
2 0.7078125 0.6515625 0.0796875 0.146875
0 0.7015625 0.5921875 0.0203125 0.0234375
2 0.771875 0.6359375 0.0671875 0.1953125
0 0.765625 0.55625 0.021875 0.0265625
2 0.7921875 0.65 0.0484375 0.121875
0 0.79375 0.603125 0.0171875 0.0234375
2 0.76875 0.625 0.05 0.1546875
0 0.778125 0.559375 0.01875 0.0234375
2 0.8625 0.6375 0.0984375 0.2109375
0 0.85 0.5515625 0.0265625 0.025
2 0.95 0.59375 0.05 0.1171875
0 0.940625 0.5453125 0.0171875 0.0171875
0 0.98125 0.55625 0.015625 0.015625
2 0.2734375 0.625 0.0421875 0.140625
0 0.271875 0.5671875 0.0140625 0.0203125
2 0.9203125 0.5671875 0.0265625 0.065625
0 0.9234375 0.5421875 0.0078125 0.009375