2 0.0234375 0.5453125 0.0390625 0.140625
0 0.0171875 0.4859375 0.0140625 0.015625
2 0.0421875 0.55625 0.0828125 0.21875
0 0.028125 0.4671875 0.03125 0.0359375
2 0.053125 0.51875 0.0296875 0.065625
0 0.0578125 0.49375 0.009375 0.0109375
2 0.0890625 0.5171875 0.03125 0.0703125
0 0.0875 0.49375 0.0125 0.0109375
2 0.109375 0.5234375 0.040625 0.0625
0 0.11875 0.5046875 0.0125 0.0125
2 0.15 0.5203125 0.0265625 0.0671875
0 0.153125 0.503125 0.0078125 0.0078125
2 0.1859375 0.5265625 0.0296875 0.0828125
0 0.1921875 0.4921875 0.0109375 0.0109375
2 0.2 0.534375 0.034375 0.090625
0 0.2 0.4953125 0.0109375 0.0109375
2 0.234375 0.53125 0.0328125 0.078125
0 0.2328125 0.503125 0.0125 0.0140625
2 0.271875 0.5265625 0.0296875 0.084375
0 0.271875 0.49375 0.0109375 0.0109375
2 0.303125 0.565625 0.115625 0.1796875
0 0.290625 0.490625 0.025 0.028125
2 0.346875 0.521875 0.0484375 0.0984375
0 0.34375 0.4828125 0.0125 0.0140625
2 0.41875 0.515625 0.04375 0.115625
0 0.4234375 0.4859375 0.0125 0.015625
2 0.465625 0.5765625 0.134375 0.2109375
0 0.4640625 0.4875 0.0296875 0.03125
2 0.5171875 0.53125 0.075 0.1171875
0 0.521875 0.4859375 0.015625 0.015625
2 0.61875 0.54375 0.0890625 0.1484375
0 0.61875 0.4859375 0.0171875 0.01875
2 0.546875 0.603125 0.134375 0.25625
0 0.5359375 0.4953125 0.034375 0.0359375
2 0.7640625 0.56875 0.0828125 0.18125
0 0.759375 0.496875 0.025 0.0296875
2 0.890625 0.55625 0.06875 0.171875
0 0.8875 0.4875 0.021875 0.0234375
2 0.8875 0.584375 0.065625 0.2
0 0.8828125 0.4984375 0.028125 0.028125
2 0.9140625 0.509375 0.009375 0.028125
0 0.9140625 0.5 0.00625 0.0046875
2 0.134375 0.521875 0.025 0.071875
0 0.1375 0.490625 0.0109375 0.0109375