0 0.125 0.325 0.078125 0.0953125
2 0.2796875 0.5484375 0.25625 0.528125
0 0.278125 0.325 0.05625 0.06875
2 0.0125 0.3421875 0.025 0.08125
0 0.009375 0.309375 0.0109375 0.0109375
2 0.0359375 0.3421875 0.028125 0.0703125
0 0.034375 0.3140625 0.009375 0.009375
2 0.18125 0.3453125 0.046875 0.0921875
0 0.1796875 0.30625 0.0125 0.0140625
2 0.50625 0.51875 0.125 0.4046875
0 0.5046875 0.35 0.0359375 0.046875
2 0.6140625 0.5046875 0.1515625 0.415625
0 0.6265625 0.33125 0.05 0.053125
2 0.6859375 0.365625 0.0625 0.13125
0 0.6828125 0.3125 0.01875 0.01875
2 0.80625 0.3734375 0.053125 0.128125
0 0.8125 0.3234375 0.0171875 0.0171875
2 0.8234375 0.375 0.034375 0.128125
0 0.8265625 0.325 0.0140625 0.01875
2 0.9453125 0.3671875 0.034375 0.1078125
0 0.94375 0.3265625 0.01875 0.0203125