2 0.3078125 0.73125 0.028125 0.0484375
0 0.3109375 0.7140625 0.009375 0.0125
2 0.3390625 0.734375 0.034375 0.05625
0 0.3359375 0.7140625 0.0078125 0.009375
2 0.54375 0.80625 0.084375 0.2015625
0 0.5359375 0.721875 0.0203125 0.0265625
2 0.6 0.8109375 0.078125 0.1953125
0 0.5796875 0.7296875 0.0203125 0.0296875
2 0.7625 0.7671875 0.0421875 0.1
0 0.7578125 0.7234375 0.0109375 0.0125
2 0.8 0.7484375 0.0296875 0.08125
0 0.796875 0.715625 0.0109375 0.0125
2 0.8 0.7578125 0.0484375 0.0953125
0 0.7921875 0.7203125 0.0125 0.0140625
2 0.75625 0.7765625 0.0546875 0.140625
0 0.75 0.7171875 0.0171875 0.01875