2 0.965625 0.5046875 0.0515625 0.16875
0 0.9671875 0.43125 0.015625 0.015625
2 0.93125 0.528125 0.059375 0.1765625
0 0.94375 0.45625 0.0265625 0.028125
2 0.909375 0.5109375 0.065625 0.171875
0 0.9171875 0.4421875 0.01875 0.01875
2 0.8765625 0.5 0.059375 0.18125
0 0.8796875 0.4265625 0.021875 0.028125
2 0.8046875 0.5125 0.059375 0.1828125
0 0.8 0.434375 0.021875 0.021875
2 0.796875 0.565625 0.084375 0.2875
0 0.81875 0.446875 0.0375 0.0453125
2 0.74375 0.5546875 0.1046875 0.3171875
0 0.7671875 0.4234375 0.040625 0.046875
2 0.721875 0.49375 0.0390625 0.13125
0 0.7296875 0.4390625 0.01875 0.01875
2 0.684375 0.5234375 0.075 0.165625
0 0.7046875 0.45625 0.01875 0.021875
2 0.64375 0.490625 0.0421875 0.121875
0 0.646875 0.440625 0.015625 0.015625
2 0.625 0.4890625 0.034375 0.1109375
0 0.6359375 0.44375 0.0125 0.0171875
2 0.5953125 0.490625 0.034375 0.1125
0 0.60625 0.44375 0.0125 0.0171875
2 0.553125 0.4984375 0.0484375 0.153125
0 0.546875 0.4375 0.01875 0.0234375
2 0.5140625 0.490625 0.04375 0.1453125
0 0.525 0.43125 0.015625 0.021875
2 0.509375 0.5046875 0.0734375 0.165625
0 0.515625 0.434375 0.021875 0.021875
2 0.484375 0.4765625 0.028125 0.09375
0 0.4828125 0.4390625 0.0125 0.0125
2 0.4609375 0.475 0.03125 0.103125
0 0.4609375 0.4328125 0.0109375 0.015625
2 0.453125 0.475 0.0296875 0.0953125
0 0.4546875 0.4375 0.009375 0.0125
2 0.4078125 0.5890625 0.2125 0.340625
0 0.434375 0.4546875 0.0375 0.0390625
2 0.259375 0.584375 0.1421875 0.334375
0 0.28125 0.446875 0.04375 0.05
2 0.2640625 0.5515625 0.1328125 0.284375
0 0.2625 0.43125 0.034375 0.0375
2 0.390625 0.48125 0.040625 0.1140625
0 0.39375 0.4328125 0.015625 0.015625
2 0.371875 0.48125 0.0328125 0.109375
0 0.3765625 0.4375 0.0125 0.015625
2 0.35625 0.471875 0.021875 0.0796875
0 0.3578125 0.440625 0.009375 0.0125
2 0.353125 0.4640625 0.01875 0.071875
0 0.3546875 0.4375 0.009375 0.0109375
2 0.34375 0.475 0.028125 0.078125
0 0.3421875 0.44375 0.0109375 0.0125
2 0.3390625 0.465625 0.025 0.078125
0 0.3390625 0.4359375 0.0125 0.0125
2 0.315625 0.509375 0.040625 0.1234375
0 0.315625 0.459375 0.015625 0.0203125
2 0.334375 0.4859375 0.04375 0.109375
0 0.328125 0.44375 0.015625 0.01875
2 0.3125 0.471875 0.0296875 0.0859375
0 0.3171875 0.4375 0.0109375 0.015625
2 0.3125 0.475 0.0296875 0.08125
0 0.309375 0.4421875 0.0078125 0.009375
2 0.3296875 0.490625 0.0359375 0.109375
0 0.328125 0.44375 0.015625 0.015625
2 0.215625 0.471875 0.028125 0.0859375
0 0.21875 0.4375 0.0109375 0.0140625
2 0.2265625 0.459375 0.0265625 0.075
0 0.228125 0.4296875 0.009375 0.009375
2 0.24375 0.4671875 0.0375 0.0828125
0 0.240625 0.4359375 0.0125 0.0125
2 0.175 0.540625 0.04375 0.06875
0 0.16875 0.5203125 0.015625 0.01875
2 0.1828125 0.49375 0.05 0.153125
0 0.18125 0.43125 0.0234375 0.021875
2 0.203125 0.4640625 0.015625 0.053125
0 0.2046875 0.4453125 0.009375 0.009375
2 0.146875 0.5078125 0.075 0.19375
0 0.1453125 0.428125 0.025 0.0234375
2 0.084375 0.5203125 0.1 0.2375
0 0.0875 0.41875 0.025 0.028125
2 0.153125 0.503125 0.053125 0.1484375
0 0.153125 0.4375 0.0125 0.015625
2 0.075 0.478125 0.040625 0.115625
0 0.075 0.43125 0.015625 0.0140625
2 0.059375 0.46875 0.0375 0.0828125
0 0.0640625 0.4359375 0.009375 0.009375
2 0.04375 0.4671875 0.01875 0.059375
0 0.0421875 0.4421875 0.00625 0.00625
2 0.021875 0.4859375 0.04375 0.11875
0 0.0234375 0.4375 0.015625 0.01875
2 0.0109375 0.459375 0.021875 0.05625
0 0.009375 0.4375 0.0078125 0.009375