2 0.63125 0.5046875 0.03125 0.0890625
0 0.6359375 0.4671875 0.0140625 0.0125
2 0.6703125 0.5 0.034375 0.1125
0 0.66875 0.453125 0.015625 0.015625
2 0.696875 0.503125 0.028125 0.084375
0 0.6984375 0.4703125 0.0125 0.0125
2 0.725 0.4984375 0.034375 0.0921875
0 0.728125 0.4609375 0.0109375 0.0125
2 0.740625 0.5046875 0.0375 0.11875
0 0.740625 0.4578125 0.0171875 0.015625
2 0.76875 0.50625 0.059375 0.159375
0 0.771875 0.440625 0.01875 0.0171875
2 0.796875 0.503125 0.0359375 0.115625
0 0.7953125 0.45625 0.015625 0.01875
2 0.8625 0.5078125 0.05625 0.109375
0 0.8625 0.4609375 0.0203125 0.01875
2 0.8890625 0.490625 0.0171875 0.0375
0 0.8875 0.478125 0.00625 0.0078125
2 0.9078125 0.5 0.021875 0.046875
0 0.909375 0.48125 0.0078125 0.0078125
2 0.9390625 0.509375 0.034375 0.103125
0 0.940625 0.465625 0.0109375 0.0109375
2 0.953125 0.521875 0.0421875 0.1296875
0 0.959375 0.4703125 0.0171875 0.01875
0 0.9765625 0.4765625 0.0140625 0.015625