2 0.903125 0.5796875 0.1328125 0.4203125
0 0.903125 0.4 0.0546875 0.0546875
2 0.75625 0.625 0.20625 0.415625
0 0.728125 0.4546875 0.05 0.0640625
2 0.565625 0.615625 0.2375 0.434375
0 0.5765625 0.4375 0.0515625 0.071875
2 0.4609375 0.5671875 0.115625 0.3609375
0 0.4625 0.415625 0.040625 0.0515625
2 0.3 0.596875 0.14375 0.3453125
0 0.2921875 0.4515625 0.0390625 0.0453125
0 0.2015625 0.4390625 0.06875 0.075
2 0.078125 0.4671875 0.046875 0.0703125
0 0.078125 0.4421875 0.0125 0.0125
2 0.246875 0.4953125 0.0640625 0.1765625
0 0.2515625 0.4234375 0.0234375 0.028125
2 0.346875 0.471875 0.0453125 0.1546875
0 0.340625 0.409375 0.01875 0.0203125
2 0.3140625 0.4875 0.0625 0.1640625
0 0.3046875 0.4234375 0.021875 0.025
2 0.2609375 0.4484375 0.0484375 0.1109375
0 0.259375 0.4046875 0.015625 0.0203125
2 0.1578125 0.4953125 0.078125 0.228125
0 0.1625 0.403125 0.028125 0.0359375
2 0.1140625 0.4765625 0.0703125 0.165625
0 0.125 0.4078125 0.01875 0.0203125