0 0.1390625 0.440625 0.09375 0.1140625
0 0.084375 0.36875 0.09375 0.09375
0 0.084375 0.3640625 0.0984375 0.0921875
0 0.3109375 0.3828125 0.0921875 0.125
2 0.2953125 0.496875 0.1296875 0.5375
0 0.31875 0.2765625 0.06875 0.0859375
0 0.4171875 0.3921875 0.08125 0.115625
0 0.4828125 0.3640625 0.1125 0.1453125
0 0.7265625 0.45625 0.1625 0.209375
0 0.603125 0.4421875 0.0859375 0.08125
0 0.6859375 0.38125 0.103125 0.1203125
0 0.9046875 0.434375 0.1078125 0.1
0 0.890625 0.35 0.0671875 0.090625
2 0.115625 0.334375 0.1421875 0.3296875
0 0.1375 0.1890625 0.0546875 0.0421875
2 0.2296875 0.3390625 0.121875 0.340625
0 0.23125 0.178125 0.04375 0.01875
2 0.5125 0.3953125 0.1328125 0.3859375
0 0.4890625 0.240625 0.0453125 0.059375
2 0.671875 0.4203125 0.203125 0.5046875
0 0.678125 0.18125 0.0546875 0.025
2 0.803125 0.4046875 0.153125 0.471875
0 0.778125 0.1796875 0.046875 0.021875