2 0.8484375 0.7203125 0.0265625 0.075
0 0.8484375 0.6921875 0.0078125 0.009375
2 0.0078125 0.6984375 0.015625 0.0875
0 0.0046875 0.6671875 0.009375 0.0125
2 0.03125 0.6984375 0.0234375 0.05625
0 0.0328125 0.6765625 0.0078125 0.0078125
2 0.0453125 0.696875 0.015625 0.025
0 0.0453125 0.6890625 0.00625 0.0046875
2 0.0625 0.7 0.0203125 0.05625
0 0.059375 0.678125 0.00625 0.0078125
2 0.0890625 0.703125 0.0203125 0.053125
0 0.0890625 0.68125 0.0078125 0.0078125
2 0.109375 0.7 0.021875 0.059375
0 0.1109375 0.6765625 0.0078125 0.0078125
2 0.1234375 0.6890625 0.0125 0.0359375
0 0.1234375 0.6765625 0.0046875 0.0046875
2 0.1359375 0.715625 0.034375 0.0796875
0 0.14375 0.6828125 0.0078125 0.009375
2 0.178125 0.7109375 0.0265625 0.065625
0 0.1796875 0.6828125 0.00625 0.0078125
2 0.1984375 0.7140625 0.0296875 0.0703125
0 0.2015625 0.6859375 0.0078125 0.009375
2 0.2265625 0.715625 0.0265625 0.0921875
0 0.2265625 0.6796875 0.0109375 0.0109375
2 0.2359375 0.7140625 0.0265625 0.071875
0 0.2328125 0.6890625 0.009375 0.009375
2 0.25625 0.7171875 0.0265625 0.0734375
0 0.2578125 0.6921875 0.0109375 0.0109375
2 0.2734375 0.725 0.0296875 0.0828125
0 0.2734375 0.69375 0.009375 0.0125
2 0.325 0.715625 0.0296875 0.084375
0 0.328125 0.68125 0.0109375 0.0125