2 0.678125 0.5515625 0.2296875 0.4046875
0 0.66875 0.384375 0.05625 0.0609375
2 0.55 0.5453125 0.21875 0.3546875
0 0.5453125 0.4 0.0453125 0.0546875
2 0.428125 0.5328125 0.21875 0.34375
0 0.421875 0.3953125 0.0453125 0.05625
2 0.3640625 0.515625 0.1578125 0.2921875
0 0.34375 0.396875 0.0359375 0.0453125
2 0.9390625 0.490625 0.078125 0.140625
0 0.9546875 0.434375 0.0203125 0.0265625
2 0.8796875 0.4828125 0.0453125 0.1171875
0 0.878125 0.4375 0.015625 0.01875
2 0.8171875 0.4703125 0.075 0.109375
0 0.8390625 0.428125 0.015625 0.01875