2 0.153125 0.6890625 0.046875 0.1015625
0 0.1671875 0.646875 0.0125 0.015625
2 0.18125 0.684375 0.0375 0.1046875
0 0.18125 0.640625 0.0125 0.0140625
2 0.428125 0.7 0.040625 0.128125
0 0.4296875 0.646875 0.0125 0.0140625
2 0.475 0.7046875 0.04375 0.1203125
0 0.478125 0.6578125 0.015625 0.0203125
2 0.675 0.6703125 0.025 0.0640625
0 0.671875 0.6421875 0.0078125 0.0078125
2 0.575 0.6625 0.015625 0.0359375
0 0.575 0.65 0.0046875 0.0046875
2 0.6890625 0.66875 0.015625 0.04375
0 0.6875 0.653125 0.0046875 0.00625
2 0.7453125 0.675 0.021875 0.05625
0 0.746875 0.653125 0.00625 0.0078125
2 0.7515625 0.6734375 0.0203125 0.053125
0 0.7515625 0.6515625 0.0078125 0.0078125
2 0.7671875 0.6734375 0.0171875 0.053125
0 0.7671875 0.653125 0.009375 0.009375
2 0.7921875 0.703125 0.03125 0.0953125
0 0.7921875 0.6671875 0.0109375 0.015625
2 0.8265625 0.7015625 0.0421875 0.1046875
0 0.8203125 0.6609375 0.0125 0.0171875