2 0.428125 0.9296875 0.059375 0.046875
0 0.4421875 0.9171875 0.0109375 0.015625
2 0.428125 0.903125 0.0609375 0.05625
0 0.4234375 0.8890625 0.0140625 0.021875
2 0.4375 0.8640625 0.05625 0.05625
0 0.4484375 0.8484375 0.0140625 0.0171875
2 0.315625 0.703125 0.0359375 0.0875
0 0.3109375 0.671875 0.009375 0.0125
2 0.275 0.70625 0.034375 0.0984375
0 0.2734375 0.671875 0.0109375 0.0171875
2 0.2203125 0.7078125 0.0484375 0.0828125
0 0.2109375 0.678125 0.0140625 0.0140625
2 0.571875 0.596875 0.025 0.0640625
0 0.571875 0.5734375 0.0078125 0.009375
2 0.4 0.3328125 0.015625 0.0359375
0 0.4 0.3203125 0.00625 0.00625
2 0.384375 0.33125 0.0140625 0.0359375
0 0.384375 0.3171875 0.0046875 0.00625
2 0.4265625 0.296875 0.0125 0.0265625
0 0.428125 0.2890625 0.00625 0.00625
2 0.434375 0.296875 0.0109375 0.0328125
0 0.4359375 0.2859375 0.003125 0.0046875