2 0.2515625 0.396875 0.0484375 0.1203125
0 0.2515625 0.35 0.0203125 0.0234375
2 0.2984375 0.4125 0.0890625 0.2390625
0 0.2953125 0.3109375 0.028125 0.0296875
2 0.0953125 0.5265625 0.1390625 0.259375
0 0.071875 0.425 0.046875 0.0515625
2 0.1328125 0.4609375 0.0921875 0.28125
0 0.1359375 0.3484375 0.0390625 0.05
0 0.196875 0.3703125 0.078125 0.109375
0 0.3671875 0.3953125 0.0828125 0.0953125
0 0.4609375 0.321875 0.0859375 0.128125
2 0.346875 0.521875 0.14375 0.3765625
0 0.3625 0.3671875 0.0546875 0.0671875
2 0.4140625 0.4328125 0.0796875 0.2515625
0 0.415625 0.334375 0.040625 0.05
2 0.59375 0.4921875 0.0890625 0.3015625
0 0.590625 0.3671875 0.0390625 0.0484375
2 0.5734375 0.4015625 0.0734375 0.1828125
0 0.5734375 0.328125 0.0234375 0.0328125
2 0.6328125 0.44375 0.0828125 0.2828125
0 0.6296875 0.3265625 0.0328125 0.0375
2 0.684375 0.3875 0.0671875 0.184375
0 0.6828125 0.3125 0.0265625 0.0328125
2 0.75 0.515625 0.1171875 0.3953125
0 0.7546875 0.34375 0.0484375 0.0515625
2 0.7375 0.4390625 0.103125 0.3484375
0 0.7296875 0.290625 0.0375 0.0421875