2 0.034375 0.8125 0.0171875 0.0421875
0 0.0375 0.796875 0.0046875 0.00625
2 0.040625 0.8 0.0171875 0.0359375
0 0.040625 0.784375 0.00625 0.0046875
2 0.0359375 0.7875 0.01875 0.0390625
0 0.0375 0.771875 0.00625 0.0046875
2 0.0578125 0.7859375 0.0203125 0.0375
0 0.0578125 0.7734375 0.00625 0.0078125
2 0.05625 0.8078125 0.0203125 0.0484375
0 0.0546875 0.7890625 0.00625 0.00625
2 0.065625 0.8 0.0171875 0.04375
0 0.0640625 0.7828125 0.0046875 0.00625
2 0.0125 0.725 0.0140625 0.025
0 0.0109375 0.715625 0.003125 0.003125
2 0.0296875 0.7125 0.0125 0.0265625
0 0.0296875 0.703125 0.003125 0.0046875
2 0.0390625 0.7140625 0.009375 0.021875
0 0.0390625 0.7046875 0.003125 0.003125
2 0.003125 0.7046875 0.00625 0.0234375
0 0.0046875 0.6953125 0.003125 0.003125
2 0.053125 0.6921875 0.0078125 0.021875
0 0.053125 0.684375 0.003125 0.003125
2 0.059375 0.69375 0.009375 0.0203125
0 0.0609375 0.6859375 0.003125 0.003125
2 0.0265625 0.6828125 0.0078125 0.01875
0 0.028125 0.6765625 0.003125 0.003125
2 0.0203125 0.68125 0.0078125 0.01875
0 0.0203125 0.6734375 0.003125 0.003125
2 0.0125 0.6796875 0.00625 0.015625
0 0.0140625 0.675 0.0015625 0.0015625
2 0.0890625 0.6859375 0.0109375 0.0203125
0 0.090625 0.6796875 0.003125 0.003125
2 0.134375 0.7125 0.0109375 0.028125
0 0.134375 0.7015625 0.0046875 0.0046875
2 0.14375 0.6953125 0.0109375 0.021875
0 0.1453125 0.6875 0.003125 0.003125
2 0.171875 0.7 0.0109375 0.021875
0 0.175 0.6921875 0.003125 0.003125
2 0.1953125 0.69375 0.0109375 0.021875
0 0.196875 0.6859375 0.003125 0.003125
2 0.21875 0.69375 0.0109375 0.0203125
0 0.21875 0.6875 0.003125 0.003125
2 0.2671875 0.7234375 0.0109375 0.028125
0 0.26875 0.7125 0.0046875 0.0046875
2 0.2765625 0.7234375 0.009375 0.025
0 0.2765625 0.7125 0.003125 0.003125
2 0.2890625 0.7484375 0.015625 0.0359375
0 0.2890625 0.734375 0.0046875 0.0046875
2 0.303125 0.7484375 0.0125 0.0328125
0 0.3046875 0.7375 0.0046875 0.00625
2 0.3109375 0.746875 0.0171875 0.0328125
0 0.3140625 0.7328125 0.0046875 0.0046875
2 0.290625 0.696875 0.0078125 0.0234375
0 0.290625 0.6875 0.003125 0.003125
2 0.2921875 0.6875 0.0109375 0.0203125
0 0.2921875 0.6796875 0.003125 0.003125
2 0.865625 0.6859375 0.0078125 0.0171875
0 0.8671875 0.6796875 0.0015625 0.003125
2 0.871875 0.6859375 0.0078125 0.0171875
0 0.8734375 0.6796875 0.0015625 0.003125
2 0.846875 0.6875 0.0078125 0.015625
0 0.8453125 0.6828125 0.0015625 0.003125
2 0.8421875 0.6875 0.009375 0.0171875
0 0.8421875 0.68125 0.0015625 0.003125
2 0.834375 0.6890625 0.0078125 0.0171875
0 0.834375 0.68125 0.003125 0.0015625
2 0.81875 0.6859375 0.009375 0.015625
0 0.81875 0.68125 0.003125 0.003125
2 0.81875 0.703125 0.009375 0.0234375
0 0.81875 0.69375 0.003125 0.003125
2 0.7953125 0.715625 0.0109375 0.0265625
0 0.7953125 0.7046875 0.003125 0.003125
2 0.8453125 0.703125 0.0109375 0.0203125
0 0.8453125 0.696875 0.003125 0.003125
2 0.834375 0.7203125 0.009375 0.0234375
0 0.8359375 0.7109375 0.003125 0.003125
2 0.875 0.7203125 0.0125 0.028125
0 0.8765625 0.709375 0.0046875 0.0046875
2 0.875 0.7046875 0.0109375 0.0234375
0 0.875 0.696875 0.003125 0.003125
2 0.8796875 0.7015625 0.009375 0.0234375
0 0.8796875 0.69375 0.0015625 0.003125
2 0.9015625 0.7265625 0.0125 0.028125
0 0.903125 0.715625 0.0046875 0.0046875
2 0.9078125 0.70625 0.0109375 0.0234375
0 0.9078125 0.696875 0.003125 0.003125
2 0.9296875 0.7078125 0.009375 0.021875
0 0.93125 0.6984375 0.0015625 0.003125
2 0.928125 0.6890625 0.00625 0.0171875
0 0.928125 0.684375 0.0015625 0.003125
2 0.9421875 0.7234375 0.0109375 0.028125
0 0.9421875 0.7140625 0.0046875 0.0046875
2 0.9546875 0.7078125 0.009375 0.0234375
0 0.953125 0.6984375 0.003125 0.003125
2 0.9625 0.725 0.009375 0.025
0 0.9625 0.715625 0.003125 0.003125
2 0.965625 0.709375 0.009375 0.0234375
0 0.9671875 0.7015625 0.0046875 0.003125
2 0.9671875 0.690625 0.00625 0.01875
0 0.96875 0.6859375 0.0015625 0.003125
2 0.975 0.6921875 0.00625 0.01875
0 0.975 0.684375 0.0015625 0.0015625
2 0.978125 0.6921875 0.009375 0.01875
0 0.978125 0.684375 0.003125 0.003125
2 0.9734375 0.7203125 0.009375 0.0265625
0 0.9734375 0.709375 0.003125 0.0046875
2 0.984375 0.7109375 0.0078125 0.0234375
0 0.984375 0.703125 0.003125 0.003125
2 0.9921875 0.6921875 0.009375 0.0171875
0 0.99375 0.6859375 0.0015625 0.0015625
2 0.990625 0.7125 0.009375 0.025
0 0.9890625 0.703125 0.003125 0.003125
2 0.9390625 0.7484375 0.015625 0.0296875
0 0.9390625 0.7390625 0.0046875 0.0046875
2 0.9234375 0.7484375 0.0109375 0.0328125
0 0.9234375 0.7359375 0.0046875 0.0046875
2 0.921875 0.73125 0.0140625 0.0265625
0 0.9203125 0.7203125 0.0046875 0.0046875
2 0.9171875 0.725 0.009375 0.0265625
0 0.915625 0.715625 0.003125 0.003125
2 0.8703125 0.7625 0.015625 0.0328125
0 0.871875 0.7515625 0.0046875 0.0046875
2 0.728125 0.7796875 0.0171875 0.0421875
0 0.728125 0.7640625 0.0046875 0.00625
2 0.7109375 0.7796875 0.015625 0.0421875
0 0.7125 0.7625 0.0046875 0.00625
2 0.5609375 0.7296875 0.0078125 0.021875
0 0.5609375 0.721875 0.003125 0.003125
2 0.5515625 0.73125 0.0109375 0.025
0 0.55 0.7234375 0.0046875 0.003125
2 0.5421875 0.73125 0.0109375 0.0234375
0 0.54375 0.7234375 0.003125 0.003125
2 0.509375 0.7359375 0.0109375 0.021875
0 0.509375 0.728125 0.003125 0.003125
2 0.465625 0.75 0.0171875 0.0328125
0 0.46875 0.7375 0.003125 0.0046875
2 0.4609375 0.8 0.01875 0.04375
0 0.459375 0.7828125 0.00625 0.0046875
2 0.44375 0.7984375 0.0171875 0.04375
0 0.4453125 0.7828125 0.00625 0.00625
2 0.5296875 0.790625 0.0203125 0.0390625
0 0.53125 0.775 0.0046875 0.0046875
2 0.5421875 0.7890625 0.015625 0.040625
0 0.5453125 0.7734375 0.00625 0.00625
2 0.5421875 0.7828125 0.015625 0.0390625
0 0.540625 0.7671875 0.00625 0.00625
2 0.5578125 0.7875 0.01875 0.0421875
0 0.553125 0.771875 0.00625 0.00625
2 0.5546875 0.78125 0.0140625 0.040625
0 0.553125 0.765625 0.0046875 0.0046875
2 0.5953125 0.8125 0.015625 0.0453125
0 0.596875 0.7953125 0.00625 0.0078125
2 0.559375 0.8234375 0.0203125 0.0421875
0 0.5625 0.80625 0.00625 0.00625
2 0.396875 0.7984375 0.01875 0.04375
0 0.3984375 0.78125 0.0046875 0.00625
2 0.3203125 0.821875 0.01875 0.05
0 0.31875 0.8015625 0.00625 0.0078125
2 0.434375 0.690625 0.0078125 0.021875
0 0.4359375 0.684375 0.003125 0.0046875
2 0.428125 0.6921875 0.0078125 0.0203125
0 0.4296875 0.684375 0.003125 0.003125
2 0.396875 0.7015625 0.0109375 0.0234375
0 0.3953125 0.6921875 0.003125 0.003125
2 0.4046875 0.6859375 0.0109375 0.0203125
0 0.403125 0.678125 0.003125 0.003125
2 0.396875 0.6859375 0.009375 0.0203125
0 0.396875 0.678125 0.003125 0.003125
2 0.3796875 0.6921875 0.00625 0.0203125
0 0.3796875 0.684375 0.003125 0.003125
2 0.371875 0.690625 0.0125 0.0203125
0 0.3703125 0.6828125 0.003125 0.003125
2 0.3578125 0.678125 0.00625 0.01875
0 0.35625 0.671875 0.003125 0.003125
2 0.51875 0.68125 0.0078125 0.01875
0 0.51875 0.675 0.0015625 0.003125
2 0.559375 0.684375 0.00625 0.01875
0 0.559375 0.678125 0.003125 0.003125
2 0.5546875 0.6828125 0.0078125 0.01875
0 0.55625 0.6765625 0.003125 0.003125
2 0.5765625 0.69375 0.0140625 0.0234375
0 0.578125 0.6859375 0.003125 0.003125
2 0.5890625 0.69375 0.0125 0.0203125
0 0.5890625 0.6859375 0.003125 0.003125
2 0.6 0.675 0.0078125 0.0171875
0 0.6 0.66875 0.0015625 0.0015625
2 0.6328125 0.690625 0.0109375 0.021875
0 0.63125 0.6828125 0.003125 0.003125
2 0.6484375 0.678125 0.00625 0.0171875
0 0.6484375 0.671875 0.0015625 0.003125
2 0.6578125 0.690625 0.0078125 0.01875
0 0.6578125 0.684375 0.003125 0.003125
2 0.78125 0.6703125 0.00625 0.0140625
0 0.7828125 0.6640625 0.0015625 0.0015625
2 0.7171875 0.6734375 0.00625 0.0140625
0 0.7171875 0.66875 0.0015625 0.0015625
2 0.853125 0.6640625 0.00625 0.0125
0 0.853125 0.6609375 0.0015625 0.0015625