2 0.0765625 0.5125 0.153125 0.578125
0 0.06875 0.2734375 0.0703125 0.0890625
2 0.1875 0.5234375 0.171875 0.534375
0 0.184375 0.30625 0.0671875 0.0890625
2 0.2921875 0.5328125 0.2 0.525
0 0.290625 0.3171875 0.0609375 0.0796875
2 0.3671875 0.49375 0.18125 0.5
0 0.3671875 0.290625 0.0546875 0.0671875
2 0.45 0.5546875 0.1734375 0.4796875
0 0.4171875 0.35625 0.0515625 0.06875
2 0.534375 0.5390625 0.1578125 0.465625
0 0.5125 0.340625 0.053125 0.0609375
2 0.58125 0.4375 0.0953125 0.2890625
0 0.5859375 0.328125 0.0484375 0.0609375
2 0.6515625 0.528125 0.1453125 0.46875
0 0.6421875 0.334375 0.053125 0.059375
2 0.7015625 0.5109375 0.1234375 0.4359375
0 0.7015625 0.328125 0.046875 0.059375
2 0.7953125 0.55 0.15 0.4390625
0 0.8015625 0.365625 0.0546875 0.0671875
2 0.8296875 0.521875 0.1140625 0.3953125
0 0.8296875 0.3609375 0.05 0.065625
2 0.903125 0.5578125 0.1546875 0.45625
0 0.8953125 0.365625 0.065625 0.071875
0 0.96875 0.3671875 0.053125 0.065625