2 0.95625 0.671875 0.0796875 0.165625
0 0.9484375 0.603125 0.021875 0.021875
2 0.9 0.684375 0.046875 0.0984375
0 0.9 0.640625 0.0125 0.0125
2 0.809375 0.66875 0.075 0.15
0 0.8109375 0.60625 0.0203125 0.0203125
2 0.9765625 0.7 0.0171875 0.0296875
0 0.9734375 0.6890625 0.0078125 0.00625
2 0.85625 0.68125 0.0359375 0.0890625
0 0.85625 0.6421875 0.0125 0.0125
2 0.88125 0.6875 0.0296875 0.05625
0 0.8796875 0.665625 0.00625 0.0078125
2 0.8875 0.6875 0.01875 0.046875
0 0.878125 0.6640625 0.00625 0.0078125
2 0.921875 0.6984375 0.01875 0.0265625
0 0.9234375 0.6890625 0.00625 0.00625
2 0.840625 0.690625 0.0171875 0.0359375
0 0.8390625 0.6765625 0.00625 0.00625
2 0.778125 0.6875 0.0125 0.0296875
0 0.7796875 0.675 0.0046875 0.0046875
2 0.740625 0.6875 0.03125 0.0640625
0 0.7375 0.6625 0.0078125 0.0109375
2 0.7171875 0.6796875 0.03125 0.084375
0 0.71875 0.6453125 0.0140625 0.0140625
2 0.6984375 0.68125 0.01875 0.053125
0 0.7015625 0.659375 0.00625 0.0046875
2 0.709375 0.684375 0.0265625 0.053125
0 0.70625 0.6625 0.00625 0.0078125
2 0.6703125 0.6875 0.0109375 0.0265625
0 0.671875 0.678125 0.0046875 0.0046875
2 0.7703125 0.6921875 0.0109375 0.0171875
0 0.7703125 0.6859375 0.003125 0.003125
2 0.7640625 0.6921875 0.009375 0.015625
0 0.7625 0.6875 0.003125 0.003125
2 0.659375 0.6859375 0.0109375 0.028125
0 0.659375 0.675 0.0046875 0.0046875
2 0.64375 0.6859375 0.015625 0.03125
0 0.64375 0.671875 0.0046875 0.0046875
2 0.63125 0.68125 0.0140625 0.0390625
0 0.6328125 0.665625 0.0046875 0.0046875
2 0.6203125 0.678125 0.0203125 0.0578125
0 0.6203125 0.65625 0.0078125 0.0078125
2 0.6046875 0.68125 0.01875 0.05
0 0.6078125 0.6609375 0.00625 0.0078125
2 0.603125 0.68125 0.0140625 0.0484375
0 0.603125 0.6625 0.00625 0.00625
2 0.5890625 0.68125 0.01875 0.0484375
0 0.5890625 0.6609375 0.0046875 0.00625
2 0.5890625 0.6765625 0.0234375 0.053125
0 0.5875 0.6546875 0.00625 0.00625
2 0.5875 0.678125 0.0171875 0.05
0 0.590625 0.6625 0.00625 0.0078125
2 0.5671875 0.68125 0.025 0.0484375
0 0.565625 0.659375 0.00625 0.00625
2 0.5765625 0.6796875 0.021875 0.0515625
0 0.5765625 0.659375 0.009375 0.0078125
2 0.56875 0.678125 0.01875 0.053125
0 0.56875 0.6578125 0.0046875 0.00625
2 0.55 0.678125 0.0234375 0.0546875
0 0.5515625 0.65625 0.0078125 0.009375
2 0.553125 0.6796875 0.01875 0.0484375
0 0.55625 0.6625 0.00625 0.00625
2 0.5265625 0.6765625 0.0171875 0.0546875
0 0.5265625 0.6546875 0.0078125 0.0078125
2 0.53125 0.678125 0.015625 0.046875
0 0.5328125 0.6609375 0.00625 0.0078125
2 0.5109375 0.675 0.025 0.05625
0 0.5109375 0.653125 0.0078125 0.0078125
2 0.5078125 0.6765625 0.0203125 0.053125
0 0.50625 0.6546875 0.00625 0.0078125
2 0.4921875 0.678125 0.0203125 0.053125
0 0.4953125 0.65625 0.00625 0.009375
2 0.48125 0.6796875 0.009375 0.028125
0 0.4828125 0.66875 0.0046875 0.0046875
2 0.4078125 0.7140625 0.1625 0.125
0 0.440625 0.66875 0.0265625 0.028125
2 0.390625 0.7125 0.20625 0.1046875
0 0.465625 0.6765625 0.025 0.0296875
2 0.4484375 0.6703125 0.0203125 0.0578125
0 0.45 0.6484375 0.0078125 0.0109375
2 0.45625 0.671875 0.01875 0.046875
0 0.45625 0.653125 0.00625 0.0078125
2 0.43125 0.66875 0.025 0.05625
0 0.43125 0.646875 0.0078125 0.0109375
2 0.415625 0.6765625 0.009375 0.0265625
0 0.415625 0.665625 0.003125 0.003125
2 0.3984375 0.675 0.025 0.0546875
0 0.3984375 0.653125 0.0078125 0.009375
2 0.3765625 0.6625 0.028125 0.0859375
0 0.378125 0.625 0.009375 0.009375
2 0.3875 0.6640625 0.028125 0.0765625
0 0.3875 0.6328125 0.009375 0.009375
2 0.359375 0.665625 0.028125 0.0734375
0 0.3609375 0.634375 0.009375 0.009375
2 0.3359375 0.6625 0.0296875 0.08125
0 0.3390625 0.6296875 0.0109375 0.0109375
2 0.3125 0.66875 0.021875 0.046875
0 0.3171875 0.6515625 0.00625 0.0078125
2 0.296875 0.6765625 0.0125 0.0296875
0 0.296875 0.665625 0.00625 0.00625
2 0.2859375 0.6703125 0.0125 0.028125
0 0.2875 0.659375 0.003125 0.003125
2 0.2796875 0.675 0.0109375 0.0171875
0 0.28125 0.66875 0.003125 0.003125
2 0.00625 0.65703125 0.0125 0.0421875
0 0.0046875 0.640625 0.00625 0.00625
2 0.009375 0.659375 0.0140625 0.0359375
0 0.0078125 0.646875 0.0046875 0.00625
2 0.0265625 0.653125 0.034375 0.0515625
0 0.0234375 0.63125 0.0078125 0.0078125
2 0.0328125 0.6546875 0.021875 0.0484375
0 0.0375 0.6359375 0.00625 0.00625
2 0.0984375 0.6671875 0.025 0.0296875
0 0.1046875 0.65625 0.0078125 0.00625
2 0.1125 0.665625 0.0171875 0.034375
0 0.1125 0.653125 0.00625 0.0078125
2 0.1296875 0.665625 0.0265625 0.0328125
0 0.1328125 0.6546875 0.00625 0.0078125
2 0.134375 0.665625 0.0234375 0.03125
0 0.1328125 0.6546875 0.00625 0.00625
2 0.153125 0.6640625 0.0171875 0.0328125
0 0.153125 0.6515625 0.00625 0.00625
2 0.1703125 0.6515625 0.0453125 0.1109375
0 0.1703125 0.60625 0.0140625 0.0171875
2 0.2140625 0.6625 0.028125 0.059375
0 0.21875 0.6375 0.0078125 0.0078125
2 0.2625 0.66875 0.015625 0.0390625
0 0.2640625 0.653125 0.0046875 0.00625
2 0.253125 0.671875 0.0140625 0.025
0 0.2515625 0.6625 0.003125 0.003125
2 0.2203125 0.671875 0.0125 0.0265625
0 0.2203125 0.6625 0.0046875 0.0046875
2 0.2265625 0.6734375 0.0171875 0.0234375
0 0.2234375 0.6640625 0.0046875 0.0046875
2 0.234375 0.671875 0.015625 0.0265625
0 0.2375 0.6625 0.0046875 0.0046875
2 0.8390625 0.6921875 0.01875 0.0390625
0 0.8390625 0.6765625 0.0046875 0.00625