0 0.9796875 0.596875 0.025 0.028125
0 0.875 0.565625 0.0390625 0.04375
2 0.73125 0.665625 0.090625 0.234375
0 0.734375 0.571875 0.025 0.0328125
2 0.5859375 0.65625 0.053125 0.1390625
0 0.584375 0.6 0.0171875 0.0171875
2 0.621875 0.6609375 0.0671875 0.140625
0 0.6265625 0.6046875 0.0171875 0.01875
2 0.6625 0.66875 0.084375 0.178125
0 0.659375 0.596875 0.0234375 0.0265625
0 0.7140625 0.5859375 0.0375 0.040625
2 0.51875 0.6671875 0.096875 0.1796875
0 0.515625 0.5921875 0.0234375 0.025
2 0.4546875 0.6671875 0.0703125 0.18125
0 0.4515625 0.5953125 0.021875 0.025
2 0.284375 0.6359375 0.0984375 0.19375
0 0.309375 0.575 0.0234375 0.021875
2 0.340625 0.6640625 0.11875 0.1859375
0 0.35625 0.5859375 0.021875 0.0265625
2 0.325 0.66875 0.1109375 0.1734375
0 0.31875 0.596875 0.0171875 0.0203125
2 0.190625 0.64375 0.0734375 0.2203125
0 0.18125 0.553125 0.025 0.025
2 0.146875 0.6546875 0.0890625 0.1953125
0 0.153125 0.578125 0.028125 0.025
2 0.19375 0.684375 0.1421875 0.26875
0 0.196875 0.5765625 0.0390625 0.04375
2 0.084375 0.65 0.103125 0.2125
0 0.0734375 0.5625 0.025 0.0296875
2 0.059375 0.6609375 0.071875 0.1890625
0 0.0640625 0.5828125 0.01875 0.021875
2 0.0359375 0.66875 0.071875 0.1734375
0 0.04375 0.5984375 0.021875 0.025