2 0.6546875 0.3828125 0.0140625 0.04375
0 0.6546875 0.365625 0.00625 0.00625
2 0.6421875 0.3796875 0.01875 0.0484375
0 0.6453125 0.3609375 0.0078125 0.0078125
2 0.5875 0.434375 0.0515625 0.1109375
0 0.5953125 0.390625 0.0140625 0.01875
2 0.5390625 0.4328125 0.046875 0.1171875
0 0.540625 0.384375 0.015625 0.0171875
2 0.5171875 0.396875 0.01875 0.05
0 0.5171875 0.3765625 0.00625 0.00625
2 0.5 0.3953125 0.0234375 0.053125
0 0.5015625 0.3734375 0.00625 0.0078125
2 0.4890625 0.4 0.0203125 0.046875
0 0.4859375 0.3828125 0.00625 0.00625
2 0.475 0.396875 0.01875 0.05
0 0.475 0.3765625 0.00625 0.0078125
2 0.4453125 0.3921875 0.0171875 0.046875
0 0.4453125 0.375 0.0046875 0.00625
2 0.4328125 0.3890625 0.009375 0.0265625
0 0.4328125 0.378125 0.003125 0.003125
2 0.41875 0.3890625 0.009375 0.028125
0 0.41875 0.378125 0.003125 0.003125
2 0.425 0.39375 0.015625 0.04375
0 0.425 0.3765625 0.00625 0.0078125
2 0.40625 0.384375 0.009375 0.0203125
0 0.40625 0.3765625 0.003125 0.003125
2 0.128125 0.4296875 0.0140625 0.0265625
0 0.1296875 0.421875 0.0046875 0.00625
2 0.134375 0.4328125 0.01875 0.025
0 0.1328125 0.425 0.00625 0.00625