2 0.04375 0.46484375 0.0875 0.4546875
0 0.015625 0.27734375 0.03125 0.0734375
2 0.0765625 0.490625 0.1078125 0.3625
0 0.0890625 0.3421875 0.046875 0.0609375
2 0.2046875 0.490625 0.265625 0.621875
0 0.2046875 0.203125 0.09375 0.046875
2 0.2859375 0.46875 0.165625 0.43125
0 0.3 0.2921875 0.04375 0.0578125
2 0.378125 0.496875 0.134375 0.3515625
0 0.365625 0.3484375 0.040625 0.046875
2 0.3296875 0.4671875 0.125 0.396875
0 0.325 0.3078125 0.0421875 0.0640625
2 0.4046875 0.496875 0.0796875 0.284375
0 0.4046875 0.3765625 0.03125 0.0359375
2 0.45625 0.496875 0.1125 0.3328125
0 0.465625 0.35625 0.0390625 0.0515625
2 0.5125 0.5078125 0.071875 0.30625
0 0.5125 0.3796875 0.0328125 0.04375
2 0.5640625 0.4875 0.1515625 0.378125
0 0.565625 0.328125 0.040625 0.053125
2 0.596875 0.46875 0.14375 0.39375
0 0.575 0.3015625 0.0421875 0.0484375
2 0.6421875 0.4890625 0.075 0.271875
0 0.6421875 0.3734375 0.0265625 0.0359375
2 0.6796875 0.503125 0.1 0.3109375
0 0.6921875 0.371875 0.034375 0.040625
2 0.7375 0.496875 0.1625 0.340625
0 0.75 0.3546875 0.040625 0.0484375
2 0.8078125 0.4921875 0.1125 0.3328125
0 0.79375 0.3546875 0.034375 0.0484375
2 0.7859375 0.4765625 0.09375 0.303125
0 0.7859375 0.346875 0.034375 0.0421875
2 0.9015625 0.4921875 0.13125 0.3203125
0 0.9109375 0.3625 0.0390625 0.0546875
0 0.98125 0.371875 0.0328125 0.040625
2 0.70625 0.503125 0.0796875 0.3078125
0 0.703125 0.371875 0.028125 0.0421875