2 0.05 0.60625 0.1 0.28125
0 0.0484375 0.490625 0.034375 0.040625
2 0.05 0.60625 0.0921875 0.2421875
0 0.0375 0.503125 0.0296875 0.028125
2 0.08125 0.615625 0.075 0.23125
0 0.08125 0.51875 0.03125 0.034375
2 0.1125 0.603125 0.0671875 0.2734375
0 0.10625 0.4875 0.0359375 0.0390625
2 0.2203125 0.609375 0.1453125 0.26875
0 0.225 0.5 0.0359375 0.0375
2 0.2375 0.5875 0.0703125 0.2671875
0 0.2328125 0.4765625 0.0328125 0.0421875
2 0.190625 0.575 0.0984375 0.228125
0 0.2046875 0.478125 0.0265625 0.034375
2 0.340625 0.596875 0.103125 0.2546875
0 0.3171875 0.490625 0.028125 0.0359375
2 0.3640625 0.578125 0.103125 0.2296875
0 0.346875 0.4828125 0.028125 0.03125
2 0.4328125 0.6 0.1265625 0.234375
0 0.425 0.5046875 0.03125 0.034375
2 0.4703125 0.6046875 0.0875 0.2578125
0 0.4609375 0.496875 0.0375 0.0390625
2 0.525 0.596875 0.0828125 0.234375
0 0.525 0.5 0.0296875 0.0328125
2 0.54375 0.59375 0.1203125 0.21875
0 0.525 0.5 0.025 0.0328125
2 0.565625 0.5734375 0.0828125 0.2171875
0 0.5546875 0.4890625 0.028125 0.0375
2 0.6 0.5671875 0.0828125 0.19375
0 0.59375 0.4875 0.0265625 0.028125
2 0.6390625 0.5875 0.11875 0.2359375
0 0.6359375 0.490625 0.034375 0.034375
2 0.6953125 0.571875 0.09375 0.259375
0 0.671875 0.465625 0.03125 0.0359375
2 0.6859375 0.5734375 0.1171875 0.278125
0 0.690625 0.4578125 0.0359375 0.0421875
2 0.7875 0.5828125 0.075 0.265625
0 0.79375 0.471875 0.0359375 0.0328125
2 0.846875 0.58125 0.1015625 0.2109375
0 0.81875 0.49375 0.03125 0.03125
2 0.85 0.5765625 0.1 0.2484375
0 0.846875 0.478125 0.03125 0.0359375
2 0.9125 0.575 0.071875 0.2296875
0 0.9125 0.4796875 0.03125 0.0328125
2 0.9265625 0.578125 0.0484375 0.209375
0 0.9171875 0.49375 0.025 0.028125
0 0.978125 0.4875 0.0328125 0.0375