0 0.7578125 0.3328125 0.090625 0.1234375
2 0.6875 0.51875 0.2109375 0.546875
0 0.68125 0.303125 0.0703125 0.0984375
2 0.5109375 0.546875 0.2515625 0.5203125
0 0.51875 0.3359375 0.0609375 0.0921875
2 0.3484375 0.5203125 0.2921875 0.5140625
0 0.3046875 0.315625 0.0703125 0.0859375
2 0.228125 0.546875 0.19375 0.54375
0 0.253125 0.33125 0.0703125 0.0984375
0 0.0953125 0.3609375 0.078125 0.1171875
2 0.090625 0.54375 0.18125 0.4765625
0 0.090625 0.3453125 0.0640625 0.0734375
2 0.1796875 0.46875 0.1625 0.3984375
0 0.1734375 0.3140625 0.059375 0.0671875
2 0.328125 0.509375 0.175 0.453125
0 0.33125 0.321875 0.0421875 0.059375