2 0.234375 0.821875 0.0296875 0.0796875
0 0.2359375 0.790625 0.009375 0.0125
2 0.2625 0.821875 0.028125 0.078125
0 0.2640625 0.79375 0.0125 0.0140625
2 0.540625 0.8640625 0.10625 0.209375
0 0.5484375 0.775 0.0265625 0.028125
2 0.5671875 0.80625 0.0375 0.071875
0 0.5671875 0.7796875 0.009375 0.0125
2 0.6015625 0.803125 0.0328125 0.0609375
0 0.603125 0.7828125 0.0109375 0.0125
2 0.740625 0.8609375 0.059375 0.1109375
0 0.7390625 0.815625 0.0140625 0.0171875
2 0.7015625 0.8125 0.028125 0.06875
0 0.7 0.7859375 0.009375 0.0125
2 0.7171875 0.8234375 0.028125 0.0890625
0 0.7125 0.7890625 0.009375 0.0125
2 0.7359375 0.825 0.034375 0.0859375
0 0.734375 0.7921875 0.009375 0.0140625
2 0.753125 0.809375 0.028125 0.075
0 0.7515625 0.78125 0.009375 0.0125
2 0.6171875 0.740625 0.0328125 0.0703125
0 0.61875 0.7125 0.009375 0.009375
2 0.6390625 0.7390625 0.025 0.065625
0 0.6390625 0.7125 0.0078125 0.009375
2 0.65 0.7515625 0.0265625 0.06875
0 0.6515625 0.725 0.009375 0.0125
2 0.66875 0.7546875 0.0265625 0.071875
0 0.66875 0.7265625 0.0109375 0.0109375
2 0.6703125 0.74375 0.028125 0.078125
0 0.675 0.715625 0.009375 0.0109375
2 0.6875 0.7546875 0.028125 0.065625
0 0.690625 0.7296875 0.0078125 0.009375
2 0.715625 0.759375 0.0234375 0.065625
0 0.7171875 0.734375 0.0078125 0.009375
2 0.725 0.778125 0.03125 0.06875
0 0.7265625 0.753125 0.009375 0.0125
2 0.7265625 0.759375 0.025 0.0609375
0 0.721875 0.7375 0.0078125 0.0109375
2 0.778125 0.7734375 0.021875 0.05625
0 0.7796875 0.753125 0.009375 0.009375
2 0.7859375 0.76875 0.0234375 0.059375
0 0.7890625 0.7453125 0.0078125 0.009375
2 0.7921875 0.765625 0.028125 0.0578125
0 0.7890625 0.7453125 0.009375 0.0109375
2 0.7984375 0.8109375 0.0328125 0.0609375
0 0.796875 0.7875 0.009375 0.0125
2 0.7953125 0.803125 0.0296875 0.059375
0 0.7984375 0.7875 0.0109375 0.0125
0 0.821875 0.775 0.009375 0.009375