2 0.0375 0.4765625 0.0734375 0.5296875
0 0.015625 0.265625 0.0296875 0.0890625
2 0.0703125 0.48125 0.0609375 0.16875
0 0.0703125 0.4125 0.01875 0.025
2 0.13125 0.4734375 0.078125 0.21875
0 0.1390625 0.3828125 0.0234375 0.0296875
2 0.1890625 0.4703125 0.109375 0.2984375
0 0.1875 0.3484375 0.0359375 0.0421875
2 0.2953125 0.4765625 0.2109375 0.61875
0 0.31875 0.2125 0.078125 0.0921875
2 0.3734375 0.4828125 0.1515625 0.553125
0 0.39375 0.2609375 0.065625 0.096875
2 0.415625 0.4703125 0.0625 0.203125
0 0.425 0.384375 0.0265625 0.0265625
2 0.4453125 0.4671875 0.103125 0.240625
0 0.4453125 0.365625 0.028125 0.03125
2 0.5125 0.4765625 0.128125 0.2984375
0 0.5234375 0.359375 0.0390625 0.04375
2 0.6265625 0.4625 0.2265625 0.4625
0 0.659375 0.2734375 0.05625 0.0765625
0 0.9484375 0.5 0.103125 0.6671875