2 0.08125 0.5515625 0.1140625 0.2984375
0 0.090625 0.425 0.0390625 0.04375
2 0.0921875 0.53125 0.0875 0.2859375
0 0.0953125 0.4109375 0.0453125 0.0390625
2 0.1515625 0.503125 0.0859375 0.26875
0 0.1546875 0.39375 0.046875 0.0484375
2 0.175 0.55 0.125 0.3765625
0 0.1578125 0.3921875 0.0515625 0.053125
2 0.215625 0.534375 0.09375 0.3046875
0 0.215625 0.4046875 0.0421875 0.040625
2 0.246875 0.559375 0.121875 0.15625
0 0.209375 0.503125 0.03125 0.0296875
2 0.1734375 0.5984375 0.1625 0.434375
0 0.1671875 0.415625 0.0546875 0.065625
2 0.353125 0.5515625 0.1046875 0.3390625
0 0.346875 0.4109375 0.0453125 0.0515625
2 0.4078125 0.4765625 0.053125 0.2078125
0 0.403125 0.390625 0.0265625 0.03125
2 0.465625 0.55625 0.134375 0.3890625
0 0.4375 0.390625 0.0421875 0.053125
2 0.6 0.5546875 0.15625 0.3734375
0 0.5875 0.3984375 0.0484375 0.053125
2 0.653125 0.465625 0.078125 0.246875
0 0.6546875 0.3640625 0.028125 0.03125
2 0.6953125 0.6140625 0.1890625 0.465625
0 0.7171875 0.415625 0.075 0.0609375
2 0.7 0.4046875 0.0546875 0.125
0 0.703125 0.3546875 0.01875 0.0234375
2 0.7390625 0.4109375 0.0453125 0.1078125
0 0.7296875 0.371875 0.015625 0.0171875
2 0.7921875 0.46875 0.0828125 0.2328125
0 0.784375 0.3734375 0.0375 0.034375
2 0.8296875 0.496875 0.10625 0.321875
0 0.8296875 0.3578125 0.0375 0.0421875
2 0.8671875 0.4203125 0.05 0.146875
0 0.8703125 0.359375 0.01875 0.021875
2 0.8984375 0.4140625 0.05 0.15
0 0.8953125 0.3515625 0.0203125 0.021875
0 0.978125 0.3609375 0.0234375 0.03125
2 0.9515625 0.41875 0.0375 0.128125
0 0.9546875 0.3640625 0.0203125 0.01875
2 0.9359375 0.4 0.0296875 0.090625
0 0.9375 0.3609375 0.0109375 0.0140625