2 0.896875 0.59375 0.1546875 0.3171875
0 0.896875 0.4828125 0.0328125 0.04375
2 0.7875 0.571875 0.1671875 0.365625
0 0.7796875 0.4578125 0.0328125 0.0390625
2 0.6390625 0.5671875 0.190625 0.3890625
0 0.6359375 0.4125 0.040625 0.0484375
2 0.48125 0.5140625 0.1890625 0.521875
0 0.4890625 0.3703125 0.04375 0.053125
2 0.315625 0.5734375 0.196875 0.3890625
0 0.3125 0.409375 0.0453125 0.059375
2 0.19375 0.5609375 0.16875 0.40625
0 0.190625 0.434375 0.040625 0.0453125
2 0.0953125 0.5859375 0.15 0.34375
0 0.1109375 0.453125 0.0375 0.04375
2 0.1359375 0.590625 0.190625 0.2984375
0 0.10625 0.459375 0.0296875 0.0328125