2 0.0421875 0.6140625 0.084375 0.2046875
0 0.00625 0.53203125 0.0125 0.0265625
2 0.040625 0.5859375 0.08125 0.1234375
0 0.0484375 0.5359375 0.021875 0.0203125
2 0.0140625 0.521875 0.021875 0.0328125
0 0.015625 0.5109375 0.00625 0.00625
2 0.028125 0.5125 0.021875 0.0515625
0 0.028125 0.4921875 0.00625 0.00625
2 0.040625 0.5203125 0.0140625 0.0296875
0 0.0453125 0.509375 0.00625 0.00625
2 0.0546875 0.5171875 0.0203125 0.040625
0 0.0578125 0.5015625 0.00625 0.0046875
2 0.0890625 0.5125 0.0328125 0.06875
0 0.090625 0.484375 0.009375 0.0078125
2 0.109375 0.5296875 0.0296875 0.075
0 0.1109375 0.4984375 0.0140625 0.0125
2 0.11875 0.521875 0.0296875 0.08125
0 0.11875 0.49375 0.0078125 0.0109375
2 0.1328125 0.525 0.0515625 0.090625
0 0.128125 0.4890625 0.0125 0.0140625
2 0.1390625 0.521875 0.028125 0.078125
0 0.1390625 0.490625 0.0109375 0.0125
2 0.1796875 0.50625 0.0171875 0.0421875
0 0.178125 0.490625 0.00625 0.00625
2 0.1625 0.490625 0.0171875 0.0421875
0 0.1640625 0.475 0.0046875 0.00625
2 0.1921875 0.49375 0.0109375 0.0390625
0 0.1921875 0.4796875 0.00625 0.00625
2 0.196875 0.5015625 0.0140625 0.0421875
0 0.196875 0.4859375 0.00625 0.00625
2 0.1921875 0.5234375 0.0203125 0.065625
0 0.190625 0.496875 0.0078125 0.009375
2 0.2140625 0.521875 0.0203125 0.0625
0 0.2171875 0.4953125 0.009375 0.009375
2 0.225 0.51875 0.025 0.0625
0 0.225 0.49375 0.009375 0.009375
2 0.2421875 0.5171875 0.0265625 0.0703125
0 0.240625 0.490625 0.009375 0.009375
2 0.2484375 0.521875 0.040625 0.06875
0 0.2515625 0.4921875 0.0109375 0.0109375
2 0.2453125 0.5 0.0203125 0.05
0 0.2453125 0.4796875 0.00625 0.0078125
2 0.2578125 0.5328125 0.053125 0.096875
0 0.265625 0.49375 0.0140625 0.0140625
2 0.2828125 0.525 0.0515625 0.109375
0 0.2890625 0.48125 0.015625 0.01875
2 0.2734375 0.528125 0.028125 0.078125
0 0.2765625 0.49375 0.0078125 0.009375
2 0.3203125 0.55 0.0578125 0.0890625
0 0.3171875 0.515625 0.0140625 0.015625
2 0.325 0.5125 0.01875 0.0578125
0 0.325 0.4921875 0.0078125 0.00625
2 0.340625 0.5125 0.03125 0.0515625
0 0.3421875 0.4921875 0.00625 0.0078125
2 0.35 0.5109375 0.0265625 0.0578125
0 0.3484375 0.4875 0.00625 0.00625
2 0.325 0.475 0.0125 0.0328125
0 0.3265625 0.4625 0.0046875 0.0046875
2 0.3328125 0.4734375 0.0125 0.03125
0 0.334375 0.4625 0.0046875 0.0046875
2 0.36875 0.4734375 0.0140625 0.0296875
0 0.3671875 0.4625 0.0046875 0.0046875
2 0.378125 0.5265625 0.0359375 0.0796875
0 0.375 0.4921875 0.0078125 0.009375
2 0.39375 0.51875 0.046875 0.0953125
0 0.390625 0.4796875 0.0125 0.0125
2 0.4015625 0.5109375 0.021875 0.0484375
0 0.4 0.490625 0.0078125 0.009375
2 0.4203125 0.50625 0.021875 0.053125
0 0.4234375 0.4859375 0.00625 0.00625
2 0.4265625 0.5109375 0.0328125 0.0515625
0 0.4296875 0.4890625 0.00625 0.0078125
2 0.4640625 0.5515625 0.05 0.08125
0 0.4671875 0.51875 0.0140625 0.0125
2 0.5890625 0.509375 0.028125 0.046875
0 0.59375 0.490625 0.0046875 0.0046875
2 0.603125 0.55625 0.0375 0.05625
0 0.609375 0.5375 0.015625 0.0140625
2 0.609375 0.4765625 0.0109375 0.03125
0 0.6109375 0.465625 0.0046875 0.0046875
2 0.61875 0.4765625 0.0140625 0.03125
0 0.615625 0.4640625 0.0046875 0.0046875
2 0.625 0.4875 0.0140625 0.0390625
0 0.625 0.471875 0.0046875 0.0046875
2 0.6484375 0.5375 0.046875 0.1203125
0 0.65 0.4890625 0.0171875 0.01875
2 0.6984375 0.5515625 0.0328125 0.0921875
0 0.7015625 0.5171875 0.015625 0.01875
2 0.70625 0.4765625 0.0109375 0.015625
0 0.70625 0.471875 0.003125 0.003125
2 0.725 0.478125 0.0125 0.01875
0 0.725 0.4703125 0.0046875 0.003125
2 0.78125 0.571875 0.0890625 0.1375
0 0.7796875 0.5171875 0.021875 0.0234375
2 0.7859375 0.5140625 0.0359375 0.0796875
0 0.78125 0.4828125 0.0125 0.009375
2 0.7890625 0.515625 0.0265625 0.0671875
0 0.7921875 0.4875 0.00625 0.00625
2 0.815625 0.5109375 0.028125 0.084375
0 0.8140625 0.478125 0.0078125 0.0109375
2 0.825 0.5125 0.0265625 0.084375
0 0.821875 0.478125 0.0109375 0.0109375
2 0.840625 0.5234375 0.0359375 0.1140625
0 0.84375 0.4765625 0.015625 0.015625
2 0.8609375 0.5265625 0.046875 0.11875
0 0.8625 0.4765625 0.015625 0.0171875
2 0.8828125 0.5078125 0.0203125 0.05
0 0.884375 0.4890625 0.00625 0.00625
2 0.9 0.534375 0.0546875 0.0890625
0 0.8953125 0.5 0.0125 0.0140625
2 0.89375 0.50625 0.0265625 0.05625
0 0.896875 0.48125 0.00625 0.0046875
2 0.90625 0.525 0.034375 0.0953125
0 0.903125 0.4859375 0.0109375 0.0140625
2 0.9203125 0.5234375 0.040625 0.115625
0 0.9171875 0.4765625 0.0140625 0.0171875
2 0.93125 0.5265625 0.0390625 0.11875
0 0.9296875 0.4765625 0.0140625 0.0140625
2 0.9609375 0.5078125 0.0375 0.0671875
0 0.9609375 0.48125 0.009375 0.0109375
2 0.975 0.5109375 0.0265625 0.046875
0 0.975 0.49375 0.00625 0.0078125
0 0.9953125 0.4859375 0.0078125 0.00625