0 0.8671875 0.7265625 0.05 0.0578125
0 0.3765625 0.759375 0.059375 0.06875
0 0.421875 0.7390625 0.0546875 0.065625
0 0.20625 0.778125 0.0703125 0.084375
0 0.271875 0.75625 0.0609375 0.0671875
0 0.275 0.7546875 0.05 0.0625
0 0.1 0.7125 0.05625 0.059375
2 0.8171875 0.6125 0.1796875 0.16875
0 0.8484375 0.5515625 0.0390625 0.04375
2 0.8046875 0.5625 0.20625 0.2359375
0 0.8046875 0.475 0.0296875 0.0390625
2 0.775 0.546875 0.221875 0.253125
0 0.7765625 0.459375 0.0296875 0.0375
2 0.5703125 0.546875 0.1265625 0.2359375
0 0.5625 0.4703125 0.025 0.0359375
2 0.503125 0.603125 0.284375 0.171875
0 0.490625 0.6578125 0.0296875 0.034375
2 0.45 0.528125 0.1109375 0.2625
0 0.4578125 0.4421875 0.0296875 0.0375
2 0.3515625 0.5609375 0.159375 0.228125
0 0.346875 0.4703125 0.03125 0.034375
2 0.3 0.653125 0.2015625 0.1859375
0 0.23125 0.584375 0.0359375 0.046875
2 0.1875 0.55625 0.25625 0.25625
0 0.184375 0.465625 0.0359375 0.040625
2 0.21875 0.5546875 0.228125 0.2375
0 0.21875 0.4578125 0.028125 0.0375