0 0.9875 0.5359375 0.021875 0.0265625
2 0.925 0.5484375 0.034375 0.0546875
0 0.934375 0.5328125 0.009375 0.0125
2 0.8796875 0.540625 0.0296875 0.0703125
0 0.8828125 0.5140625 0.0078125 0.0109375
0 0.8953125 0.5515625 0.0640625 0.065625
2 0.7890625 0.6046875 0.1109375 0.3375
0 0.7734375 0.465625 0.0375 0.0515625
2 0.7359375 0.578125 0.046875 0.1296875
0 0.7328125 0.525 0.015625 0.01875
2 0.73125 0.5265625 0.0296875 0.0640625
0 0.7296875 0.503125 0.009375 0.0109375
2 0.7125 0.609375 0.034375 0.0875
0 0.709375 0.578125 0.0125 0.0125
2 0.6890625 0.61875 0.0484375 0.11875
0 0.684375 0.575 0.01875 0.0265625
2 0.6796875 0.5765625 0.053125 0.1640625
0 0.678125 0.5109375 0.0203125 0.025
2 0.65625 0.540625 0.0296875 0.0859375
0 0.659375 0.50625 0.009375 0.0125
2 0.6296875 0.53125 0.0234375 0.0671875
0 0.6296875 0.50625 0.0078125 0.0125
2 0.640625 0.5421875 0.046875 0.0890625
0 0.6421875 0.509375 0.0140625 0.01875
2 0.640625 0.540625 0.0296875 0.0515625
0 0.6421875 0.5234375 0.009375 0.0125
2 0.5546875 0.584375 0.1140625 0.2328125
0 0.575 0.4921875 0.0296875 0.0296875
0 0.53125 0.5359375 0.05625 0.06875
2 0.45625 0.5953125 0.0703125 0.1
0 0.4578125 0.5625 0.015625 0.015625
2 0.46875 0.5859375 0.03125 0.0703125
0 0.4703125 0.559375 0.0109375 0.0125
2 0.425 0.54375 0.0203125 0.06875
0 0.421875 0.51875 0.0109375 0.0125
2 0.4359375 0.55 0.03125 0.0890625
0 0.4390625 0.515625 0.0125 0.0171875
2 0.4078125 0.6015625 0.0375 0.109375
0 0.4078125 0.55625 0.015625 0.015625
2 0.353125 0.590625 0.1171875 0.2984375
0 0.34375 0.465625 0.0421875 0.04375
2 0.2734375 0.5328125 0.0203125 0.0734375
0 0.2734375 0.5046875 0.009375 0.0109375
2 0.3 0.603125 0.04375 0.09375
0 0.2984375 0.5703125 0.0140625 0.01875
2 0.19375 0.63125 0.1765625 0.409375
0 0.2078125 0.459375 0.05625 0.06875
2 0.096875 0.5890625 0.0640625 0.1953125
0 0.1171875 0.5171875 0.0234375 0.034375
2 0.03125 0.525 0.0203125 0.0578125
0 0.0328125 0.5046875 0.0109375 0.009375
2 0.0109375 0.5296875 0.021875 0.053125
0 0.0171875 0.5109375 0.009375 0.009375