2 0.028125 0.2640625 0.0296875 0.0859375
0 0.025 0.23125 0.0125 0.0125
2 0.1375 0.2765625 0.04375 0.0859375
0 0.1375 0.2578125 0.00625 0.009375
2 0.1875 0.35625 0.090625 0.2765625
0 0.2046875 0.2421875 0.03125 0.034375
2 0.2390625 0.3109375 0.065625 0.1734375
0 0.2453125 0.2359375 0.01875 0.021875
2 0.30625 0.2859375 0.05 0.1359375
0 0.3125 0.234375 0.01875 0.021875
2 0.3921875 0.4078125 0.1390625 0.4078125
0 0.384375 0.2390625 0.05 0.0640625
2 0.378125 0.3390625 0.078125 0.246875
0 0.3875 0.25 0.0296875 0.025
2 0.3671875 0.3078125 0.0546875 0.16875
0 0.3640625 0.2390625 0.021875 0.021875
2 0.4453125 0.3140625 0.075 0.1609375
0 0.45 0.2453125 0.0203125 0.021875
2 0.4859375 0.471875 0.2265625 0.4515625
0 0.4796875 0.290625 0.053125 0.0796875
2 0.565625 0.3953125 0.128125 0.340625
0 0.5703125 0.2578125 0.040625 0.0484375
2 0.76875 0.3953125 0.1125 0.3140625
0 0.7796875 0.2671875 0.0390625 0.05
2 0.7953125 0.6265625 0.2984375 0.24375
0 0.75 0.5453125 0.065625 0.071875
2 0.79375 0.428125 0.1453125 0.090625
0 0.7453125 0.440625 0.025 0.025
2 0.8296875 0.31875 0.05625 0.15
0 0.834375 0.259375 0.015625 0.0234375