2 0.521875 0.534375 0.2 0.5609375
0 0.540625 0.3 0.0625 0.0828125
2 0.3765625 0.328125 0.071875 0.0890625
0 0.39375 0.296875 0.0203125 0.01875
2 0.440625 0.33125 0.09375 0.1046875
0 0.43125 0.2921875 0.021875 0.021875
2 0.3953125 0.4703125 0.1109375 0.2703125
0 0.403125 0.3546875 0.0328125 0.034375
2 0.7609375 0.3984375 0.121875 0.1359375
0 0.75625 0.353125 0.0265625 0.0375
2 0.7921875 0.45625 0.0875 0.2859375
0 0.7765625 0.3390625 0.0328125 0.04375
2 0.5921875 0.3921875 0.0375 0.1203125
0 0.584375 0.346875 0.01875 0.01875
2 0.665625 0.3953125 0.05 0.128125
0 0.6625 0.34375 0.01875 0.01875
2 0.7234375 0.39375 0.0484375 0.128125
0 0.728125 0.3390625 0.015625 0.01875
0 0.7734375 0.421875 0.065625 0.0859375