0 0.965625 0.4765625 0.0515625 0.053125
0 0.840625 0.4703125 0.075 0.0921875
0 0.709375 0.5625 0.0546875 0.0765625
2 0.6640625 0.53125 0.121875 0.2515625
0 0.665625 0.4296875 0.03125 0.034375
0 0.7171875 0.4921875 0.0484375 0.0640625
0 0.6078125 0.5328125 0.053125 0.065625
0 0.546875 0.5578125 0.0640625 0.0765625
2 0.521875 0.6 0.0703125 0.2515625
0 0.5203125 0.4984375 0.040625 0.0453125
2 0.50625 0.5171875 0.0453125 0.1375
0 0.5046875 0.4671875 0.021875 0.0265625
2 0.4453125 0.6 0.0796875 0.2515625
0 0.453125 0.5 0.0359375 0.0484375
2 0.48125 0.6421875 0.115625 0.3296875
0 0.4859375 0.515625 0.046875 0.0640625
2 0.415625 0.55 0.0765625 0.2109375
0 0.4203125 0.4609375 0.025 0.0265625
0 0.4140625 0.5546875 0.0578125 0.0828125
0 0.3765625 0.5390625 0.0453125 0.065625
0 0.34375 0.515625 0.05 0.0609375
2 0.2890625 0.60625 0.115625 0.3671875
0 0.290625 0.453125 0.040625 0.05
0 0.06875 0.50625 0.0453125 0.0578125
2 0.10625 0.6515625 0.1140625 0.35625
0 0.1125 0.5 0.0453125 0.0546875
0 0.1671875 0.509375 0.040625 0.0546875
0 0.209375 0.5359375 0.059375 0.078125
2 0.1578125 0.584375 0.10625 0.3375
0 0.153125 0.4375 0.040625 0.04375