0 0.046875 0.2765625 0.09375 0.14375
2 0.2109375 0.6125 0.034375 0.075
0 0.2109375 0.5875 0.0078125 0.009375
2 0.2265625 0.6140625 0.0296875 0.065625
0 0.2203125 0.5921875 0.0078125 0.0078125
2 0.30625 0.621875 0.0765625 0.1515625
0 0.3140625 0.5625 0.01875 0.0234375
2 0.3625 0.61875 0.0625 0.134375
0 0.36875 0.5625 0.01875 0.0171875
2 0.39375 0.615625 0.0390625 0.1140625
0 0.4015625 0.5734375 0.0171875 0.01875
2 0.4171875 0.615625 0.025 0.0984375
0 0.415625 0.5765625 0.0125 0.0125
2 0.4328125 0.64375 0.0375 0.0484375
0 0.446875 0.625 0.0109375 0.0109375
0 0.8734375 0.45625 0.0484375 0.053125
0 0.70625 0.3296875 0.078125 0.0828125
0 0.559375 0.3859375 0.065625 0.0765625
2 0.265625 0.6265625 0.1125 0.284375
0 0.2765625 0.5140625 0.0296875 0.0359375