2 0.640625 0.7515625 0.021875 0.0703125
0 0.6453125 0.7234375 0.0078125 0.009375
2 0.6609375 0.753125 0.025 0.06875
0 0.65625 0.7234375 0.0078125 0.0078125
2 0.74375 0.759375 0.028125 0.08125
0 0.740625 0.7265625 0.009375 0.0109375
2 0.7203125 0.8109375 0.0703125 0.153125
0 0.7125 0.746875 0.0203125 0.0234375
2 0.5703125 0.7671875 0.0328125 0.090625
0 0.5640625 0.7296875 0.009375 0.0109375
2 0.5359375 0.771875 0.03125 0.08125
0 0.5375 0.7390625 0.0109375 0.0125
2 0.503125 0.7890625 0.0640625 0.153125
0 0.50625 0.7234375 0.01875 0.021875
2 0.2640625 0.8078125 0.0625 0.1609375
0 0.271875 0.740625 0.0203125 0.0234375
2 0.2421875 0.7953125 0.0421875 0.1453125
0 0.246875 0.7328125 0.0171875 0.01875
2 0.2296875 0.7734375 0.034375 0.096875
0 0.234375 0.7328125 0.0125 0.0140625
2 0.2125 0.7625 0.0296875 0.09375
0 0.215625 0.721875 0.015625 0.0125
2 0.209375 0.759375 0.0265625 0.090625
0 0.215625 0.721875 0.0140625 0.0125
2 0.1953125 0.7671875 0.0140625 0.103125
0 0.1921875 0.7234375 0.00625 0.0109375