2 0.0390625 0.503125 0.0765625 0.2953125
0 0.0140625 0.3765625 0.028125 0.04375
2 0.0390625 0.4171875 0.028125 0.084375
0 0.0328125 0.384375 0.0109375 0.0109375
2 0.0546875 0.4140625 0.0296875 0.09375
0 0.0515625 0.375 0.0125 0.0125
2 0.08125 0.4796875 0.10625 0.259375
0 0.0734375 0.36875 0.03125 0.03125
2 0.1171875 0.5203125 0.11875 0.325
0 0.1015625 0.3828125 0.040625 0.046875
2 0.1359375 0.4328125 0.034375 0.1109375
0 0.1359375 0.3890625 0.0171875 0.01875
2 0.1296875 0.421875 0.034375 0.1140625
0 0.13125 0.375 0.0171875 0.0171875
2 0.15 0.4484375 0.053125 0.1578125
0 0.1484375 0.3875 0.0234375 0.0265625
2 0.159375 0.4359375 0.0375 0.14375
0 0.1640625 0.378125 0.0171875 0.0203125
2 0.18125 0.403125 0.01875 0.0515625
0 0.178125 0.384375 0.009375 0.0109375
2 0.1921875 0.403125 0.021875 0.06875
0 0.190625 0.375 0.0078125 0.0109375
2 0.2046875 0.4 0.0296875 0.06875
0 0.2 0.375 0.0078125 0.0078125
2 0.209375 0.4046875 0.0265625 0.065625
0 0.2078125 0.3796875 0.009375 0.0109375
2 0.2375 0.4546875 0.0734375 0.1921875
0 0.2296875 0.3765625 0.028125 0.0328125
2 0.2890625 0.4015625 0.025 0.06875
0 0.2890625 0.3734375 0.0109375 0.0109375
2 0.3046875 0.3984375 0.0203125 0.0546875
0 0.3046875 0.3765625 0.0078125 0.0109375
2 0.2921875 0.428125 0.0328125 0.1109375
0 0.290625 0.384375 0.015625 0.0203125
2 0.3515625 0.4109375 0.0265625 0.090625
0 0.35 0.3796875 0.0125 0.015625
2 0.365625 0.396875 0.01875 0.059375
0 0.36875 0.3734375 0.0078125 0.009375
2 0.36875 0.4328125 0.0421875 0.125
0 0.3734375 0.38125 0.0171875 0.0171875
2 0.4234375 0.446875 0.0453125 0.1328125
0 0.421875 0.3921875 0.01875 0.021875
2 0.4265625 0.4375 0.046875 0.128125
0 0.428125 0.384375 0.0171875 0.0203125
2 0.484375 0.4140625 0.0234375 0.0828125
0 0.4875 0.38125 0.0109375 0.0140625
2 0.48125 0.4359375 0.034375 0.1078125
0 0.4796875 0.3921875 0.015625 0.021875
2 0.5 0.428125 0.03125 0.121875
0 0.503125 0.3765625 0.0140625 0.015625
2 0.5640625 0.4546875 0.0390625 0.1734375
0 0.56875 0.3859375 0.0234375 0.0296875
2 0.5953125 0.434375 0.053125 0.1578125
0 0.5953125 0.3671875 0.01875 0.025
2 0.603125 0.45625 0.0546875 0.165625
0 0.6015625 0.390625 0.0203125 0.025
2 0.6078125 0.465625 0.0609375 0.1796875
0 0.615625 0.39375 0.028125 0.0296875
2 0.628125 0.403125 0.0234375 0.071875
0 0.6265625 0.375 0.0109375 0.0140625
2 0.6890625 0.384375 0.0109375 0.025
0 0.6875 0.375 0.00625 0.00625
2 0.709375 0.384375 0.0109375 0.0265625
0 0.7078125 0.375 0.0046875 0.00625
2 0.7125 0.4203125 0.0265625 0.0890625
0 0.7140625 0.3859375 0.009375 0.0109375
2 0.7203125 0.4234375 0.034375 0.1203125
0 0.725 0.375 0.0140625 0.0171875
2 0.7984375 0.384375 0.015625 0.0328125
0 0.7984375 0.371875 0.00625 0.00625
2 0.7890625 0.3890625 0.0109375 0.034375
0 0.7875 0.378125 0.0078125 0.009375
2 0.78125 0.4015625 0.025 0.0671875
0 0.78125 0.375 0.0125 0.015625
2 0.8203125 0.4140625 0.0390625 0.1140625
0 0.825 0.3671875 0.015625 0.015625
2 0.8265625 0.4125 0.0328125 0.0890625
0 0.828125 0.384375 0.015625 0.021875
2 0.853125 0.43125 0.04375 0.115625
0 0.8515625 0.3859375 0.01875 0.0203125
2 0.8953125 0.3890625 0.01875 0.0453125
0 0.8984375 0.371875 0.009375 0.009375
2 0.965625 0.3953125 0.021875 0.053125
0 0.965625 0.3734375 0.0078125 0.0078125
2 0.98125 0.4046875 0.025 0.06875
0 0.98125 0.3765625 0.0109375 0.0125
0 0.9953125 0.375 0.0078125 0.009375
2 0.7984375 0.5515625 0.0890625 0.35
0 0.8125 0.40625 0.0453125 0.053125
2 0.8671875 0.4953125 0.0765625 0.2546875
0 0.875 0.39375 0.034375 0.0375
2 0.8875 0.4890625 0.059375 0.2265625
0 0.9015625 0.3953125 0.028125 0.03125
2 0.8875 0.546875 0.040625 0.125
0 0.8890625 0.4953125 0.021875 0.0203125
2 0.9125 0.4734375 0.04375 0.184375
0 0.915625 0.4 0.0265625 0.03125
2 0.95625 0.484375 0.0875 0.20625
0 0.9640625 0.3984375 0.0203125 0.0328125
0 0.946875 0.4 0.0375 0.0421875
2 0.2046875 0.584375 0.184375 0.5265625
0 0.2546875 0.3640625 0.0625 0.08125
0 0.20625 0.440625 0.059375 0.071875
2 0.3421875 0.5953125 0.134375 0.440625
0 0.3265625 0.4109375 0.05 0.0703125
2 0.384375 0.525 0.0984375 0.35625
0 0.39375 0.378125 0.046875 0.059375
2 0.453125 0.559375 0.1125 0.4
0 0.45625 0.39375 0.0453125 0.0609375
0 0.378125 0.4390625 0.05625 0.078125
2 0.515625 0.625 0.165625 0.48125
0 0.509375 0.4234375 0.0546875 0.075
2 0.54375 0.5265625 0.109375 0.346875
0 0.5390625 0.3875 0.04375 0.0546875
2 0.653125 0.621875 0.1828125 0.440625
0 0.6265625 0.4484375 0.05625 0.0796875
2 0.709375 0.56875 0.2046875 0.4109375
0 0.6671875 0.3953125 0.04375 0.0609375
2 0.7671875 0.58125 0.1140625 0.4375
0 0.7578125 0.4 0.0484375 0.065625
2 0.6765625 0.765625 0.153125 0.2140625
0 0.6578125 0.70625 0.0515625 0.05625