2 0.7421875 0.5484375 0.159375 0.3734375
0 0.7390625 0.3953125 0.040625 0.0484375
2 0.71875 0.496875 0.10625 0.2203125
0 0.728125 0.4140625 0.025 0.0234375
2 0.771875 0.496875 0.0984375 0.23125
0 0.775 0.4046875 0.028125 0.0296875
2 0.8765625 0.50625 0.10625 0.1453125
0 0.896875 0.45 0.028125 0.028125
0 0.98125 0.4390625 0.0234375 0.025
2 0.95625 0.4203125 0.028125 0.0765625
0 0.9578125 0.390625 0.0109375 0.0125
2 0.9421875 0.4546875 0.0375 0.078125
0 0.94375 0.425 0.0140625 0.0171875
2 0.925 0.4734375 0.071875 0.1015625
0 0.921875 0.434375 0.025 0.0234375
2 0.903125 0.4609375 0.0515625 0.0875
0 0.8984375 0.428125 0.01875 0.021875
2 0.9 0.428125 0.0265625 0.0640625
0 0.9046875 0.4015625 0.0078125 0.0078125
2 0.8796875 0.415625 0.025 0.05
0 0.8828125 0.3953125 0.0078125 0.00625
2 0.8796875 0.440625 0.0265625 0.0640625
0 0.878125 0.415625 0.0109375 0.0125
2 0.86875 0.459375 0.0390625 0.090625
0 0.86875 0.425 0.015625 0.01875
2 0.8234375 0.4390625 0.0359375 0.1046875
0 0.8265625 0.3984375 0.0125 0.015625
2 0.675 0.459375 0.04375 0.075
0 0.675 0.4328125 0.0125 0.0171875
2 0.653125 0.453125 0.0390625 0.0671875
0 0.6546875 0.428125 0.009375 0.0125
2 0.64375 0.4484375 0.0390625 0.0703125
0 0.6421875 0.4234375 0.009375 0.0125
2 0.5734375 0.45625 0.0578125 0.13125
0 0.571875 0.4 0.015625 0.01875
2 0.5203125 0.453125 0.05 0.1421875
0 0.521875 0.39375 0.0140625 0.015625
2 0.496875 0.41875 0.0171875 0.0453125
0 0.4984375 0.4015625 0.0046875 0.00625
2 0.4921875 0.4140625 0.015625 0.0390625
0 0.49375 0.3984375 0.0046875 0.00625
2 0.475 0.421875 0.0140625 0.040625
0 0.475 0.40625 0.0046875 0.00625
2 0.4609375 0.4203125 0.0171875 0.0390625
0 0.4609375 0.403125 0.0046875 0.0046875
2 0.4328125 0.446875 0.0609375 0.1078125
0 0.440625 0.4015625 0.0125 0.0140625
2 0.4171875 0.453125 0.0328125 0.096875
0 0.4171875 0.4140625 0.0125 0.0125
2 0.384375 0.434375 0.025 0.0484375
0 0.38125 0.4171875 0.009375 0.009375
2 0.3125 0.428125 0.0234375 0.0546875
0 0.309375 0.40625 0.0078125 0.00625
2 0.340625 0.4171875 0.015625 0.0359375
0 0.3421875 0.4015625 0.0046875 0.0046875
2 0.3328125 0.415625 0.0109375 0.0296875
0 0.3296875 0.4046875 0.0046875 0.0046875
2 0.2515625 0.440625 0.0421875 0.0875
0 0.2453125 0.40625 0.0125 0.0125
2 0.2125 0.4484375 0.05625 0.10625
0 0.215625 0.403125 0.015625 0.0140625
2 0.1921875 0.4265625 0.01875 0.05
0 0.1921875 0.4078125 0.00625 0.0078125
2 0.15 0.4546875 0.05 0.1078125
0 0.146875 0.409375 0.015625 0.0171875
2 0.103125 0.4578125 0.0390625 0.1125
0 0.0953125 0.4140625 0.015625 0.015625
2 0.0265625 0.4453125 0.0375 0.0859375
0 0.0296875 0.409375 0.0109375 0.0125
2 0.2375 0.5375 0.1203125 0.1796875
0 0.25 0.4734375 0.0359375 0.04375