2 0.1421875 0.6515625 0.09375 0.378125
0 0.14375 0.490625 0.05625 0.053125
2 0.1609375 0.6265625 0.065625 0.2734375
0 0.1703125 0.5125 0.03125 0.0375
2 0.215625 0.65 0.0828125 0.3125
0 0.221875 0.515625 0.05 0.040625
2 0.278125 0.659375 0.16875 0.4265625
0 0.2765625 0.4734375 0.0546875 0.05
2 0.3015625 0.65 0.1234375 0.3671875
0 0.2953125 0.4953125 0.0375 0.0375
2 0.315625 0.596875 0.078125 0.2765625
0 0.3203125 0.478125 0.0328125 0.0375
0 0.3828125 0.4984375 0.0484375 0.0578125
2 0.40625 0.609375 0.084375 0.275
0 0.4171875 0.490625 0.0375 0.03125
2 0.4765625 0.615625 0.075 0.259375
0 0.4703125 0.5046875 0.0375 0.0328125
2 0.565625 0.5984375 0.121875 0.2640625
0 0.5625 0.484375 0.034375 0.0296875
2 0.571875 0.58125 0.0796875 0.246875
0 0.571875 0.478125 0.028125 0.0328125
2 0.6390625 0.6140625 0.08125 0.26875
0 0.640625 0.5 0.034375 0.0359375
2 0.825 0.5375 0.13125 0.31875
0 0.790625 0.4390625 0.0390625 0.04375
2 0.2390625 0.6140625 0.0953125 0.296875
0 0.2375 0.490625 0.04375 0.040625