2 0.2078125 0.675 0.03125 0.096875
0 0.209375 0.6359375 0.009375 0.0125
2 0.234375 0.671875 0.03125 0.090625
0 0.2390625 0.6359375 0.0109375 0.0125
2 0.2640625 0.671875 0.0296875 0.0953125
0 0.2671875 0.6328125 0.009375 0.0125
2 0.228125 0.728125 0.059375 0.18125
0 0.234375 0.6546875 0.0234375 0.0296875
2 0.33125 0.6828125 0.0453125 0.128125
0 0.3390625 0.628125 0.015625 0.015625
2 0.321875 0.6453125 0.0203125 0.05625
0 0.3265625 0.6234375 0.009375 0.009375
2 0.3546875 0.6609375 0.0234375 0.078125
0 0.35625 0.63125 0.0109375 0.0109375
2 0.365625 0.6703125 0.0328125 0.08125
0 0.371875 0.6375 0.0109375 0.0125
2 0.36875 0.6421875 0.0203125 0.0546875
0 0.36875 0.621875 0.0078125 0.009375
2 0.3796875 0.6625 0.021875 0.071875
0 0.38125 0.634375 0.0109375 0.0109375
2 0.390625 0.6796875 0.0328125 0.1109375
0 0.3953125 0.6328125 0.0140625 0.0171875
2 0.403125 0.6390625 0.0171875 0.040625
0 0.403125 0.6234375 0.0046875 0.00625
2 0.41875 0.6671875 0.0328125 0.1
0 0.4171875 0.625 0.0109375 0.0109375
2 0.403125 0.69375 0.04375 0.1140625
0 0.409375 0.6453125 0.0109375 0.0140625
2 0.4359375 0.6515625 0.01875 0.0546875
0 0.4359375 0.6296875 0.0078125 0.009375
2 0.453125 0.6578125 0.0234375 0.0640625
0 0.4515625 0.6296875 0.0109375 0.009375
2 0.428125 0.6421875 0.01875 0.0484375
0 0.428125 0.625 0.0078125 0.009375
2 0.4609375 0.675 0.0375 0.109375
0 0.459375 0.6296875 0.0125 0.0125
2 0.4421875 0.7109375 0.0484375 0.1453125
0 0.4453125 0.6484375 0.015625 0.0171875
2 0.4828125 0.6734375 0.0296875 0.0828125
0 0.4859375 0.6390625 0.0078125 0.009375
2 0.5140625 0.6671875 0.0328125 0.08125
0 0.5203125 0.6328125 0.009375 0.0109375
2 0.5 0.70625 0.053125 0.1578125
0 0.49375 0.6390625 0.0171875 0.0171875
2 0.5390625 0.678125 0.04375 0.1140625
0 0.5375 0.6296875 0.0125 0.015625
2 0.5578125 0.6703125 0.034375 0.1
0 0.5546875 0.6265625 0.0125 0.0125
2 0.575 0.68125 0.0359375 0.109375
0 0.5765625 0.634375 0.0109375 0.0140625
2 0.5953125 0.7015625 0.0546875 0.140625
0 0.5875 0.6421875 0.015625 0.0171875
2 0.6109375 0.678125 0.0296875 0.1
0 0.6125 0.6375 0.0125 0.015625
2 0.6328125 0.68125 0.0375 0.10625
0 0.6328125 0.6421875 0.0109375 0.0140625
2 0.6546875 0.6734375 0.0390625 0.109375
0 0.6484375 0.628125 0.0125 0.015625
2 0.721875 0.6875 0.0359375 0.140625
0 0.7234375 0.6265625 0.0171875 0.01875