2 0.79375 0.49375 0.025 0.0484375
0 0.7921875 0.471875 0.00625 0.00625
2 0.6765625 0.5671875 0.2453125 0.5125
0 0.6953125 0.35625 0.065625 0.075
2 0.38125 0.4984375 0.0421875 0.1203125
0 0.3796875 0.446875 0.0125 0.0171875
2 0.359375 0.4984375 0.0328125 0.1109375
0 0.3609375 0.4515625 0.0140625 0.0140625
2 0.3296875 0.5046875 0.053125 0.128125
0 0.3265625 0.45 0.0140625 0.0140625
2 0.29375 0.4890625 0.0359375 0.090625
0 0.2953125 0.45 0.0109375 0.0109375
2 0.2609375 0.4859375 0.053125 0.1203125
0 0.2609375 0.4359375 0.0140625 0.0203125
2 0.2265625 0.4828125 0.03125 0.09375
0 0.2296875 0.44375 0.0109375 0.0109375
2 0.2296875 0.4890625 0.03125 0.0921875
0 0.23125 0.4515625 0.009375 0.0125
2 0.2078125 0.4921875 0.0390625 0.09375
0 0.209375 0.45625 0.0140625 0.015625
2 0.240625 0.509375 0.0578125 0.128125
0 0.2421875 0.4546875 0.015625 0.0171875
2 0.196875 0.5046875 0.0640625 0.1640625
0 0.1921875 0.440625 0.0203125 0.0234375
2 0.1234375 0.5203125 0.1390625 0.3390625
0 0.1265625 0.38125 0.0359375 0.0453125
2 0.0703125 0.496875 0.0453125 0.125
0 0.0640625 0.4484375 0.0109375 0.0125
2 0.04375 0.490625 0.05 0.1078125
0 0.0484375 0.4515625 0.0140625 0.015625
2 0.01875 0.4890625 0.0375 0.15
0 0.00625 0.434375 0.0109375 0.021875