0 0.125 0.6015625 0.04375 0.0453125
0 0.1859375 0.6 0.0375 0.0453125
0 0.2234375 0.6921875 0.0578125 0.0703125
0 0.3015625 0.646875 0.0390625 0.053125
0 0.35625 0.665625 0.0421875 0.0515625
0 0.2421875 0.5734375 0.0328125 0.040625
0 0.3046875 0.59375 0.0296875 0.0328125
2 0.3390625 0.6796875 0.075 0.2203125
0 0.334375 0.590625 0.0296875 0.034375
2 0.3359375 0.65625 0.075 0.246875
0 0.33125 0.553125 0.0296875 0.0359375
0 0.390625 0.6015625 0.0296875 0.0421875
0 0.41875 0.5640625 0.0296875 0.0390625
2 0.446875 0.6578125 0.078125 0.2609375
0 0.453125 0.546875 0.028125 0.034375
2 0.5 0.6671875 0.084375 0.259375
0 0.4890625 0.5578125 0.028125 0.0359375
2 0.521875 0.678125 0.0734375 0.2484375
0 0.525 0.5734375 0.028125 0.034375
0 0.5140625 0.640625 0.0328125 0.0421875
0 0.534375 0.7140625 0.0328125 0.0484375
0 0.6125 0.6984375 0.0359375 0.0484375
0 0.690625 0.7375 0.040625 0.0515625
0 0.575 0.6625 0.0328125 0.0390625
2 0.58125 0.6625 0.0734375 0.2359375
0 0.5875 0.5625 0.0296875 0.034375
2 0.640625 0.6765625 0.06875 0.234375
0 0.6375 0.5765625 0.025 0.0296875
2 0.6609375 0.6859375 0.0625 0.225
0 0.646875 0.59375 0.0296875 0.0375
0 0.6796875 0.5515625 0.0328125 0.040625
0 0.66875 0.5890625 0.0328125 0.040625
0 0.7015625 0.571875 0.0375 0.046875
0 0.803125 0.559375 0.0453125 0.059375
0 0.8703125 0.590625 0.040625 0.0515625
2 0.053125 0.546875 0.009375 0.021875
0 0.053125 0.5390625 0.003125 0.003125
2 0.125 0.546875 0.009375 0.01875
0 0.1265625 0.540625 0.003125 0.0015625