2 0.415625 0.790625 0.0625 0.1375
0 0.4140625 0.7359375 0.015625 0.0203125
2 0.4953125 0.740625 0.0203125 0.05625
0 0.496875 0.71875 0.00625 0.00625
2 0.5078125 0.7421875 0.01875 0.0546875
0 0.509375 0.7203125 0.00625 0.0078125
2 0.440625 0.734375 0.021875 0.0359375
0 0.446875 0.721875 0.0078125 0.0078125
2 0.45 0.7390625 0.01875 0.0265625
0 0.45 0.7390625 0.01875 0.0265625
2 0.55 0.7234375 0.0125 0.025
0 0.5484375 0.7140625 0.003125 0.003125
2 0.540625 0.721875 0.009375 0.0203125
0 0.540625 0.7140625 0.003125 0.003125
2 0.5296875 0.725 0.009375 0.021875
0 0.528125 0.71875 0.003125 0.003125
2 0.5578125 0.721875 0.009375 0.01875
0 0.55625 0.7140625 0.0015625 0.003125
2 0.571875 0.7140625 0.0078125 0.015625
0 0.5734375 0.709375 0.003125 0.003125
2 0.528125 0.7171875 0.0109375 0.021875
0 0.528125 0.7078125 0.003125 0.003125