0 0.184375 0.553125 0.053125 0.059375
0 0.1328125 0.5671875 0.046875 0.0515625
2 0.775 0.653125 0.078125 0.2078125
0 0.7796875 0.565625 0.0234375 0.025
0 0.990625 0.5703125 0.0140625 0.015625
2 0.921875 0.6109375 0.03125 0.078125
0 0.9203125 0.578125 0.0125 0.009375
2 0.8390625 0.584375 0.015625 0.0390625
0 0.8375 0.571875 0.00625 0.00625
2 0.8546875 0.584375 0.015625 0.04375
0 0.8578125 0.565625 0.0078125 0.00625
2 0.8671875 0.5875 0.01875 0.046875
0 0.86875 0.56875 0.0109375 0.0078125
2 0.8890625 0.5921875 0.0234375 0.0625
0 0.8890625 0.5671875 0.009375 0.0109375
2 0.9046875 0.59375 0.01875 0.0625
0 0.90625 0.5671875 0.0078125 0.0078125
2 0.875 0.584375 0.015625 0.04375
0 0.878125 0.5671875 0.0078125 0.0078125
2 0.8078125 0.5921875 0.0234375 0.059375
0 0.8078125 0.56875 0.009375 0.009375
2 0.696875 0.59375 0.025 0.0609375
0 0.696875 0.56875 0.009375 0.009375
2 0.6625 0.5875 0.0265625 0.053125
0 0.6609375 0.5671875 0.0078125 0.0078125
2 0.5515625 0.5875 0.021875 0.053125
0 0.553125 0.56875 0.00625 0.00625
2 0.5671875 0.5875 0.01875 0.05
0 0.5671875 0.56875 0.00625 0.00625
2 0.409375 0.5875 0.0234375 0.0625
0 0.4125 0.5625 0.0078125 0.009375
2 0.428125 0.584375 0.025 0.0703125
0 0.428125 0.55625 0.0078125 0.009375
2 0.334375 0.5859375 0.025 0.0625
0 0.3328125 0.5609375 0.009375 0.009375
2 0.315625 0.5859375 0.0203125 0.0609375
0 0.315625 0.5625 0.0078125 0.009375
2 0.2984375 0.5921875 0.0171875 0.05
0 0.296875 0.575 0.00625 0.00625
2 0.284375 0.5875 0.021875 0.059375
0 0.2859375 0.565625 0.00625 0.009375
2 0.26875 0.5828125 0.01875 0.05625
0 0.2671875 0.559375 0.009375 0.00625
2 0.2546875 0.584375 0.015625 0.053125
0 0.253125 0.565625 0.00625 0.009375
2 0.0078125 0.578125 0.015625 0.0578125
0 0.0109375 0.55625 0.0078125 0.009375
2 0.01875 0.578125 0.01875 0.0578125
0 0.01875 0.553125 0.0078125 0.00625
2 0.0265625 0.5796875 0.025 0.0578125
0 0.03125 0.55625 0.0078125 0.009375
2 0.040625 0.58125 0.0171875 0.059375
0 0.05 0.55625 0.00625 0.0078125
2 0.0484375 0.5796875 0.015625 0.059375
0 0.05 0.55625 0.00625 0.00625
2 0.065625 0.5796875 0.0171875 0.0609375
0 0.0671875 0.5578125 0.009375 0.009375
2 0.078125 0.584375 0.0265625 0.059375
0 0.078125 0.559375 0.0078125 0.0109375
2 0.4640625 0.5796875 0.015625 0.040625
0 0.465625 0.5640625 0.00625 0.00625
2 0.475 0.5796875 0.015625 0.0375
0 0.478125 0.565625 0.0046875 0.00625
2 0.490625 0.578125 0.015625 0.04375
0 0.490625 0.5609375 0.0046875 0.00625
2 0.5015625 0.58125 0.015625 0.0359375
0 0.503125 0.56875 0.0046875 0.00625