0 0.1765625 0.43125 0.1015625 0.1203125
0 0.0265625 0.3359375 0.053125 0.1171875
0 0.1578125 0.315625 0.0703125 0.0859375
0 0.3015625 0.3515625 0.06875 0.0921875
0 0.3578125 0.3984375 0.065625 0.084375
2 0.4328125 0.5640625 0.1359375 0.41875
0 0.4328125 0.390625 0.053125 0.0625
2 0.475 0.578125 0.16875 0.503125
0 0.5 0.3671875 0.0515625 0.06875
0 0.6171875 0.3703125 0.05625 0.0765625
0 0.709375 0.3109375 0.0828125 0.1046875
0 0.890625 0.378125 0.1046875 0.1375
0 0.909375 0.290625 0.103125 0.1265625
2 0.5515625 0.4859375 0.0890625 0.2234375
0 0.5515625 0.390625 0.0203125 0.0203125