0 0.165625 0.546875 0.08125 0.1046875
0 0.3453125 0.5609375 0.08125 0.121875
0 0.640625 0.521875 0.0921875 0.1515625
0 0.8609375 0.528125 0.0765625 0.0953125
0 0.121875 0.521875 0.046875 0.075
0 0.0671875 0.45625 0.0484375 0.0578125
2 0.2734375 0.4671875 0.0453125 0.0828125
0 0.278125 0.434375 0.0109375 0.0109375
2 0.1703125 0.4546875 0.040625 0.0921875
0 0.171875 0.4265625 0.0109375 0.0140625
0 0.290625 0.5421875 0.0578125 0.0828125
0 0.5 0.4859375 0.078125 0.1015625
0 0.5359375 0.4828125 0.046875 0.071875
0 0.6765625 0.484375 0.0640625 0.0859375
0 0.728125 0.50625 0.059375 0.0765625
0 0.75625 0.4765625 0.0546875 0.0578125
0 0.9328125 0.490625 0.0671875 0.0796875
0 0.96875 0.446875 0.0453125 0.059375