2 0.053125 0.6875 0.10625 0.234375
0 0.0890625 0.5890625 0.025 0.025
2 0.09375 0.69375 0.1796875 0.2640625
0 0.146875 0.578125 0.028125 0.0296875
2 0.225 0.7296875 0.0578125 0.140625
0 0.2375 0.6703125 0.0171875 0.0203125
2 0.31875 0.7203125 0.0828125 0.1640625
0 0.3296875 0.65 0.015625 0.0171875
2 0.3734375 0.753125 0.0390625 0.0953125
0 0.378125 0.715625 0.0140625 0.015625
2 0.4203125 0.7375 0.0484375 0.1265625
0 0.41875 0.68125 0.0140625 0.0140625
2 0.471875 0.7609375 0.025 0.0625
0 0.4734375 0.7390625 0.0078125 0.0078125