2 0.153125 0.55 0.153125 0.4359375
0 0.1578125 0.3765625 0.05 0.0625
2 0.2421875 0.5 0.1234375 0.3765625
0 0.2390625 0.3453125 0.0421875 0.0546875
2 0.2828125 0.4984375 0.121875 0.365625
0 0.2859375 0.353125 0.0484375 0.05625
2 0.29375 0.571875 0.1296875 0.3734375
0 0.2921875 0.421875 0.046875 0.0625
2 0.378125 0.53125 0.1328125 0.4328125
0 0.3640625 0.35625 0.0484375 0.0609375
2 0.353125 0.478125 0.1484375 0.4265625
0 0.33125 0.309375 0.05 0.06875
2 0.4 0.4703125 0.125 0.4203125
0 0.3828125 0.29375 0.046875 0.053125
2 0.4765625 0.49375 0.15 0.4640625
0 0.45625 0.2953125 0.0515625 0.0640625
2 0.49375 0.45625 0.10625 0.325
0 0.4828125 0.334375 0.0375 0.046875
2 0.5171875 0.409375 0.0671875 0.2
0 0.521875 0.3421875 0.0390625 0.046875
2 0.51875 0.5578125 0.11875 0.3359375
0 0.5078125 0.4234375 0.05 0.059375
2 0.5984375 0.56875 0.1140625 0.3140625
0 0.590625 0.4453125 0.04375 0.0546875
2 0.6140625 0.5109375 0.1640625 0.4109375
0 0.584375 0.346875 0.0421875 0.059375
2 0.65625 0.4234375 0.0921875 0.1890625
0 0.65 0.3515625 0.0421875 0.04375
2 0.6734375 0.4609375 0.15625 0.3796875
0 0.640625 0.3 0.040625 0.0453125
2 0.721875 0.4859375 0.15625 0.446875
0 0.715625 0.2984375 0.053125 0.0671875
2 0.7984375 0.4984375 0.146875 0.4015625
0 0.7859375 0.3375 0.0453125 0.0515625
2 0.8171875 0.45625 0.146875 0.3734375
0 0.7984375 0.2953125 0.04375 0.04375
2 0.8640625 0.484375 0.1796875 0.415625
0 0.8515625 0.3140625 0.05 0.0578125
2 0.8796875 0.63125 0.2046875 0.25625
0 0.8546875 0.5359375 0.0546875 0.0609375
0 0.94375 0.30625 0.046875 0.05