2 0.028125 0.5453125 0.05625 0.234375
0 0.009375 0.4515625 0.01875 0.0421875
2 0.04375 0.534375 0.071875 0.225
0 0.0484375 0.4453125 0.028125 0.0328125
2 0.0421875 0.5078125 0.075 0.2046875
0 0.0421875 0.4234375 0.028125 0.0328125
0 0.178125 0.390625 0.0625 0.059375
0 0.34375 0.4140625 0.059375 0.075
0 0.459375 0.4 0.05 0.0703125
2 0.403125 0.55625 0.1328125 0.4234375
0 0.4046875 0.3796875 0.0484375 0.059375
2 0.6 0.5234375 0.1125 0.253125
0 0.5859375 0.4328125 0.0515625 0.0671875
0 0.603125 0.365625 0.05625 0.0734375
0 0.734375 0.5203125 0.0640625 0.084375
2 0.728125 0.515625 0.1015625 0.2609375
0 0.7265625 0.421875 0.0515625 0.0671875
0 0.796875 0.43125 0.0640625 0.0734375
0 0.9203125 0.4890625 0.0609375 0.0703125
0 0.8609375 0.3921875 0.059375 0.071875
2 0.7140625 0.51875 0.1265625 0.3546875
0 0.71875 0.3765625 0.0515625 0.0640625