2 0.0890625 0.5234375 0.0921875 0.1390625
0 0.0984375 0.4734375 0.03125 0.0328125
2 0.178125 0.51875 0.1109375 0.140625
0 0.15625 0.4671875 0.0234375 0.03125
2 0.0546875 0.4125 0.0296875 0.1
0 0.0546875 0.371875 0.0140625 0.0171875
2 0.103125 0.453125 0.053125 0.1640625
0 0.1046875 0.3859375 0.021875 0.028125
2 0.228125 0.428125 0.040625 0.1078125
0 0.2296875 0.38125 0.0140625 0.0125
2 0.234375 0.446875 0.04375 0.1109375
0 0.2359375 0.403125 0.0140625 0.0171875
2 0.259375 0.4671875 0.065625 0.1546875
0 0.25625 0.4015625 0.0171875 0.0140625
2 0.284375 0.4671875 0.04375 0.0625
0 0.29375 0.45 0.0125 0.0171875
2 0.35625 0.421875 0.034375 0.040625
0 0.3578125 0.4078125 0.009375 0.009375
2 0.4140625 0.49375 0.06875 0.1890625
0 0.4078125 0.4171875 0.025 0.028125
2 0.4421875 0.4265625 0.0296875 0.1
0 0.4375 0.3859375 0.0125 0.015625
2 0.4609375 0.4234375 0.034375 0.1078125
0 0.4578125 0.3796875 0.015625 0.0171875
2 0.496875 0.484375 0.0609375 0.190625
0 0.50625 0.40625 0.0265625 0.0296875
2 0.35 0.334375 0.015625 0.034375
0 0.3515625 0.321875 0.00625 0.00625
2 0.3875 0.3375 0.015625 0.03125
0 0.3859375 0.328125 0.0046875 0.00625
2 0.403125 0.3421875 0.0140625 0.0328125
0 0.4015625 0.33125 0.0046875 0.00625
2 0.459375 0.3734375 0.021875 0.0453125
0 0.459375 0.3578125 0.00625 0.0078125
2 0.5015625 0.3765625 0.01875 0.05
0 0.5 0.3578125 0.009375 0.009375
2 0.521875 0.3828125 0.0234375 0.0484375
0 0.5265625 0.3640625 0.00625 0.0078125
2 0.5375 0.3890625 0.025 0.0578125
0 0.5375 0.365625 0.0078125 0.0078125
2 0.528125 0.425 0.034375 0.084375
0 0.5265625 0.390625 0.0125 0.0125
2 0.4671875 0.415625 0.04375 0.0953125
0 0.4578125 0.3796875 0.015625 0.015625
2 0.5578125 0.415625 0.0265625 0.0734375
0 0.5546875 0.3875 0.0109375 0.0140625
2 0.5640625 0.41875 0.0234375 0.0859375
0 0.5671875 0.3859375 0.0109375 0.0140625
2 0.58125 0.41875 0.0234375 0.06875
0 0.575 0.3921875 0.0078125 0.009375
2 0.578125 0.396875 0.01875 0.0546875
0 0.578125 0.3765625 0.00625 0.009375
2 0.6109375 0.3890625 0.03125 0.059375
0 0.61875 0.365625 0.0078125 0.0078125
2 0.628125 0.3921875 0.01875 0.0484375
0 0.6265625 0.3734375 0.0078125 0.009375
2 0.6375 0.440625 0.05625 0.134375
0 0.64375 0.384375 0.0171875 0.01875
2 0.6546875 0.4296875 0.03125 0.103125
0 0.653125 0.3828125 0.009375 0.0109375
2 0.684375 0.4234375 0.021875 0.04375
0 0.68125 0.4078125 0.00625 0.0046875
2 0.584375 0.3765625 0.0203125 0.040625
0 0.584375 0.3609375 0.0078125 0.0078125
2 0.5578125 0.3703125 0.0234375 0.0453125
0 0.55625 0.353125 0.0078125 0.0078125
2 0.5234375 0.3578125 0.01875 0.03125
0 0.5265625 0.3484375 0.00625 0.00625
2 0.69375 0.3546875 0.01875 0.0390625
0 0.6953125 0.340625 0.00625 0.00625
2 0.7 0.3625 0.0140625 0.028125
0 0.7015625 0.353125 0.00625 0.00625
2 0.5625 0.3453125 0.0140625 0.034375
0 0.5625 0.3328125 0.0046875 0.00625
2 0.5109375 0.3453125 0.015625 0.028125
0 0.509375 0.3359375 0.0046875 0.0046875
2 0.4734375 0.3484375 0.0171875 0.0375
0 0.475 0.334375 0.0046875 0.003125
2 0.425 0.3625 0.0125 0.0390625
0 0.425 0.3484375 0.00625 0.0078125
2 0.4515625 0.334375 0.0140625 0.0234375
0 0.4515625 0.3265625 0.0046875 0.0046875
2 0.4515625 0.3578125 0.0140625 0.0421875
0 0.4515625 0.340625 0.0078125 0.0078125
2 0.425 0.3796875 0.0171875 0.0390625
0 0.4234375 0.3625 0.0046875 0.0046875
2 0.4359375 0.3796875 0.01875 0.0390625
0 0.4375 0.3671875 0.00625 0.0078125
2 0.4578125 0.3484375 0.015625 0.0390625
0 0.4578125 0.3359375 0.00625 0.0078125
2 0.4609375 0.3390625 0.0171875 0.0359375
0 0.465625 0.3296875 0.0046875 0.0046875
2 0.4828125 0.3375 0.015625 0.028125
0 0.48125 0.328125 0.0046875 0.00625
2 0.6078125 0.3640625 0.015625 0.04375
0 0.609375 0.346875 0.0046875 0.0046875
2 0.7484375 0.3875 0.021875 0.0546875
0 0.7484375 0.3671875 0.0078125 0.0078125
2 0.7203125 0.4046875 0.028125 0.0421875
0 0.721875 0.3921875 0.0078125 0.0109375
2 0.7359375 0.44375 0.0453125 0.1203125
0 0.74375 0.3953125 0.0140625 0.0171875
2 0.7640625 0.3984375 0.0265625 0.0375
0 0.765625 0.3859375 0.0078125 0.009375
2 0.7640625 0.5125 0.0828125 0.2546875
0 0.7671875 0.4046875 0.0265625 0.0296875
2 0.79375 0.54375 0.1046875 0.303125
0 0.7796875 0.415625 0.03125 0.04375
2 0.815625 0.5171875 0.0828125 0.228125
0 0.803125 0.4171875 0.0265625 0.028125
2 0.8515625 0.5078125 0.06875 0.209375
0 0.8453125 0.421875 0.0265625 0.0328125
2 0.84375 0.45 0.0453125 0.1296875
0 0.83125 0.396875 0.0171875 0.01875
2 0.89375 0.5625 0.115625 0.13125
0 0.9328125 0.5171875 0.0234375 0.0359375
2 0.9484375 0.425 0.03125 0.090625
0 0.946875 0.3875 0.0125 0.0125
2 0.971875 0.43125 0.0390625 0.090625
0 0.971875 0.3921875 0.009375 0.0109375
2 0.5765625 0.4921875 0.0515625 0.1390625
0 0.5765625 0.45 0.03125 0.0328125
2 0.596875 0.553125 0.0953125 0.275
0 0.6109375 0.4421875 0.0328125 0.04375