2 0.7671875 0.4921875 0.296875 0.6921875
0 0.6734375 0.1921875 0.0703125 0.0828125
2 0.596875 0.521875 0.253125 0.603125
0 0.578125 0.2546875 0.065625 0.0578125
2 0.5046875 0.559375 0.14375 0.5078125
0 0.4875 0.3359375 0.046875 0.0546875
2 0.371875 0.6109375 0.1109375 0.3171875
0 0.39375 0.484375 0.0390625 0.0390625
2 0.284375 0.56875 0.153125 0.475
0 0.3140625 0.3578125 0.0515625 0.0515625
2 0.096875 0.5953125 0.19375 0.38125
0 0.1421875 0.43125 0.0375 0.04375
0 0.9765625 0.496875 0.0359375 0.0375
0 0.9625 0.5671875 0.021875 0.025
2 0.9421875 0.68125 0.0453125 0.0890625
0 0.9328125 0.646875 0.0140625 0.0140625
2 0.8578125 0.6828125 0.04375 0.0890625
0 0.85625 0.6484375 0.0109375 0.015625
2 0.6171875 0.7 0.0265625 0.0703125
0 0.615625 0.671875 0.0109375 0.0125
2 0.4421875 0.6953125 0.040625 0.0953125
0 0.4390625 0.6578125 0.0109375 0.0140625
2 0.36875 0.6984375 0.0328125 0.0875
0 0.371875 0.6640625 0.0109375 0.0140625
2 0.2546875 0.6765625 0.0453125 0.1609375
0 0.2546875 0.6109375 0.01875 0.01875
2 0.225 0.6890625 0.0359375 0.11875
0 0.225 0.640625 0.0125 0.0171875
2 0.2078125 0.6875 0.0453125 0.125
0 0.209375 0.6359375 0.0171875 0.021875
2 0.1640625 0.6921875 0.0390625 0.103125
0 0.171875 0.6515625 0.0140625 0.0171875
2 0.14375 0.684375 0.0484375 0.1234375
0 0.14375 0.634375 0.0140625 0.015625
2 0.0390625 0.690625 0.05625 0.121875
0 0.040625 0.6390625 0.0109375 0.0125
2 0.053125 0.690625 0.0875 0.115625
0 0.078125 0.640625 0.01875 0.0140625