2 0.05 0.5625 0.1 0.45
0 0.046875 0.3796875 0.059375 0.075
2 0.1609375 0.5640625 0.1640625 0.45625
0 0.1984375 0.375 0.053125 0.071875
2 0.26875 0.5546875 0.175 0.490625
0 0.2796875 0.35 0.053125 0.0703125
2 0.40625 0.5625 0.140625 0.4609375
0 0.396875 0.375 0.05 0.0703125
2 0.4921875 0.5625 0.23125 0.475
0 0.5109375 0.36875 0.0515625 0.071875
2 0.6265625 0.5671875 0.2140625 0.4484375
0 0.6078125 0.3875 0.053125 0.075
2 0.703125 0.5515625 0.1734375 0.4859375
0 0.73125 0.35625 0.0484375 0.0734375
2 0.8375 0.565625 0.190625 0.490625
0 0.828125 0.3640625 0.0484375 0.0734375
2 0.9234375 0.578125 0.146875 0.459375
0 0.9296875 0.396875 0.05 0.075