2 0.9265625 0.278125 0.0421875 0.11875
0 0.928125 0.2234375 0.015625 0.0078125
2 0.9609375 0.2578125 0.0390625 0.078125
0 0.953125 0.2203125 0.0078125 0.003125
2 0.846875 0.3140625 0.059375 0.175
0 0.8546875 0.2421875 0.0265625 0.0296875
2 0.8203125 0.3015625 0.05 0.146875
0 0.8203125 0.2390625 0.01875 0.0203125
2 0.8046875 0.2828125 0.046875 0.1265625
0 0.809375 0.228125 0.015625 0.0171875
2 0.7828125 0.28125 0.03125 0.096875
0 0.7828125 0.246875 0.0125 0.0171875
2 0.75625 0.3015625 0.053125 0.1625
0 0.75 0.2328125 0.01875 0.021875
2 0.721875 0.265625 0.0375 0.09375
0 0.7265625 0.2296875 0.015625 0.0203125
2 0.7421875 0.35 0.0984375 0.190625
0 0.721875 0.2734375 0.034375 0.0328125
2 0.8140625 0.3890625 0.1046875 0.225
0 0.8046875 0.296875 0.034375 0.0375
2 0.6921875 0.2859375 0.028125 0.078125
0 0.69375 0.2546875 0.0140625 0.0140625
2 0.6828125 0.3234375 0.0390625 0.1140625
0 0.6859375 0.2796875 0.0203125 0.0234375
2 0.659375 0.3640625 0.08125 0.23125
0 0.6640625 0.2625 0.0265625 0.028125
2 0.88125 0.434375 0.0984375 0.159375
0 0.8734375 0.371875 0.028125 0.03125
0 0.8578125 0.425 0.0625 0.0796875
2 0.746875 0.5125 0.1125 0.325
0 0.7296875 0.378125 0.0421875 0.053125
2 0.7015625 0.46875 0.1203125 0.3140625
0 0.7109375 0.3390625 0.0359375 0.0484375
2 0.6109375 0.3859375 0.0515625 0.140625
0 0.6140625 0.33125 0.01875 0.025
2 0.571875 0.3546875 0.0515625 0.1390625
0 0.584375 0.3 0.0171875 0.0265625
2 0.578125 0.56875 0.146875 0.275
0 0.578125 0.45625 0.0375 0.0453125
2 0.5078125 0.496875 0.0953125 0.19375
0 0.5109375 0.421875 0.028125 0.040625
2 0.3984375 0.5734375 0.0875 0.24375
0 0.396875 0.4890625 0.0265625 0.025
2 0.3203125 0.628125 0.125 0.2359375
0 0.321875 0.53125 0.040625 0.040625
2 0.14375 0.496875 0.140625 0.3859375
0 0.14375 0.3390625 0.05 0.0578125
2 0.503125 0.3515625 0.0765625 0.128125
0 0.496875 0.2984375 0.0171875 0.021875
2 0.484375 0.3453125 0.053125 0.1109375
0 0.4828125 0.303125 0.01875 0.0234375
2 0.43125 0.328125 0.0578125 0.171875
0 0.4328125 0.25625 0.021875 0.028125
2 0.634375 0.2625 0.05 0.0890625
0 0.6390625 0.221875 0.0125 0.00625
2 0.5609375 0.2515625 0.0234375 0.065625
0 0.5609375 0.2203125 0.0078125 0.003125
2 0.6078125 0.2703125 0.0390625 0.065625
0 0.60625 0.246875 0.0125 0.0125
2 0.53125 0.284375 0.059375 0.1296875
0 0.5296875 0.221875 0.0140625 0.00625
2 0.490625 0.259375 0.040625 0.08125
0 0.4890625 0.2203125 0.0078125 0.0046875
2 0.3984375 0.3125 0.046875 0.1578125
0 0.3984375 0.25 0.01875 0.0234375
2 0.384375 0.275 0.0328125 0.1125
0 0.3828125 0.221875 0.0125 0.00625
2 0.3984375 0.25 0.0515625 0.0625
0 0.4 0.2234375 0.0140625 0.0078125
2 0.34375 0.278125 0.04375 0.11875
0 0.334375 0.225 0.01875 0.0125
2 0.29375 0.2796875 0.0546875 0.1234375
0 0.29375 0.2234375 0.0140625 0.009375
2 0.24375 0.28125 0.040625 0.1234375
0 0.24375 0.225 0.015625 0.0125
2 0.2609375 0.2703125 0.0359375 0.1015625
0 0.2546875 0.221875 0.0109375 0.0078125
2 0.2 0.275 0.0265625 0.1109375
0 0.196875 0.2296875 0.015625 0.015625
2 0.1609375 0.2734375 0.04375 0.1078125
0 0.159375 0.2234375 0.0125 0.0109375
2 0.09375 0.2609375 0.034375 0.0859375
0 0.0921875 0.2203125 0.0078125 0.0046875
2 0.121875 0.2859375 0.0421875 0.134375
0 0.11875 0.2328125 0.021875 0.0265625
2 0.115625 0.340625 0.059375 0.14375
0 0.1203125 0.278125 0.015625 0.0125
2 0.0359375 0.26875 0.053125 0.1
0 0.028125 0.221875 0.0109375 0.0046875
2 0.065625 0.265625 0.028125 0.0953125
0 0.0640625 0.221875 0.0125 0.00625
2 0.5765625 0.296875 0.0390625 0.08125
0 0.5796875 0.2671875 0.0125 0.0125