0 0.70625 0.5453125 0.0765625 0.1125
2 0.315625 0.715625 0.3109375 0.478125
0 0.38125 0.54375 0.075 0.1140625
2 0.5484375 0.7328125 0.24375 0.4453125
0 0.5546875 0.584375 0.0921875 0.128125
2 0.609375 0.521875 0.2484375 0.5296875
0 0.60625 0.3125 0.075 0.1015625
2 0.478125 0.5140625 0.184375 0.5046875
0 0.4421875 0.309375 0.071875 0.084375
2 0.2984375 0.50625 0.2421875 0.5609375
0 0.328125 0.284375 0.071875 0.1015625
2 0.6296875 0.390625 0.1 0.346875
0 0.6421875 0.2484375 0.034375 0.0453125
2 0.75625 0.3984375 0.159375 0.3828125
0 0.759375 0.240625 0.0390625 0.0515625
2 0.7125 0.384375 0.15 0.4296875
0 0.740625 0.2 0.053125 0.059375
2 0.2375 0.403125 0.146875 0.3421875
0 0.2109375 0.2625 0.0515625 0.0484375
2 0.35 0.3640625 0.115625 0.3
0 0.3453125 0.25 0.04375 0.0640625