2 0.396875 0.471875 0.2515625 0.6375
0 0.3875 0.209375 0.0640625 0.0890625
2 0.603125 0.496875 0.2765625 0.71875
0 0.6125 0.196875 0.090625 0.103125
2 0.775 0.3171875 0.053125 0.1734375
0 0.778125 0.246875 0.021875 0.0265625
2 0.4234375 0.315625 0.0578125 0.178125
0 0.425 0.24375 0.01875 0.025
2 0.48125 0.2875 0.034375 0.084375
0 0.4859375 0.2546875 0.0140625 0.0140625
2 0.5078125 0.2890625 0.0296875 0.0875
0 0.5046875 0.25625 0.0109375 0.0140625
2 0.51875 0.2953125 0.0453125 0.1109375
0 0.521875 0.2484375 0.0140625 0.0140625
2 0.5421875 0.2859375 0.03125 0.096875
0 0.5453125 0.2484375 0.0109375 0.0125