0 0.734375 0.6375 0.0390625 0.040625
2 0.634375 0.7171875 0.09375 0.290625
0 0.628125 0.5953125 0.040625 0.040625
0 0.5578125 0.5515625 0.0421875 0.0453125
2 0.4046875 0.6875 0.1046875 0.2765625
0 0.4015625 0.575 0.034375 0.0390625
2 0.4859375 0.6625 0.0828125 0.221875
0 0.4921875 0.5703125 0.0234375 0.03125
2 0.309375 0.6796875 0.090625 0.30625
0 0.309375 0.5453125 0.0296875 0.0328125
2 0.23125 0.6765625 0.0921875 0.2421875
0 0.240625 0.578125 0.025 0.0328125
2 0.1640625 0.671875 0.1125 0.2609375
0 0.165625 0.565625 0.0328125 0.040625
2 0.29375 0.646875 0.071875 0.2046875
0 0.2921875 0.5609375 0.0234375 0.03125
2 0.3375 0.6515625 0.0671875 0.2015625
0 0.3234375 0.5703125 0.0234375 0.028125
2 0.346875 0.625 0.05 0.165625
0 0.34375 0.5578125 0.01875 0.0265625
2 0.4453125 0.61875 0.04375 0.15625
0 0.44375 0.553125 0.01875 0.01875
2 0.4671875 0.625 0.0421875 0.14375
0 0.4640625 0.5671875 0.01875 0.0203125
2 0.50625 0.6234375 0.0609375 0.1765625
0 0.496875 0.55 0.0234375 0.0265625
2 0.65 0.6078125 0.03125 0.096875
0 0.653125 0.56875 0.0078125 0.0109375
2 0.7 0.6015625 0.0328125 0.0953125
0 0.7015625 0.5609375 0.0109375 0.0109375
2 0.7265625 0.60625 0.0328125 0.0859375
0 0.7265625 0.571875 0.009375 0.009375
2 0.759375 0.609375 0.028125 0.1328125
0 0.7578125 0.5546875 0.015625 0.01875
2 0.7984375 0.590625 0.021875 0.05625
0 0.7984375 0.56875 0.0078125 0.009375
2 0.775 0.5921875 0.0171875 0.0484375
0 0.775 0.571875 0.0078125 0.0078125
2 0.228125 0.6671875 0.05 0.2140625
0 0.228125 0.578125 0.0171875 0.025
2 0.2171875 0.6515625 0.0640625 0.21875
0 0.225 0.5625 0.025 0.034375
2 0.1875 0.6265625 0.034375 0.140625
0 0.1859375 0.56875 0.01875 0.0203125
2 0.04375 0.6265625 0.0421875 0.16875
0 0.0390625 0.5578125 0.0203125 0.025
2 0.13125 0.60625 0.025 0.0828125
0 0.134375 0.575 0.0125 0.015625
2 0.1140625 0.575 0.028125 0.0671875
0 0.1125 0.546875 0.009375 0.009375
2 0.1265625 0.55625 0.0265625 0.053125
0 0.1265625 0.5359375 0.0078125 0.0078125
2 0.128125 0.584375 0.0203125 0.078125
0 0.1296875 0.553125 0.0109375 0.0109375
2 0.915625 0.659375 0.05 0.15625
0 0.9265625 0.596875 0.021875 0.025