0 0.590625 0.4921875 0.0984375 0.1078125
0 0.3265625 0.3765625 0.103125 0.1453125
0 0.4875 0.3515625 0.1125 0.1265625
2 0.9265625 0.51875 0.103125 0.184375
0 0.915625 0.4421875 0.0234375 0.028125
2 0.8671875 0.4546875 0.0734375 0.109375
0 0.85625 0.409375 0.015625 0.015625
2 0.846875 0.459375 0.04375 0.0890625
0 0.8421875 0.4234375 0.0109375 0.015625
2 0.796875 0.471875 0.0328125 0.053125
0 0.7890625 0.453125 0.009375 0.0109375
2 0.6640625 0.4734375 0.021875 0.059375
0 0.665625 0.45 0.0109375 0.0109375
2 0.70625 0.4421875 0.0421875 0.1078125
0 0.7109375 0.3984375 0.0140625 0.015625
2 0.5890625 0.4265625 0.0609375 0.1296875
0 0.5875 0.371875 0.0140625 0.0171875
2 0.50625 0.446875 0.0296875 0.0765625
0 0.5078125 0.4171875 0.0109375 0.0109375
2 0.153125 0.515625 0.1015625 0.15625
0 0.1578125 0.4609375 0.0234375 0.03125
2 0.0484375 0.496875 0.075 0.15
0 0.0515625 0.4359375 0.025 0.0234375
2 0.0234375 0.5 0.0390625 0.140625
0 0.0296875 0.44375 0.021875 0.021875