2 0.046875 0.7328125 0.065625 0.1390625
0 0.05625 0.675 0.0171875 0.0203125
2 0.1328125 0.7390625 0.05 0.11875
0 0.1390625 0.6875 0.0171875 0.015625
2 0.2875 0.7359375 0.0453125 0.128125
0 0.29375 0.68125 0.0140625 0.0171875
2 0.3203125 0.7390625 0.0421875 0.1140625
0 0.3265625 0.690625 0.0140625 0.0140625
2 0.3734375 0.7390625 0.05625 0.1421875
0 0.38125 0.6796875 0.015625 0.0171875
2 0.4265625 0.7453125 0.0421875 0.1265625
0 0.425 0.6921875 0.0171875 0.0140625
2 0.4546875 0.6828125 0.009375 0.021875
0 0.45625 0.675 0.003125 0.003125
2 0.4625 0.6828125 0.009375 0.021875
0 0.4625 0.6734375 0.003125 0.003125
2 0.4703125 0.6828125 0.009375 0.021875
0 0.4703125 0.6765625 0.003125 0.003125
2 0.4703125 0.6828125 0.0078125 0.021875
0 0.4703125 0.6734375 0.003125 0.003125
2 0.478125 0.684375 0.0078125 0.021875
0 0.48125 0.675 0.003125 0.003125
2 0.484375 0.6828125 0.009375 0.021875
0 0.484375 0.6765625 0.003125 0.0046875
2 0.49375 0.6984375 0.0140625 0.040625
0 0.49375 0.6828125 0.00625 0.00625
2 0.521875 0.6984375 0.0171875 0.040625
0 0.51875 0.6828125 0.0046875 0.00625
2 0.5453125 0.7015625 0.021875 0.0484375
0 0.5484375 0.6828125 0.00625 0.00625
2 0.5640625 0.6953125 0.015625 0.0359375
0 0.5625 0.68125 0.0046875 0.0046875
2 0.5796875 0.703125 0.0171875 0.0453125
0 0.58125 0.6859375 0.00625 0.00625
2 0.5890625 0.709375 0.0140625 0.0375
0 0.5890625 0.69375 0.0046875 0.0046875
2 0.64375 0.6953125 0.0234375 0.0328125
0 0.64375 0.684375 0.00625 0.00625
0 0.7953125 0.6890625 0.01875 0.01875
2 0.8875 0.7265625 0.0515625 0.09375
0 0.884375 0.690625 0.015625 0.0140625
2 0.9609375 0.7453125 0.0484375 0.146875
0 0.9625 0.684375 0.015625 0.0171875