2 0.0234375 0.6359375 0.0171875 0.0421875
0 0.021875 0.61875 0.0046875 0.0046875
2 0.009375 0.6359375 0.01875 0.0421875
0 0.0125 0.6203125 0.0078125 0.0078125
2 0.1296875 0.6515625 0.0203125 0.059375
0 0.13125 0.628125 0.0078125 0.0078125
2 0.2671875 0.6109375 0.0109375 0.0234375
0 0.2640625 0.6 0.003125 0.003125
2 0.28125 0.6109375 0.009375 0.0203125
0 0.28125 0.603125 0.003125 0.003125
2 0.30625 0.603125 0.0125 0.028125
0 0.30625 0.5921875 0.003125 0.003125
2 0.2984375 0.603125 0.0125 0.03125
0 0.2984375 0.590625 0.003125 0.003125
2 0.31875 0.6078125 0.0171875 0.028125
0 0.31875 0.596875 0.003125 0.003125
2 0.296875 0.6375 0.0203125 0.040625
0 0.2953125 0.621875 0.00625 0.00625
2 0.2984375 0.646875 0.01875 0.0515625
0 0.2984375 0.6265625 0.0046875 0.00625
2 0.315625 0.65 0.0171875 0.0453125
0 0.315625 0.6328125 0.0046875 0.0046875
2 0.328125 0.6484375 0.0203125 0.053125
0 0.3265625 0.6265625 0.00625 0.00625
2 0.35 0.6484375 0.0203125 0.0484375
0 0.3484375 0.6296875 0.0046875 0.0078125
2 0.34375 0.6296875 0.0203125 0.040625
0 0.3453125 0.6125 0.0046875 0.0046875
2 0.3578125 0.63125 0.01875 0.0421875
0 0.3578125 0.6125 0.0046875 0.0046875
2 0.3828125 0.628125 0.0171875 0.040625
0 0.3828125 0.6125 0.0046875 0.00625
2 0.3640625 0.615625 0.0109375 0.0234375
0 0.3640625 0.60625 0.0046875 0.0046875
2 0.359375 0.6109375 0.0109375 0.028125
0 0.3578125 0.6 0.003125 0.003125
2 0.346875 0.6125 0.0140625 0.03125
0 0.346875 0.5984375 0.003125 0.003125
2 0.3671875 0.6078125 0.0109375 0.0265625
0 0.3671875 0.596875 0.003125 0.0046875
2 0.375 0.6125 0.0109375 0.0296875
0 0.375 0.6 0.003125 0.0046875
2 0.3859375 0.6109375 0.0125 0.03125
0 0.3875 0.5984375 0.003125 0.0046875
2 0.378125 0.6046875 0.0109375 0.028125
0 0.378125 0.59375 0.003125 0.003125
2 0.36875 0.6046875 0.009375 0.028125
0 0.36875 0.59375 0.003125 0.003125
2 0.3734375 0.60625 0.009375 0.025
0 0.3765625 0.596875 0.003125 0.0046875
2 0.3640625 0.6015625 0.0078125 0.0203125
0 0.3640625 0.5921875 0.003125 0.003125
2 0.35625 0.603125 0.0109375 0.0234375
0 0.3578125 0.59375 0.003125 0.0046875
2 0.3515625 0.603125 0.0078125 0.021875
0 0.3515625 0.5953125 0.003125 0.003125
2 0.346875 0.6046875 0.0078125 0.025
0 0.3484375 0.59375 0.003125 0.003125
2 0.359375 0.6015625 0.00625 0.0234375
0 0.3609375 0.5921875 0.003125 0.003125
2 0.378125 0.5953125 0.009375 0.01875
0 0.3765625 0.5875 0.0015625 0.0015625
2 0.371875 0.5953125 0.0078125 0.01875
0 0.371875 0.5875 0.003125 0.003125
2 0.3390625 0.590625 0.0046875 0.0125
0 0.3390625 0.5859375 0.0015625 0.0015625
2 0.3515625 0.5875 0.0046875 0.0125
0 0.3515625 0.5828125 0.0015625 0.0015625
2 0.3875 0.603125 0.0109375 0.025
0 0.3875 0.59375 0.003125 0.003125
2 0.4 0.615625 0.0109375 0.0328125
0 0.4 0.603125 0.0046875 0.0046875
2 0.40625 0.609375 0.009375 0.025
0 0.40625 0.5984375 0.003125 0.003125
2 0.4125 0.6140625 0.015625 0.034375
0 0.4109375 0.6015625 0.003125 0.0046875
2 0.415625 0.6125 0.009375 0.0296875
0 0.415625 0.6 0.003125 0.0046875
2 0.421875 0.609375 0.0125 0.0296875
0 0.421875 0.596875 0.003125 0.003125
2 0.4265625 0.609375 0.009375 0.0234375
0 0.4265625 0.6015625 0.003125 0.003125
2 0.43125 0.609375 0.009375 0.0265625
0 0.4328125 0.6 0.003125 0.003125
2 0.4390625 0.6078125 0.009375 0.028125
0 0.4390625 0.596875 0.003125 0.0046875
2 0.3921875 0.596875 0.0078125 0.0203125
0 0.3921875 0.5890625 0.0015625 0.0015625
2 0.3953125 0.59375 0.0078125 0.0203125
0 0.396875 0.5859375 0.003125 0.003125
2 0.390625 0.59375 0.0078125 0.0203125
0 0.390625 0.5859375 0.003125 0.003125
2 0.4015625 0.59375 0.00625 0.015625
0 0.4015625 0.5875 0.0015625 0.0015625
2 0.4078125 0.59375 0.009375 0.0171875
0 0.4078125 0.5875 0.0015625 0.0015625
2 0.409375 0.5921875 0.0078125 0.015625
0 0.4078125 0.5859375 0.0015625 0.0015625
2 0.4140625 0.59375 0.0078125 0.0171875
0 0.4140625 0.5859375 0.0015625 0.0015625
2 0.4171875 0.590625 0.00625 0.0171875
0 0.4171875 0.5859375 0.003125 0.0015625
2 0.421875 0.5890625 0.00625 0.0140625
0 0.421875 0.584375 0.0015625 0.003125
2 0.425 0.5875 0.0046875 0.015625
0 0.4265625 0.58125 0.003125 0.003125
2 0.403125 0.584375 0.00625 0.0140625
0 0.403125 0.5796875 0.003125 0.003125
2 0.4234375 0.5765625 0.0046875 0.0140625
0 0.425 0.5703125 0.0015625 0.0015625
2 0.55625 0.6140625 0.00625 0.01875
0 0.55625 0.6078125 0.003125 0.003125
2 0.5578125 0.6109375 0.0078125 0.021875
0 0.5578125 0.603125 0.003125 0.003125
2 0.5671875 0.6109375 0.0109375 0.0265625
0 0.5671875 0.6 0.0046875 0.0046875
2 0.6109375 0.609375 0.009375 0.028125
0 0.6125 0.5984375 0.003125 0.003125
2 0.6125 0.609375 0.0109375 0.0296875
0 0.6125 0.596875 0.003125 0.003125
2 0.628125 0.6109375 0.0109375 0.0265625
0 0.6296875 0.6 0.003125 0.0046875
2 0.6328125 0.6046875 0.0140625 0.0265625
0 0.6328125 0.59375 0.0046875 0.003125
2 0.6453125 0.60625 0.015625 0.025
0 0.6421875 0.596875 0.003125 0.003125
2 0.640625 0.603125 0.0125 0.0296875
0 0.640625 0.590625 0.003125 0.003125
2 0.65625 0.60625 0.0140625 0.0265625
0 0.6546875 0.596875 0.003125 0.0046875
2 0.603125 0.5859375 0.00625 0.015625
0 0.603125 0.58125 0.0015625 0.0015625
2 0.59375 0.5875 0.0046875 0.015625
0 0.59375 0.58125 0.0015625 0.0015625
2 0.5984375 0.5859375 0.0046875 0.015625
0 0.5984375 0.5796875 0.0015625 0.0015625
2 0.5703125 0.5859375 0.00625 0.015625
0 0.56875 0.5796875 0.003125 0.0015625
2 0.578125 0.5875 0.00625 0.0140625
0 0.578125 0.5828125 0.0015625 0.003125
2 0.5828125 0.5859375 0.00625 0.0140625
0 0.5828125 0.58125 0.0015625 0.003125
2 0.5859375 0.5859375 0.0046875 0.0125
0 0.5859375 0.58125 0.0015625 0.0015625
2 0.5921875 0.5734375 0.00625 0.0125
0 0.5921875 0.56875 0.0015625 0.0015625