0 0.1125 0.2875 0.0796875 0.0890625
2 0.19375 0.3875 0.1078125 0.26875
0 0.184375 0.2984375 0.0515625 0.0625
2 0.278125 0.4453125 0.1078125 0.3203125
0 0.2765625 0.321875 0.053125 0.065625
0 0.25625 0.421875 0.0578125 0.078125
2 0.371875 0.5453125 0.1296875 0.3671875
0 0.3609375 0.403125 0.0484375 0.059375
0 0.39375 0.4375 0.0546875 0.075
0 0.5171875 0.421875 0.075 0.103125
2 0.590625 0.5484375 0.1578125 0.4578125
0 0.59375 0.3609375 0.0578125 0.075
2 0.6390625 0.4734375 0.159375 0.4453125
0 0.646875 0.3 0.053125 0.0828125
0 0.71875 0.35625 0.05625 0.0875
0 0.853125 0.275 0.071875 0.0921875