2 0.040625 0.434375 0.046875 0.15625
0 0.04375 0.36875 0.01875 0.021875
2 0.303125 0.4109375 0.034375 0.103125
0 0.3 0.3671875 0.0125 0.015625
2 0.3125 0.4265625 0.040625 0.115625
0 0.3109375 0.375 0.0140625 0.0140625
2 0.35 0.4171875 0.03125 0.1140625
0 0.3578125 0.36875 0.0125 0.015625
2 0.371875 0.41875 0.034375 0.1265625
0 0.375 0.365625 0.0140625 0.015625
2 0.375 0.428125 0.0390625 0.1203125
0 0.3765625 0.3765625 0.0125 0.0125
2 0.4296875 0.5140625 0.1078125 0.3515625
0 0.43125 0.36875 0.0421875 0.05
0 0.5515625 0.1984375 0.1984375 0.225
0 0.1703125 0.3234375 0.146875 0.175
0 0.225 0.346875 0.08125 0.1140625
0 0.03125 0.3671875 0.0609375 0.128125