2 0.1875 0.5921875 0.1015625 0.134375
0 0.2015625 0.540625 0.025 0.028125
2 0.1984375 0.58125 0.0703125 0.121875
0 0.2015625 0.540625 0.0234375 0.028125
2 0.1875 0.5515625 0.0828125 0.1421875
0 0.1703125 0.49375 0.0203125 0.0234375
2 0.2171875 0.55625 0.0984375 0.1421875
0 0.2203125 0.5 0.01875 0.021875
2 0.290625 0.5171875 0.0296875 0.0796875
0 0.290625 0.4875 0.009375 0.0125
2 0.3125 0.525 0.0375 0.0953125
0 0.3109375 0.4859375 0.0125 0.0140625
2 0.353125 0.521875 0.040625 0.103125
0 0.3515625 0.4796875 0.0125 0.0171875
2 0.38125 0.5 0.0140625 0.028125
0 0.38125 0.490625 0.0046875 0.0046875
2 0.3609375 0.50625 0.021875 0.05625
0 0.3609375 0.48125 0.00625 0.00625