2 0.0296875 0.534375 0.059375 0.2046875
0 0.0109375 0.45625 0.021875 0.0328125
2 0.2484375 0.525 0.0609375 0.1375
0 0.25 0.46875 0.01875 0.01875
2 0.309375 0.540625 0.0578125 0.146875
0 0.3125 0.4796875 0.0171875 0.0203125
2 0.334375 0.5171875 0.0296875 0.1
0 0.3375 0.475 0.0140625 0.015625
2 0.3515625 0.546875 0.040625 0.1421875
0 0.35625 0.4875 0.015625 0.01875
2 0.409375 0.625 0.11875 0.3140625
0 0.403125 0.49375 0.0375 0.0453125
2 0.478125 0.59375 0.096875 0.2953125
0 0.4671875 0.46875 0.0375 0.040625
2 0.553125 0.534375 0.0484375 0.146875
0 0.5546875 0.475 0.01875 0.01875
2 0.6 0.575 0.08125 0.2125
0 0.60625 0.484375 0.025 0.028125
2 0.6453125 0.540625 0.04375 0.1609375
0 0.65 0.475 0.01875 0.025
2 0.7671875 0.5515625 0.0625 0.096875
0 0.765625 0.51875 0.0171875 0.021875
2 0.684375 0.515625 0.028125 0.0765625
0 0.6796875 0.484375 0.009375 0.009375
2 0.9453125 0.5015625 0.071875 0.23125
0 0.9640625 0.4359375 0.0265625 0.0328125
2 0.5765625 0.509375 0.01875 0.053125
0 0.575 0.4875 0.0078125 0.0078125
2 0.503125 0.5046875 0.0296875 0.059375
0 0.503125 0.4828125 0.0078125 0.009375
2 0.5265625 0.5140625 0.025 0.0828125
0 0.5265625 0.4796875 0.0109375 0.0125
2 0.5421875 0.5078125 0.021875 0.08125
0 0.5390625 0.4765625 0.0109375 0.0140625
2 0.4984375 0.5015625 0.0203125 0.0578125
0 0.4953125 0.478125 0.00625 0.00625
2 0.4375 0.5453125 0.0484375 0.14375
0 0.4375 0.4890625 0.01875 0.0234375
2 0.5203125 0.50625 0.01875 0.05625
0 0.5171875 0.484375 0.00625 0.0078125
2 0.2 0.4953125 0.034375 0.1375
0 0.2 0.44375 0.0140625 0.021875