0 0.175 0.4171875 0.0609375 0.0734375
2 0.303125 0.528125 0.04375 0.13125
0 0.3015625 0.4734375 0.0171875 0.0171875
2 0.3203125 0.525 0.0390625 0.128125
0 0.3171875 0.4703125 0.015625 0.01875
2 0.3421875 0.484375 0.025 0.0578125
0 0.3390625 0.459375 0.00625 0.00625
2 0.35625 0.4953125 0.0234375 0.059375
0 0.3546875 0.471875 0.00625 0.0078125
2 0.3484375 0.484375 0.015625 0.040625
0 0.35 0.4671875 0.0046875 0.0046875
2 0.38125 0.4859375 0.015625 0.0484375
0 0.3828125 0.4703125 0.00625 0.0046875
2 0.39375 0.4765625 0.0109375 0.0265625
0 0.39375 0.4671875 0.003125 0.0046875
2 0.396875 0.5140625 0.0421875 0.1140625
0 0.4015625 0.46875 0.0125 0.0140625
2 0.4328125 0.5125 0.04375 0.1140625
0 0.43125 0.4640625 0.0109375 0.0140625
2 0.4453125 0.540625 0.05625 0.16875
0 0.4484375 0.4671875 0.0203125 0.021875
2 0.4859375 0.515625 0.046875 0.1234375
0 0.484375 0.4671875 0.0140625 0.015625
2 0.525 0.5125 0.040625 0.1109375
0 0.5265625 0.4625 0.0125 0.009375
2 0.5015625 0.503125 0.021875 0.075
0 0.5 0.4703125 0.0078125 0.009375
2 0.4734375 0.4765625 0.0109375 0.0234375
0 0.4734375 0.46875 0.003125 0.0046875
2 0.55625 0.4859375 0.0109375 0.0359375
0 0.55625 0.4703125 0.0046875 0.0046875
2 0.5859375 0.5046875 0.0375 0.0765625
0 0.59375 0.471875 0.0109375 0.0109375
2 0.5671875 0.484375 0.0140625 0.040625
0 0.571875 0.4703125 0.0046875 0.00625
2 0.56875 0.490625 0.0140625 0.0578125
0 0.571875 0.4671875 0.0046875 0.0046875
2 0.6171875 0.571875 0.0828125 0.2125
0 0.6234375 0.4875 0.025 0.03125
2 0.665625 0.5265625 0.04375 0.1125
0 0.6703125 0.4796875 0.015625 0.0171875
2 0.7 0.53125 0.0484375 0.1140625
0 0.7 0.4828125 0.0140625 0.0140625
2 0.7203125 0.534375 0.0625 0.15
0 0.71875 0.4734375 0.01875 0.0203125
2 0.7265625 0.565625 0.0671875 0.1890625
0 0.71875 0.484375 0.0203125 0.021875
2 0.7875 0.5828125 0.1140625 0.25625
0 0.803125 0.471875 0.0296875 0.03125
2 0.6625 0.5015625 0.0234375 0.0796875
0 0.665625 0.4671875 0.0109375 0.0125
2 0.7390625 0.5 0.025 0.0671875
0 0.7359375 0.4734375 0.009375 0.0109375
2 0.7515625 0.496875 0.0171875 0.046875
0 0.753125 0.4765625 0.00625 0.00625
2 0.771875 0.49375 0.015625 0.0375
0 0.775 0.478125 0.0046875 0.0046875
2 0.78125 0.4921875 0.015625 0.0390625
0 0.7828125 0.4765625 0.00625 0.00625
2 0.9265625 0.5859375 0.1453125 0.28125
0 0.925 0.4671875 0.0375 0.040625