0 0.175 0.74375 0.0828125 0.1015625
0 0.3765625 0.7484375 0.0453125 0.0578125
0 0.434375 0.7015625 0.0421875 0.0484375
2 0.5375 0.8984375 0.08125 0.171875
0 0.5421875 0.846875 0.040625 0.0375
2 0.7890625 0.734375 0.0859375 0.19375
0 0.796875 0.6515625 0.0234375 0.021875
2 0.7875 0.6828125 0.0546875 0.08125
0 0.78125 0.6546875 0.0140625 0.0171875
2 0.7328125 0.7 0.0578125 0.1375
0 0.740625 0.64375 0.0171875 0.01875
2 0.646875 0.728125 0.071875 0.2015625
0 0.659375 0.64375 0.0234375 0.0265625
2 0.5703125 0.7484375 0.1140625 0.228125
0 0.58125 0.6515625 0.0265625 0.028125
2 0.584375 0.7046875 0.0734375 0.23125
0 0.590625 0.6375 0.0203125 0.025
2 0.4765625 0.7484375 0.09375 0.2671875
0 0.5015625 0.6359375 0.034375 0.0390625
2 0.41875 0.725 0.0828125 0.2265625
0 0.4390625 0.6328125 0.03125 0.0390625
2 0.346875 0.7234375 0.103125 0.2484375
0 0.3796875 0.61875 0.025 0.0296875
2 0.2765625 0.70625 0.071875 0.14375
0 0.2875 0.6484375 0.021875 0.025
2 0.3046875 0.678125 0.034375 0.0859375
0 0.3109375 0.64375 0.015625 0.0171875
2 0.33125 0.671875 0.0625 0.1296875
0 0.346875 0.6234375 0.015625 0.01875
2 0.234375 0.671875 0.0890625 0.203125
0 0.2609375 0.5890625 0.0265625 0.0296875
2 0.153125 0.63125 0.0546875 0.15
0 0.16875 0.571875 0.0203125 0.0234375
2 0.1546875 0.6171875 0.05 0.159375
0 0.16875 0.5734375 0.021875 0.025
2 0.20625 0.596875 0.0515625 0.121875
0 0.21875 0.5453125 0.015625 0.0171875
2 0.215625 0.6265625 0.071875 0.134375
0 0.240625 0.56875 0.015625 0.015625
2 0.2875 0.6328125 0.05625 0.1484375
0 0.303125 0.5703125 0.021875 0.021875
2 0.3890625 0.65625 0.0625 0.159375
0 0.3953125 0.5890625 0.0171875 0.0203125
2 0.45625 0.6890625 0.046875 0.1390625
0 0.4671875 0.6359375 0.021875 0.025
2 0.5078125 0.690625 0.0421875 0.1171875
0 0.5171875 0.6453125 0.0140625 0.01875
2 0.5609375 0.653125 0.0375 0.1046875
0 0.5703125 0.6078125 0.0109375 0.0125
2 0.5875 0.65 0.0390625 0.09375
0 0.590625 0.6125 0.0140625 0.0140625
2 0.6140625 0.6609375 0.0421875 0.1
0 0.6203125 0.621875 0.0109375 0.0125
2 0.6375 0.6515625 0.03125 0.0890625
0 0.640625 0.615625 0.0125 0.0109375
2 0.6578125 0.65625 0.040625 0.090625
0 0.6625 0.6203125 0.0140625 0.0140625
2 0.671875 0.6625 0.0328125 0.0984375
0 0.6734375 0.6203125 0.0109375 0.0109375
2 0.690625 0.66875 0.0328125 0.09375
0 0.6953125 0.6296875 0.0109375 0.0125
2 0.7109375 0.6703125 0.0375 0.0875
0 0.7109375 0.634375 0.0109375 0.0109375
2 0.7515625 0.6796875 0.0328125 0.09375
0 0.7578125 0.64375 0.015625 0.0140625
2 0.7390625 0.6390625 0.028125 0.0453125
0 0.7390625 0.621875 0.009375 0.009375
2 0.7171875 0.625 0.0171875 0.040625
0 0.71875 0.6109375 0.00625 0.0078125
2 0.6921875 0.640625 0.03125 0.06875
0 0.6984375 0.6140625 0.0109375 0.009375
2 0.3390625 0.615625 0.03125 0.065625
0 0.3484375 0.5890625 0.0078125 0.009375
2 0.3125 0.6125 0.0328125 0.1015625
0 0.315625 0.5703125 0.0140625 0.0140625
2 0.275 0.5984375 0.04375 0.125
0 0.278125 0.546875 0.0140625 0.0171875
2 0.2953125 0.5671875 0.01875 0.05
0 0.2984375 0.55 0.0078125 0.0078125
2 0.3015625 0.5765625 0.021875 0.0546875
0 0.3046875 0.55625 0.0078125 0.009375
2 0.3234375 0.5953125 0.03125 0.0984375
0 0.3296875 0.5546875 0.0140625 0.0125
2 0.34375 0.5890625 0.025 0.065625
0 0.3484375 0.5640625 0.0078125 0.0109375
2 0.384375 0.5703125 0.0296875 0.0484375
0 0.3890625 0.553125 0.0078125 0.0078125
2 0.375 0.615625 0.0375 0.0859375
0 0.3875 0.58125 0.0109375 0.0140625
2 0.41875 0.6328125 0.0375 0.125
0 0.4265625 0.5859375 0.01875 0.0203125
2 0.53125 0.6328125 0.025 0.0734375
0 0.5359375 0.6046875 0.0078125 0.0109375
2 0.546875 0.6453125 0.03125 0.09375
0 0.5515625 0.60625 0.0125 0.0125
2 0.609375 0.6125 0.0171875 0.0375
0 0.6125 0.596875 0.0046875 0.00625
2 0.6109375 0.625 0.0171875 0.05
0 0.6140625 0.60625 0.00625 0.0078125
2 0.61875 0.6234375 0.0140625 0.0453125
0 0.621875 0.6078125 0.0078125 0.0078125
2 0.5046875 0.6203125 0.0265625 0.0734375
0 0.5015625 0.5890625 0.0109375 0.0078125
2 0.4890625 0.6265625 0.025 0.0734375
0 0.49375 0.596875 0.0109375 0.0125
2 0.5 0.6328125 0.034375 0.078125
0 0.5015625 0.6015625 0.0109375 0.0125
2 0.4484375 0.6359375 0.034375 0.103125
0 0.45625 0.59375 0.0109375 0.0140625
2 0.459375 0.6203125 0.03125 0.0796875
0 0.4609375 0.5921875 0.009375 0.0109375
2 0.475 0.615625 0.0234375 0.078125
0 0.4796875 0.5828125 0.009375 0.0109375
2 0.48125 0.609375 0.0234375 0.0640625
0 0.484375 0.5828125 0.0078125 0.0078125
2 0.5765625 0.625 0.0171875 0.0515625
0 0.5796875 0.60625 0.0078125 0.009375
2 0.4 0.615625 0.0296875 0.0796875
0 0.40625 0.5828125 0.0125 0.0140625