2 0.0234375 0.66875 0.046875 0.2640625
0 0.009375 0.55625 0.01875 0.0359375
2 0.090625 0.6765625 0.090625 0.2671875
0 0.1 0.5609375 0.0328125 0.0328125
2 0.05625 0.6140625 0.040625 0.128125
0 0.0546875 0.5609375 0.015625 0.0171875
2 0.11875 0.6046875 0.040625 0.1109375
0 0.121875 0.5578125 0.0125 0.0140625
2 0.1484375 0.6015625 0.0390625 0.1078125
0 0.1546875 0.5578125 0.0140625 0.0140625
2 0.1703125 0.603125 0.0421875 0.103125
0 0.1734375 0.5609375 0.0140625 0.0140625
2 0.2015625 0.6046875 0.0375 0.0984375
0 0.203125 0.5640625 0.0140625 0.0125
2 0.2390625 0.5828125 0.0328125 0.1
0 0.2328125 0.5421875 0.015625 0.0140625
2 0.21875 0.584375 0.025 0.0875
0 0.21875 0.546875 0.009375 0.0109375
0 0.990625 0.525 0.0109375 0.009375
2 0.9546875 0.546875 0.0265625 0.0796875
0 0.95625 0.5125 0.009375 0.009375
2 0.96875 0.55 0.0203125 0.071875
0 0.96875 0.521875 0.0109375 0.0109375
2 0.9765625 0.55 0.021875 0.0671875
0 0.9765625 0.5234375 0.009375 0.009375
2 0.9140625 0.5546875 0.025 0.0640625
0 0.9125 0.5296875 0.009375 0.009375
2 0.9046875 0.5546875 0.021875 0.0671875
0 0.9046875 0.528125 0.009375 0.009375
2 0.890625 0.55625 0.0390625 0.071875
0 0.8828125 0.5265625 0.009375 0.009375
2 0.828125 0.5609375 0.0359375 0.0671875
0 0.834375 0.5328125 0.009375 0.009375
2 0.7671875 0.5671875 0.025 0.05625
0 0.76875 0.546875 0.00625 0.009375
2 0.7453125 0.5671875 0.0203125 0.0546875
0 0.746875 0.5453125 0.0078125 0.009375
2 0.7265625 0.575 0.021875 0.04375
0 0.728125 0.559375 0.00625 0.0078125
2 0.684375 0.5734375 0.01875 0.0453125
0 0.684375 0.55625 0.00625 0.00625
2 0.6609375 0.5734375 0.021875 0.046875
0 0.6625 0.55625 0.00625 0.0078125
2 0.646875 0.575 0.01875 0.04375
0 0.646875 0.5578125 0.00625 0.00625
2 0.6109375 0.565625 0.0109375 0.028125
0 0.6109375 0.55625 0.0046875 0.0046875
2 0.9453125 0.5515625 0.01875 0.071875
0 0.9484375 0.5203125 0.009375 0.009375