0 0.4921875 0.3296875 0.115625 0.1265625
2 0.109375 0.41875 0.2171875 0.340625
0 0.140625 0.2828125 0.0453125 0.0578125
2 0.2359375 0.3640625 0.1375 0.278125
0 0.2328125 0.25 0.028125 0.0390625
2 0.2953125 0.45 0.346875 0.415625
0 0.2890625 0.2828125 0.053125 0.0703125
2 0.33125 0.4046875 0.2546875 0.3015625
0 0.3125 0.290625 0.040625 0.0578125
2 0.4140625 0.334375 0.1109375 0.2234375
0 0.4203125 0.2453125 0.0265625 0.0375
2 0.4015625 0.3546875 0.125 0.228125
0 0.396875 0.265625 0.028125 0.0375
2 0.6546875 0.34375 0.15625 0.215625
0 0.678125 0.259375 0.0265625 0.0375
2 0.6765625 0.3484375 0.171875 0.2609375
0 0.7171875 0.2484375 0.03125 0.0453125
2 0.8328125 0.3328125 0.0921875 0.2203125
0 0.8109375 0.2453125 0.0296875 0.034375
2 0.871875 0.340625 0.15625 0.228125
0 0.865625 0.253125 0.034375 0.0453125
0 0.965625 0.2765625 0.0453125 0.0625
2 0.7734375 0.3984375 0.2390625 0.325
0 0.790625 0.2703125 0.0421875 0.0546875
2 0.8234375 0.4453125 0.290625 0.378125
0 0.846875 0.3 0.0609375 0.0734375