2 0.6328125 0.653125 0.0859375 0.196875
0 0.6328125 0.5703125 0.021875 0.0265625
2 0.446875 0.6296875 0.059375 0.0609375
0 0.4546875 0.6078125 0.015625 0.015625
2 0.175 0.69375 0.1109375 0.0671875
0 0.209375 0.6828125 0.021875 0.021875
2 0.0453125 0.64375 0.0734375 0.0375
0 0.034375 0.6515625 0.0140625 0.009375
2 0.015625 0.61875 0.03125 0.046875
0 0.01875 0.6046875 0.009375 0.009375
2 0.0296875 0.6171875 0.0359375 0.05
0 0.0375 0.6 0.0125 0.0109375
2 0.0578125 0.6125 0.034375 0.05
0 0.053125 0.596875 0.0125 0.015625
2 0.00625 0.578125 0.0125 0.053125
0 0.003125 0.5578125 0.0046875 0.009375
2 0.0265625 0.5796875 0.0234375 0.05
0 0.028125 0.5609375 0.0046875 0.0046875
2 0.0375 0.5640625 0.0125 0.0328125
0 0.0375 0.5515625 0.0046875 0.00625
2 0.1234375 0.5625 0.0203125 0.0421875
0 0.121875 0.546875 0.00625 0.00625
2 0.26875 0.578125 0.0390625 0.0890625
0 0.2578125 0.54375 0.0109375 0.0140625
2 0.2890625 0.603125 0.0234375 0.05
0 0.290625 0.5875 0.0078125 0.009375
2 0.3125 0.596875 0.040625 0.0328125
0 0.3234375 0.5890625 0.009375 0.0109375
2 0.3765625 0.59375 0.078125 0.0171875
0 0.409375 0.596875 0.009375 0.0109375
2 0.43125 0.590625 0.01875 0.0234375
0 0.4328125 0.584375 0.00625 0.0078125
2 0.3453125 0.55 0.009375 0.0328125
0 0.3453125 0.5390625 0.003125 0.003125
2 0.5640625 0.5796875 0.065625 0.025
0 0.590625 0.5734375 0.0109375 0.0109375
2 0.5640625 0.571875 0.04375 0.0328125
0 0.571875 0.5625 0.0078125 0.009375
2 0.5765625 0.5703125 0.0421875 0.0328125
0 0.584375 0.559375 0.0078125 0.009375
2 0.6125 0.5703125 0.04375 0.0453125
0 0.621875 0.5578125 0.009375 0.009375
2 0.696875 0.596875 0.0375 0.0765625
0 0.696875 0.5671875 0.0125 0.0140625
2 0.796875 0.5890625 0.0359375 0.075
0 0.8 0.5609375 0.0109375 0.0140625
2 0.828125 0.5828125 0.034375 0.0875
0 0.8265625 0.5484375 0.0109375 0.0140625
0 0.9859375 0.6046875 0.0171875 0.0171875
2 0.9375 0.559375 0.0453125 0.059375
0 0.953125 0.5375 0.0109375 0.0125
2 0.9484375 0.515625 0.021875 0.0375
0 0.9484375 0.5 0.00625 0.00625
2 0.4953125 0.5359375 0.0125 0.0265625
0 0.4953125 0.528125 0.003125 0.0046875
2 0.5421875 0.5578125 0.03125 0.0359375
0 0.5453125 0.546875 0.0078125 0.009375
2 0.5546875 0.55625 0.0390625 0.028125
0 0.5640625 0.5484375 0.0078125 0.009375
2 0.5453125 0.5515625 0.03125 0.0203125
0 0.5515625 0.546875 0.00625 0.0078125
2 0.7953125 0.5578125 0.0328125 0.0328125
0 0.796875 0.5484375 0.009375 0.009375
2 0.828125 0.5578125 0.0453125 0.0296875
0 0.8421875 0.5515625 0.009375 0.0109375
2 0.9140625 0.55 0.028125 0.03125
0 0.9171875 0.5421875 0.0078125 0.0078125
2 0.690625 0.590625 0.059375 0.0328125
0 0.709375 0.58125 0.0078125 0.009375
2 0.9546875 0.53125 0.021875 0.021875
0 0.9609375 0.525 0.0046875 0.0046875