2 0.2578125 0.65625 0.1296875 0.4546875
0 0.2578125 0.4640625 0.053125 0.0625
2 0.390625 0.66875 0.153125 0.3984375
0 0.4109375 0.5046875 0.053125 0.0609375
2 0.4953125 0.653125 0.1390625 0.4046875
0 0.5 0.4859375 0.046875 0.05625
2 0.2125 0.6140625 0.0484375 0.3109375
0 0.2078125 0.48125 0.0390625 0.0421875
2 0.446875 0.5390625 0.0453125 0.125
0 0.4453125 0.4875 0.0171875 0.01875
2 0.775 0.5203125 0.03125 0.0875
0 0.775 0.4859375 0.009375 0.0109375
2 0.76875 0.5203125 0.040625 0.0859375
0 0.765625 0.4859375 0.0109375 0.009375
2 0.71875 0.5578125 0.053125 0.14375
0 0.7171875 0.496875 0.0171875 0.01875
2 0.71875 0.553125 0.0390625 0.121875
0 0.7140625 0.5015625 0.0140625 0.015625
2 0.6859375 0.50625 0.01875 0.065625
0 0.6859375 0.48125 0.009375 0.0109375
2 0.68125 0.5828125 0.0515625 0.1265625
0 0.6796875 0.534375 0.021875 0.025
2 0.65625 0.5453125 0.04375 0.121875
0 0.6578125 0.4984375 0.01875 0.0203125
2 0.615625 0.5453125 0.0515625 0.1578125
0 0.6109375 0.4796875 0.01875 0.0234375
2 0.5765625 0.5515625 0.0453125 0.134375
0 0.5796875 0.5 0.0171875 0.021875
2 0.553125 0.525 0.028125 0.0890625
0 0.55625 0.490625 0.015625 0.0171875
2 0.3140625 0.6453125 0.078125 0.2203125
0 0.3140625 0.5609375 0.0328125 0.0359375