2 0.1453125 0.59375 0.05625 0.15625
0 0.15 0.528125 0.0171875 0.0203125
2 0.1546875 0.578125 0.04375 0.1171875
0 0.1625 0.5296875 0.015625 0.0171875
2 0.2140625 0.5671875 0.0484375 0.090625
0 0.2125 0.53125 0.0125 0.0140625
2 0.23125 0.571875 0.034375 0.084375
0 0.2296875 0.540625 0.0125 0.0125
2 0.2875 0.5796875 0.040625 0.0671875
0 0.284375 0.559375 0.0140625 0.0140625
2 0.31875 0.5828125 0.034375 0.059375
0 0.315625 0.5625 0.0078125 0.009375
2 0.3390625 0.5796875 0.05 0.0609375
0 0.3390625 0.5578125 0.009375 0.0109375
2 0.33125 0.5890625 0.040625 0.1140625
0 0.3375 0.540625 0.0140625 0.0140625
2 0.36875 0.603125 0.028125 0.0796875
0 0.371875 0.571875 0.0125 0.0125
2 0.4390625 0.596875 0.0640625 0.1390625
0 0.4375 0.5421875 0.01875 0.021875
2 0.4484375 0.621875 0.05 0.0828125
0 0.4453125 0.590625 0.0171875 0.0203125
2 0.48125 0.5953125 0.0421875 0.11875
0 0.4765625 0.55 0.0140625 0.01875
2 0.50625 0.578125 0.03125 0.0625
0 0.5078125 0.55625 0.0078125 0.0109375
2 0.51875 0.5984375 0.046875 0.1203125
0 0.5171875 0.55 0.0171875 0.0171875
2 0.5671875 0.60625 0.05625 0.153125
0 0.5734375 0.540625 0.01875 0.01875
2 0.5984375 0.578125 0.0296875 0.084375
0 0.5953125 0.5421875 0.009375 0.0109375
2 0.6140625 0.5640625 0.0140625 0.0640625
0 0.6171875 0.540625 0.0078125 0.009375
2 0.6296875 0.565625 0.0234375 0.0640625
0 0.634375 0.5453125 0.009375 0.009375
2 0.6265625 0.584375 0.04375 0.090625
0 0.625 0.5484375 0.0109375 0.0140625
2 0.6609375 0.6203125 0.0671875 0.1734375
0 0.66875 0.5515625 0.021875 0.0265625
2 0.696875 0.625 0.05 0.1640625
0 0.7015625 0.5578125 0.01875 0.025
2 0.7828125 0.5953125 0.0296875 0.0890625
0 0.778125 0.5578125 0.009375 0.0125
2 0.7875 0.584375 0.025 0.084375
0 0.7859375 0.5515625 0.0109375 0.0125
2 0.753125 0.653125 0.134375 0.2359375
0 0.7359375 0.5546875 0.03125 0.0359375
2 0.809375 0.5953125 0.0328125 0.0984375
0 0.8125 0.559375 0.0140625 0.0140625
2 0.8421875 0.6328125 0.0796875 0.2
0 0.840625 0.5484375 0.0234375 0.0265625
2 0.853125 0.590625 0.025 0.0890625
0 0.85625 0.5546875 0.0125 0.0125
2 0.8765625 0.590625 0.053125 0.084375
0 0.86875 0.55625 0.0125 0.0125
2 0.8921875 0.5875 0.0375 0.090625
0 0.8921875 0.5515625 0.0109375 0.0140625
2 0.915625 0.59375 0.034375 0.0953125
0 0.915625 0.5546875 0.015625 0.0109375
2 0.9234375 0.575 0.0296875 0.046875
0 0.928125 0.5609375 0.009375 0.0109375
2 0.971875 0.5890625 0.01875 0.071875
0 0.971875 0.5625 0.009375 0.0109375
2 0.98125 0.59375 0.034375 0.0953125
0 0.9734375 0.5625 0.0125 0.0125
2 0.5546875 0.59375 0.0390625 0.109375
0 0.565625 0.55 0.0140625 0.0125
2 0.778125 0.7296875 0.0671875 0.11875
0 0.76875 0.6875 0.0265625 0.03125