2 0.0265625 0.3359375 0.053125 0.253125
0 0.01875 0.2390625 0.03125 0.0296875
2 0.090625 0.35625 0.18125 0.3296875
0 0.1078125 0.21875 0.053125 0.0484375
2 0.16875 0.4296875 0.2453125 0.5296875
0 0.1734375 0.228125 0.0703125 0.0703125
2 0.25 0.353125 0.04375 0.1109375
0 0.25625 0.3109375 0.015625 0.0203125
2 0.2734375 0.3234375 0.01875 0.053125
0 0.2703125 0.3046875 0.0078125 0.009375
2 0.265625 0.325 0.01875 0.05
0 0.265625 0.3046875 0.00625 0.0078125
2 0.2484375 0.325 0.0171875 0.05
0 0.2515625 0.30625 0.00625 0.00625
2 0.2859375 0.384375 0.08125 0.2203125
0 0.3 0.29375 0.0265625 0.0328125
2 0.3390625 0.3859375 0.034375 0.0484375
0 0.3375 0.3671875 0.009375 0.0125
2 0.3359375 0.3578125 0.0265625 0.04375
0 0.3390625 0.34375 0.009375 0.009375
2 0.3546875 0.3609375 0.0234375 0.04375
0 0.35625 0.3484375 0.009375 0.0125
2 0.3484375 0.334375 0.03125 0.0640625
0 0.353125 0.3078125 0.00625 0.0078125
2 0.334375 0.3390625 0.0140625 0.0375
0 0.3390625 0.325 0.00625 0.00625
2 0.3625 0.3390625 0.015625 0.0328125
0 0.3625 0.328125 0.00625 0.00625
2 0.3796875 0.34375 0.034375 0.06875
0 0.384375 0.3171875 0.0109375 0.0109375
2 0.465625 0.3546875 0.01875 0.0453125
0 0.4671875 0.3390625 0.009375 0.0109375
2 0.4734375 0.3578125 0.01875 0.053125
0 0.475 0.3359375 0.0078125 0.0078125
2 0.4859375 0.3625 0.0171875 0.05
0 0.4859375 0.34375 0.00625 0.0078125
2 0.4953125 0.3671875 0.0125 0.0375
0 0.496875 0.35625 0.00625 0.00625
2 0.503125 0.3703125 0.0140625 0.034375
0 0.503125 0.3578125 0.0046875 0.0046875
2 0.4921875 0.4046875 0.0234375 0.040625
0 0.496875 0.3921875 0.0078125 0.0078125
2 0.746875 0.4015625 0.01875 0.053125
0 0.75 0.3828125 0.0109375 0.0125
2 0.7671875 0.4125 0.0234375 0.059375
0 0.76875 0.390625 0.0078125 0.009375
2 0.7578125 0.4546875 0.04375 0.125
0 0.775 0.403125 0.0171875 0.0171875
2 0.7375 0.4390625 0.05 0.15
0 0.728125 0.3765625 0.021875 0.021875
2 0.790625 0.4578125 0.065625 0.1484375
0 0.809375 0.3984375 0.0171875 0.0234375
2 0.809375 0.4640625 0.0546875 0.125
0 0.821875 0.4109375 0.0171875 0.0171875
2 0.8359375 0.4921875 0.0375 0.08125
0 0.8375 0.4578125 0.0125 0.0125
2 0.834375 0.4796875 0.0765625 0.175
0 0.8515625 0.4078125 0.021875 0.028125
2 0.871875 0.4640625 0.0375 0.075
0 0.8875 0.434375 0.0125 0.0125
2 0.8703125 0.43125 0.0171875 0.0546875
0 0.8734375 0.4109375 0.0078125 0.009375
2 0.878125 0.43125 0.021875 0.059375
0 0.8859375 0.409375 0.009375 0.009375
2 0.8859375 0.4328125 0.028125 0.0578125
0 0.89375 0.409375 0.009375 0.009375
2 0.915625 0.4765625 0.025 0.05625
0 0.9171875 0.45625 0.0109375 0.0109375
2 0.896875 0.471875 0.0546875 0.1125
0 0.909375 0.4265625 0.0140625 0.0171875
2 0.91875 0.478125 0.0625 0.1109375
0 0.934375 0.4328125 0.01875 0.0171875
2 0.915625 0.4421875 0.01875 0.05625
0 0.9171875 0.421875 0.0078125 0.009375
2 0.925 0.44375 0.025 0.0640625
0 0.928125 0.41875 0.0078125 0.009375
2 0.9515625 0.4515625 0.028125 0.0578125
0 0.9546875 0.4296875 0.009375 0.009375
2 0.975 0.453125 0.0296875 0.0515625
0 0.98125 0.434375 0.009375 0.009375
2 0.9453125 0.4890625 0.028125 0.0453125
0 0.9515625 0.4734375 0.009375 0.009375
2 0.9640625 0.4796875 0.025 0.0484375
0 0.971875 0.4640625 0.0109375 0.0125
2 0.98125 0.4828125 0.0234375 0.0453125
0 0.9828125 0.46875 0.009375 0.0125
2 0.4015625 0.4796875 0.2015625 0.4609375
0 0.4171875 0.3 0.05625 0.06875
2 0.565625 0.490625 0.16875 0.3734375
0 0.5765625 0.3375 0.0484375 0.059375
2 0.6640625 0.5265625 0.20625 0.4703125
0 0.7078125 0.346875 0.0546875 0.059375