2 0.9359375 0.403125 0.0625 0.134375
0 0.9421875 0.3484375 0.0171875 0.021875
2 0.93125 0.3921875 0.0484375 0.125
0 0.9359375 0.3421875 0.0171875 0.01875
2 0.875 0.4640625 0.1484375 0.3140625
0 0.8875 0.3328125 0.0421875 0.04375
2 0.80625 0.4390625 0.075 0.1921875
0 0.8109375 0.35625 0.025 0.021875
2 0.753125 0.359375 0.025 0.059375
0 0.75625 0.334375 0.009375 0.0078125
2 0.7375 0.3546875 0.01875 0.0515625
0 0.740625 0.334375 0.0078125 0.009375
2 0.6 0.4078125 0.0546875 0.175
0 0.6140625 0.3359375 0.025 0.03125
2 0.578125 0.38125 0.0296875 0.0921875
0 0.5796875 0.34375 0.0125 0.0140625
2 0.5671875 0.365625 0.021875 0.0953125
0 0.5640625 0.325 0.0125 0.0125
2 0.553125 0.359375 0.0171875 0.08125
0 0.55 0.3265625 0.009375 0.0109375
2 0.4953125 0.4453125 0.0796875 0.140625
0 0.490625 0.3921875 0.028125 0.03125
2 0.48125 0.44375 0.0796875 0.1359375
0 0.4625 0.390625 0.025 0.028125
2 0.46875 0.36875 0.03125 0.096875
0 0.4703125 0.328125 0.0109375 0.0125
2 0.453125 0.35 0.021875 0.0609375
0 0.453125 0.3265625 0.0078125 0.0109375
2 0.23125 0.4140625 0.065625 0.2
0 0.2140625 0.3328125 0.028125 0.0359375
2 0.20625 0.4171875 0.046875 0.190625
0 0.20625 0.340625 0.0203125 0.021875
2 0.1296875 0.3890625 0.059375 0.1625
0 0.1234375 0.321875 0.0203125 0.025
2 0.0625 0.3484375 0.028125 0.0984375
0 0.0671875 0.309375 0.0125 0.015625
2 0.05 0.35 0.0234375 0.090625
0 0.0515625 0.3125 0.0109375 0.0140625
2 0.0265625 0.3609375 0.0390625 0.11875
0 0.0265625 0.3109375 0.015625 0.015625