2 0.8890625 0.76875 0.0859375 0.1546875
0 0.8828125 0.7109375 0.0265625 0.028125
2 0.8015625 0.759375 0.0640625 0.165625
0 0.8078125 0.696875 0.03125 0.03125
2 0.746875 0.7296875 0.0578125 0.1546875
0 0.7421875 0.6640625 0.0203125 0.021875
2 0.640625 0.7296875 0.05625 0.1328125
0 0.6390625 0.6734375 0.015625 0.0140625
2 0.5671875 0.7328125 0.0484375 0.1421875
0 0.5703125 0.675 0.0171875 0.0203125
2 0.546875 0.721875 0.0390625 0.128125
0 0.5515625 0.66875 0.0171875 0.0171875
2 0.775 0.6453125 0.021875 0.0734375
0 0.775 0.615625 0.009375 0.009375
2 0.478125 0.6484375 0.0125 0.040625
0 0.4765625 0.6328125 0.00625 0.0078125
2 0.3 0.653125 0.0171875 0.0421875
0 0.2984375 0.6359375 0.00625 0.0046875
2 0.25 0.6515625 0.0140625 0.0328125
0 0.2515625 0.640625 0.003125 0.0046875
2 0.2375 0.646875 0.0109375 0.03125
0 0.2375 0.6375 0.0046875 0.0046875
2 0.315625 0.64375 0.0109375 0.0265625
0 0.3171875 0.634375 0.0046875 0.0046875
2 0.328125 0.6453125 0.0125 0.03125
0 0.3296875 0.634375 0.0046875 0.0046875