0 0.9 0.559375 0.0796875 0.1140625
0 0.85625 0.4296875 0.1015625 0.10625
2 0.740625 0.6109375 0.1484375 0.4234375
0 0.7703125 0.4515625 0.084375 0.0953125
2 0.496875 0.3359375 0.065625 0.2140625
0 0.5109375 0.246875 0.028125 0.0328125
2 0.0734375 0.6046875 0.146875 0.4265625
0 0.0375 0.446875 0.075 0.10625
2 0.1234375 0.5296875 0.2078125 0.33125
0 0.1234375 0.41875 0.078125 0.1
2 0.1984375 0.5015625 0.196875 0.26875
0 0.175 0.40625 0.0578125 0.0765625
2 0.4234375 0.38125 0.0390625 0.1
0 0.4203125 0.3453125 0.015625 0.021875
2 0.35625 0.3640625 0.059375 0.13125
0 0.3578125 0.3171875 0.021875 0.028125
2 0.2765625 0.3734375 0.1 0.1421875
0 0.29375 0.3203125 0.025 0.03125
2 0.028125 0.3453125 0.05625 0.2984375
0 0.009375 0.221875 0.01875 0.046875
2 0.0703125 0.3203125 0.0703125 0.215625
0 0.065625 0.23125 0.0265625 0.03125
2 0.1734375 0.34375 0.0953125 0.2328125
0 0.1578125 0.25 0.0375 0.0421875
2 0.159375 0.3359375 0.128125 0.2625
0 0.159375 0.2265625 0.034375 0.0390625
2 0.2 0.325 0.078125 0.221875
0 0.1953125 0.2359375 0.0328125 0.0375
2 0.234375 0.33125 0.05625 0.1625
0 0.2296875 0.2625 0.0203125 0.021875
2 0.259375 0.3234375 0.05625 0.159375
0 0.25 0.2578125 0.021875 0.0234375
2 0.2828125 0.3 0.0359375 0.0890625
0 0.28125 0.2671875 0.015625 0.0171875
2 0.309375 0.3015625 0.0265625 0.090625
0 0.3109375 0.2640625 0.0109375 0.0140625
2 0.35 0.3125 0.05 0.1203125
0 0.3390625 0.2640625 0.015625 0.01875
2 0.3203125 0.29375 0.0234375 0.0765625
0 0.31875 0.2625 0.009375 0.0109375
2 0.465625 0.309375 0.04375 0.13125
0 0.4640625 0.25625 0.015625 0.021875
2 0.4453125 0.303125 0.034375 0.09375
0 0.4421875 0.265625 0.0125 0.0171875
2 0.48125 0.309375 0.025 0.1046875
0 0.4859375 0.265625 0.0125 0.015625
2 0.5453125 0.3203125 0.0265625 0.115625
0 0.5421875 0.2734375 0.0140625 0.0171875
2 0.5578125 0.3109375 0.0265625 0.0984375
0 0.55625 0.271875 0.0125 0.015625
2 0.5875 0.3078125 0.03125 0.1046875
0 0.590625 0.2640625 0.0140625 0.015625
2 0.528125 0.278125 0.015625 0.04375
0 0.5296875 0.2609375 0.00625 0.0078125
2 0.5390625 0.2765625 0.01875 0.05
0 0.540625 0.25625 0.0078125 0.0078125
2 0.5828125 0.303125 0.0453125 0.109375
0 0.5859375 0.2578125 0.0140625 0.015625
2 0.596875 0.296875 0.0203125 0.075
0 0.596875 0.265625 0.00625 0.0109375
2 0.6109375 0.2703125 0.0203125 0.0421875
0 0.6171875 0.253125 0.0078125 0.0078125
2 0.6390625 0.296875 0.04375 0.0828125
0 0.6296875 0.2640625 0.0125 0.0125
2 0.675 0.2921875 0.0328125 0.0828125
0 0.6765625 0.2578125 0.0109375 0.0140625
2 0.7015625 0.2890625 0.0359375 0.0828125
0 0.696875 0.25625 0.0140625 0.0125
2 0.740625 0.2859375 0.0328125 0.0796875
0 0.740625 0.253125 0.0125 0.0125
2 0.7734375 0.284375 0.0359375 0.0859375
0 0.7734375 0.2515625 0.0125 0.015625
2 0.7953125 0.2859375 0.0328125 0.0765625
0 0.803125 0.2546875 0.0109375 0.0140625
2 0.7828125 0.28125 0.0203125 0.0625
0 0.7828125 0.2546875 0.0109375 0.0109375
2 0.84375 0.26875 0.0203125 0.078125
0 0.846875 0.2375 0.0109375 0.0125
2 0.9296875 0.2703125 0.025 0.0765625
0 0.9328125 0.2390625 0.0125 0.0125
2 0.9390625 0.26875 0.0234375 0.078125
0 0.9421875 0.2375 0.0125 0.0140625
2 0.95 0.2703125 0.0203125 0.071875
0 0.95 0.240625 0.009375 0.0125
2 0.8859375 0.2703125 0.0265625 0.0828125
0 0.8921875 0.2359375 0.0109375 0.0109375
2 0.875 0.271875 0.0265625 0.075
0 0.8828125 0.2421875 0.0140625 0.0140625
2 0.86875 0.2671875 0.015625 0.059375
0 0.86875 0.2421875 0.00625 0.0078125
2 0.896875 0.2734375 0.0203125 0.0703125
0 0.8984375 0.246875 0.0140625 0.0140625
2 0.759375 0.265625 0.0140625 0.0453125
0 0.7609375 0.246875 0.00625 0.0078125
2 0.7515625 0.265625 0.0171875 0.05
0 0.75 0.2453125 0.0078125 0.0078125
2 0.7265625 0.2671875 0.0140625 0.0421875
0 0.725 0.2515625 0.0078125 0.0078125
2 0.7171875 0.265625 0.015625 0.040625
0 0.7171875 0.25 0.0078125 0.009375
2 0.665625 0.28125 0.0203125 0.0671875
0 0.665625 0.253125 0.0109375 0.0109375
2 0.61875 0.2734375 0.015625 0.04375
0 0.6203125 0.25625 0.0078125 0.0078125
2 0.6296875 0.2796875 0.01875 0.059375
0 0.6296875 0.25625 0.0125 0.0109375
2 0.1109375 0.3234375 0.0640625 0.18125
0 0.1078125 0.246875 0.028125 0.028125
2 0.0515625 0.325 0.053125 0.15625
0 0.040625 0.2578125 0.0171875 0.0203125
2 0.265625 0.296875 0.040625 0.115625
0 0.2578125 0.25 0.0171875 0.01875