2 0.875 0.621875 0.1265625 0.1703125
0 0.871875 0.5578125 0.0296875 0.0296875
2 0.946875 0.4734375 0.090625 0.1859375
0 0.9546875 0.4015625 0.0265625 0.034375
2 0.8453125 0.53125 0.103125 0.184375
0 0.846875 0.4640625 0.028125 0.0359375
2 0.775 0.4796875 0.0953125 0.184375
0 0.7828125 0.409375 0.0296875 0.0359375
2 0.690625 0.6234375 0.1140625 0.159375
0 0.70625 0.565625 0.0296875 0.0375
2 0.509375 0.625 0.1015625 0.1625
0 0.5140625 0.5625 0.0265625 0.0359375
2 0.3640625 0.6328125 0.1203125 0.153125
0 0.365625 0.578125 0.0296875 0.034375
2 0.175 0.6359375 0.1265625 0.1734375
0 0.1765625 0.5734375 0.0296875 0.0390625
2 0.0265625 0.6375 0.0515625 0.1828125
0 0.00625 0.571875 0.0125 0.0296875
2 0.0234375 0.49140625 0.046875 0.2015625
0 0.0078125 0.415625 0.0140625 0.0375
2 0.1015625 0.55625 0.1125 0.203125
0 0.103125 0.4765625 0.03125 0.040625
2 0.2265625 0.55 0.1015625 0.2
0 0.228125 0.4734375 0.0296875 0.0359375
2 0.353125 0.5484375 0.1 0.1875
0 0.3609375 0.4765625 0.028125 0.0359375
2 0.5109375 0.546875 0.1015625 0.1859375
0 0.5171875 0.475 0.028125 0.0375
2 0.671875 0.5390625 0.1015625 0.178125
0 0.68125 0.471875 0.028125 0.0359375
2 0.5953125 0.484375 0.10625 0.1890625
0 0.5921875 0.4109375 0.028125 0.0359375
2 0.390625 0.484375 0.1078125 0.1953125
0 0.3859375 0.4109375 0.028125 0.034375
2 0.178125 0.4921875 0.0859375 0.1828125
0 0.1765625 0.4265625 0.0296875 0.03125