2 0.4546875 0.33125 0.0359375 0.13125
0 0.453125 0.28125 0.0140625 0.01875
2 0.4953125 0.3109375 0.0265625 0.06875
0 0.49375 0.2859375 0.009375 0.0109375
2 0.509375 0.3125 0.028125 0.06875
0 0.509375 0.2890625 0.0078125 0.0109375
2 0.5296875 0.3140625 0.0328125 0.078125
0 0.5296875 0.28125 0.0078125 0.009375
2 0.5421875 0.3125 0.0265625 0.0734375
0 0.5421875 0.2828125 0.009375 0.0109375
2 0.559375 0.315625 0.0296875 0.0734375
0 0.5578125 0.2859375 0.009375 0.009375
2 0.7046875 0.321875 0.0390625 0.1
0 0.70625 0.2828125 0.015625 0.01875
2 0.7421875 0.29375 0.0203125 0.0453125
0 0.7421875 0.2765625 0.00625 0.0078125
2 0.7859375 0.2953125 0.01875 0.0421875
0 0.7875 0.2796875 0.0078125 0.0078125
2 0.615625 0.4890625 0.2453125 0.6265625
0 0.64375 0.2296875 0.0671875 0.090625
2 0.4203125 0.50625 0.2546875 0.58125
0 0.3984375 0.265625 0.0453125 0.0875