0 0.190625 0.8171875 0.034375 0.0328125
2 0.2359375 0.909375 0.08125 0.1671875
0 0.253125 0.8390625 0.0234375 0.025
2 0.2328125 0.9109375 0.0734375 0.1625
0 0.253125 0.8375 0.0203125 0.0203125
2 0.2890625 0.9015625 0.059375 0.1875
0 0.2984375 0.825 0.0203125 0.0265625
2 0.328125 0.9109375 0.0421875 0.128125
0 0.3375 0.85625 0.01875 0.0203125
2 0.3296875 0.8828125 0.05625 0.1390625
0 0.321875 0.8265625 0.01875 0.0234375
2 0.271875 0.8203125 0.0375 0.09375
0 0.2765625 0.78125 0.0125 0.0125
2 0.3265625 0.828125 0.04375 0.1046875
0 0.3375 0.7859375 0.0140625 0.0171875
2 0.35625 0.8171875 0.0265625 0.090625
0 0.3578125 0.7828125 0.0125 0.0140625
2 0.3625 0.8265625 0.028125 0.10625
0 0.3640625 0.7828125 0.0140625 0.0171875
2 0.3859375 0.821875 0.0390625 0.1078125
0 0.3828125 0.7765625 0.0125 0.0140625
2 0.3953125 0.84375 0.0390625 0.1078125
0 0.3984375 0.7984375 0.0125 0.0140625
2 0.4078125 0.8484375 0.0328125 0.10625
0 0.4125 0.803125 0.015625 0.0171875
2 0.4328125 0.8609375 0.0515625 0.1109375
0 0.43125 0.815625 0.0125 0.0171875
2 0.4546875 0.8203125 0.03125 0.0875
0 0.45625 0.7859375 0.0109375 0.0140625
2 0.475 0.85625 0.046875 0.121875
0 0.475 0.80625 0.015625 0.0203125
2 0.5 0.853125 0.040625 0.1234375
0 0.5 0.803125 0.015625 0.01875
2 0.453125 0.8984375 0.0640625 0.1671875
0 0.4703125 0.8296875 0.0203125 0.025
2 0.521875 0.815625 0.04375 0.1
0 0.5171875 0.7765625 0.0140625 0.015625
2 0.5390625 0.8234375 0.025 0.084375
0 0.5390625 0.7890625 0.009375 0.0109375
2 0.5796875 0.81875 0.03125 0.0921875
0 0.58125 0.78125 0.0109375 0.0140625
0 0.56875 0.8359375 0.021875 0.025
2 0.6265625 0.8359375 0.0390625 0.10625
0 0.628125 0.7921875 0.0171875 0.01875
2 0.646875 0.8265625 0.0265625 0.0921875
0 0.640625 0.7890625 0.0109375 0.0125
2 0.615625 0.821875 0.0265625 0.08125
0 0.6140625 0.7890625 0.009375 0.0109375
2 0.74375 0.8125 0.034375 0.0953125
0 0.7375 0.775 0.0125 0.015625