0 0.9171875 0.4078125 0.05625 0.05
2 0.80625 0.56875 0.1453125 0.403125
0 0.771875 0.3984375 0.0484375 0.05625
2 0.6640625 0.565625 0.1234375 0.396875
0 0.6453125 0.4015625 0.0453125 0.053125
2 0.5265625 0.5625 0.11875 0.3625
0 0.55 0.4125 0.05 0.059375
2 0.565625 0.6328125 0.165625 0.26875
0 0.521875 0.5296875 0.046875 0.0609375
2 0.3453125 0.63125 0.175 0.26875
0 0.4 0.528125 0.046875 0.0609375
2 0.3296875 0.565625 0.1671875 0.3890625
0 0.346875 0.3984375 0.046875 0.0578125
2 0.178125 0.553125 0.1640625 0.4
0 0.2125 0.38125 0.0546875 0.0546875
2 0.0609375 0.5546875 0.121875 0.4140625
0 0.0828125 0.3859375 0.0484375 0.059375