2 0.13125 0.5703125 0.08125 0.2
0 0.1515625 0.4859375 0.0375 0.0328125
2 0.246875 0.5515625 0.0859375 0.1859375
0 0.2625 0.4765625 0.0328125 0.03125
2 0.29375 0.584375 0.1109375 0.178125
0 0.3109375 0.5125 0.0328125 0.0328125
2 0.36875 0.3765625 0.109375 0.1953125
0 0.3875 0.3015625 0.028125 0.0296875
2 0.521875 0.353125 0.084375 0.1828125
0 0.528125 0.28125 0.03125 0.0328125
2 0.5953125 0.425 0.10625 0.171875
0 0.60625 0.35625 0.0296875 0.03125
2 0.4421875 0.415625 0.109375 0.175
0 0.4625 0.3515625 0.028125 0.0375
2 0.4796875 0.4671875 0.0953125 0.1921875
0 0.4859375 0.3921875 0.03125 0.0359375
2 0.496875 0.753125 0.078125 0.071875
0 0.521875 0.7359375 0.025 0.028125
2 0.615625 0.6890625 0.13125 0.1921875
0 0.634375 0.61875 0.0359375 0.0421875
2 0.5984375 0.65625 0.0703125 0.1875
0 0.6125 0.584375 0.028125 0.0375
2 0.696875 0.55625 0.1 0.18125
0 0.7140625 0.4828125 0.028125 0.03125
2 0.746875 0.6046875 0.1203125 0.2078125
0 0.775 0.521875 0.0375 0.0375
2 0.81875 0.68125 0.09375 0.19375
0 0.8359375 0.6046875 0.0328125 0.034375