2 0.0296875 0.553125 0.0328125 0.0953125
0 0.03125 0.51875 0.0140625 0.0140625
2 0.1140625 0.6109375 0.0921875 0.20625
0 0.11875 0.525 0.0265625 0.0296875
2 0.115625 0.5515625 0.0390625 0.1078125
0 0.115625 0.50625 0.0140625 0.0140625
2 0.15 0.553125 0.0453125 0.109375
0 0.1484375 0.509375 0.015625 0.0171875
2 0.175 0.5546875 0.0484375 0.1
0 0.1734375 0.5140625 0.0140625 0.015625
2 0.2546875 0.5515625 0.040625 0.103125
0 0.2546875 0.509375 0.0140625 0.015625
2 0.3203125 0.56875 0.05 0.1171875
0 0.31875 0.5203125 0.015625 0.0171875
2 0.346875 0.55 0.0390625 0.103125
0 0.346875 0.5078125 0.0140625 0.0140625
2 0.3890625 0.56875 0.0421875 0.09375
0 0.390625 0.53125 0.0109375 0.0109375
2 0.453125 0.55625 0.03125 0.0890625
0 0.45625 0.521875 0.0109375 0.0109375
2 0.521875 0.5703125 0.0640625 0.1390625
0 0.5328125 0.5125 0.0203125 0.021875
2 0.5421875 0.565625 0.0453125 0.134375
0 0.54375 0.5125 0.015625 0.0203125
2 0.571875 0.55 0.04375 0.103125
0 0.565625 0.509375 0.0109375 0.0140625
2 0.6078125 0.5515625 0.0265625 0.0890625
0 0.6046875 0.5171875 0.009375 0.0125
2 0.615625 0.5609375 0.0359375 0.109375
0 0.621875 0.5171875 0.0140625 0.0171875
2 0.6390625 0.56875 0.053125 0.1125
0 0.6453125 0.525 0.015625 0.015625
2 0.6515625 0.5515625 0.028125 0.0953125
0 0.6515625 0.5125 0.0125 0.0125
2 0.66875 0.5703125 0.04375 0.1046875
0 0.665625 0.5296875 0.0140625 0.015625
2 0.7203125 0.571875 0.059375 0.121875
0 0.71875 0.521875 0.0171875 0.01875
2 0.815625 0.5765625 0.053125 0.14375
0 0.8140625 0.5203125 0.021875 0.0234375
2 0.8359375 0.56875 0.046875 0.1515625
0 0.8296875 0.509375 0.01875 0.0203125
2 0.8640625 0.5625 0.046875 0.128125
0 0.859375 0.5125 0.0140625 0.01875
2 0.871875 0.5609375 0.0484375 0.121875
0 0.871875 0.5125 0.015625 0.01875
2 0.903125 0.553125 0.0578125 0.1203125
0 0.9046875 0.5046875 0.0171875 0.0140625
0 0.96875 0.5140625 0.0171875 0.0171875
0 0.9734375 0.5046875 0.015625 0.015625
2 0.1765625 0.5515625 0.0421875 0.1
0 0.1796875 0.509375 0.0125 0.015625