0 0.0328125 0.73125 0.0640625 0.0984375
0 0.1203125 0.709375 0.0609375 0.075
0 0.1703125 0.690625 0.0484375 0.0671875
2 0.2390625 0.6484375 0.0890625 0.1234375
0 0.2328125 0.6046875 0.0296875 0.0296875
2 0.3078125 0.6734375 0.0796875 0.1578125
0 0.3109375 0.61875 0.0328125 0.034375
0 0.3625 0.5921875 0.03125 0.0453125
0 0.403125 0.5984375 0.0421875 0.0515625
0 0.4296875 0.6 0.0375 0.0453125
2 0.525 0.6203125 0.075 0.196875
0 0.521875 0.540625 0.0234375 0.0296875
2 0.325 0.5796875 0.025 0.0765625
0 0.3265625 0.5515625 0.0125 0.01875
2 0.390625 0.5875 0.03125 0.0890625
0 0.3875 0.553125 0.0140625 0.01875
2 0.46875 0.621875 0.0515625 0.109375
0 0.459375 0.5796875 0.01875 0.0203125
2 0.5046875 0.603125 0.053125 0.171875
0 0.5140625 0.528125 0.0203125 0.0203125
2 0.53125 0.61875 0.0484375 0.1671875
0 0.53125 0.546875 0.0171875 0.0203125
0 0.5953125 0.5734375 0.0421875 0.053125
2 0.5765625 0.603125 0.0515625 0.1671875
0 0.5796875 0.5328125 0.0203125 0.0234375
2 0.6046875 0.5953125 0.05 0.134375
0 0.60625 0.5421875 0.0234375 0.0265625
2 0.6359375 0.609375 0.0578125 0.18125
0 0.63125 0.5328125 0.01875 0.0203125
2 0.6703125 0.596875 0.04375 0.1546875
0 0.675 0.5375 0.021875 0.025
0 0.7140625 0.534375 0.0390625 0.046875
2 0.7796875 0.63125 0.1203125 0.2265625
0 0.778125 0.540625 0.03125 0.0390625
2 0.8328125 0.6171875 0.0515625 0.1640625
0 0.828125 0.55625 0.021875 0.0328125
0 0.7390625 0.515625 0.0703125 0.06875
0 0.8703125 0.628125 0.0296875 0.0390625