0 0.3421875 0.3203125 0.0609375 0.08125
2 0.8171875 0.5625 0.175 0.44375
0 0.8140625 0.375 0.0515625 0.0671875
0 0.9859375 0.4421875 0.025 0.0265625
2 0.953125 0.5140625 0.053125 0.175
0 0.95 0.440625 0.021875 0.0265625
2 0.91875 0.50625 0.04375 0.1625
0 0.925 0.440625 0.021875 0.0296875
2 0.8859375 0.49375 0.0578125 0.196875
0 0.878125 0.4109375 0.025 0.0265625
2 0.74375 0.5234375 0.0765625 0.2171875
0 0.7484375 0.43125 0.021875 0.0265625
2 0.74375 0.50625 0.0890625 0.20625
0 0.7484375 0.4234375 0.03125 0.0359375
2 0.675 0.50625 0.0890625 0.225
0 0.6828125 0.4125 0.025 0.03125
2 0.671875 0.5 0.05625 0.16875
0 0.6671875 0.4296875 0.0171875 0.01875
2 0.6046875 0.50625 0.06875 0.2
0 0.6015625 0.428125 0.021875 0.025
2 0.565625 0.5046875 0.040625 0.1390625
0 0.5671875 0.4515625 0.01875 0.0203125
2 0.5390625 0.5015625 0.034375 0.1171875
0 0.540625 0.45625 0.0140625 0.0203125
2 0.51875 0.4984375 0.021875 0.0765625
0 0.51875 0.4671875 0.0125 0.0125
2 0.503125 0.5 0.0265625 0.078125
0 0.5046875 0.4671875 0.0078125 0.009375
2 0.428125 0.515625 0.0640625 0.1921875
0 0.4203125 0.4328125 0.0234375 0.025
2 0.1984375 0.5015625 0.0515625 0.1265625
0 0.2 0.4515625 0.0171875 0.01875
2 0.134375 0.50625 0.08125 0.2140625
0 0.1328125 0.415625 0.021875 0.0296875
2 0.0578125 0.5109375 0.0515625 0.13125
0 0.0546875 0.4578125 0.0171875 0.0203125
2 0.0484375 0.49375 0.040625 0.1046875
0 0.0515625 0.4515625 0.0171875 0.015625
2 0.015625 0.5 0.021875 0.0609375
0 0.0140625 0.4765625 0.009375 0.0109375