2 0.0296875 0.734375 0.0421875 0.1140625
0 0.025 0.6875 0.0140625 0.0171875
2 0.04375 0.753125 0.0359375 0.11875
0 0.0375 0.7046875 0.015625 0.0171875
0 0.0421875 0.721875 0.021875 0.0171875
0 0.0828125 0.7328125 0.0171875 0.0171875
2 0.1 0.675 0.0328125 0.090625
0 0.1 0.640625 0.0140625 0.015625
2 0.128125 0.7453125 0.0609375 0.1078125
0 0.1265625 0.7015625 0.0140625 0.01875
2 0.15625 0.7125 0.0546875 0.103125
0 0.146875 0.671875 0.0140625 0.015625
2 0.1828125 0.715625 0.0484375 0.115625
0 0.1765625 0.6671875 0.0140625 0.015625
2 0.1859375 0.5953125 0.0296875 0.0734375
0 0.1859375 0.5671875 0.009375 0.0109375
2 0.3109375 0.51875 0.01875 0.059375
0 0.3125 0.496875 0.0078125 0.0078125
2 0.33125 0.509375 0.0234375 0.0609375
0 0.3296875 0.4859375 0.00625 0.0078125
2 0.3390625 0.5203125 0.0328125 0.071875
0 0.3390625 0.4953125 0.009375 0.0109375
2 0.35 0.490625 0.021875 0.05625
0 0.353125 0.46875 0.0078125 0.0078125
2 0.375 0.55 0.0328125 0.0734375
0 0.375 0.521875 0.0109375 0.0109375
2 0.384375 0.5671875 0.0359375 0.084375
0 0.38125 0.534375 0.0109375 0.0140625
2 0.5203125 0.61875 0.0375 0.0984375
0 0.5265625 0.5796875 0.0140625 0.0140625
2 0.4609375 0.4359375 0.028125 0.06875
0 0.4578125 0.409375 0.0078125 0.009375
2 0.534375 0.44375 0.0359375 0.0578125
0 0.534375 0.4203125 0.00625 0.0078125
2 0.728125 0.446875 0.0171875 0.04375
0 0.728125 0.4296875 0.00625 0.00625
2 0.73125 0.4390625 0.0140625 0.0359375
0 0.73125 0.425 0.00625 0.00625
2 0.7484375 0.4390625 0.01875 0.0375
0 0.746875 0.425 0.0046875 0.0046875
2 0.75 0.446875 0.01875 0.0453125
0 0.7515625 0.4296875 0.00625 0.00625
2 0.78125 0.4359375 0.0140625 0.0359375
0 0.78125 0.421875 0.0046875 0.00625
2 0.79375 0.4375 0.0171875 0.040625
0 0.79375 0.421875 0.0046875 0.00625
2 0.8546875 0.6765625 0.0421875 0.103125
0 0.8625 0.634375 0.015625 0.015625
0 0.9140625 0.7703125 0.0171875 0.0265625
0 0.9671875 0.7359375 0.01875 0.0171875
2 0.9453125 0.325 0.0390625 0.096875
0 0.9484375 0.2875 0.0125 0.0125
2 0.971875 0.3296875 0.034375 0.0875
0 0.9734375 0.296875 0.0125 0.0140625
0 0.9921875 0.29375 0.0109375 0.0125
2 0.875 0.315625 0.0203125 0.05
0 0.875 0.296875 0.0046875 0.00625
2 0.8390625 0.315625 0.025 0.0421875
0 0.840625 0.3 0.00625 0.00625
2 0.85 0.3140625 0.015625 0.0359375
0 0.8515625 0.3 0.0046875 0.0046875
2 0.678125 0.3140625 0.015625 0.046875
0 0.6796875 0.2953125 0.00625 0.00625
2 0.6421875 0.309375 0.0109375 0.0265625
0 0.6421875 0.2984375 0.003125 0.003125
2 0.525 0.3140625 0.0203125 0.0421875
0 0.5234375 0.296875 0.0046875 0.0046875
2 0.509375 0.3125 0.0265625 0.04375
0 0.5125 0.2953125 0.0046875 0.0046875
2 0.55 0.3078125 0.0125 0.028125
0 0.5515625 0.2953125 0.003125 0.003125
2 0.534375 0.3046875 0.009375 0.0265625
0 0.5359375 0.2953125 0.003125 0.003125
2 0.48125 0.309375 0.0109375 0.03125
0 0.48125 0.2984375 0.0046875 0.0046875
2 0.4953125 0.309375 0.015625 0.0375
0 0.496875 0.2953125 0.0046875 0.0046875
2 0.35625 0.3171875 0.0234375 0.059375
0 0.3578125 0.29375 0.0078125 0.009375
2 0.2109375 0.33125 0.0265625 0.071875
0 0.2109375 0.303125 0.009375 0.0109375
2 0.1921875 0.3265625 0.028125 0.084375
0 0.1921875 0.2921875 0.009375 0.0109375
2 0.1765625 0.3296875 0.0328125 0.0734375
0 0.171875 0.3 0.0109375 0.0109375
2 0.053125 0.33125 0.0375 0.09375
0 0.05 0.2921875 0.0125 0.0125
2 0.0703125 0.334375 0.0359375 0.0859375
0 0.0609375 0.3 0.0125 0.0125
2 0.4578125 0.209375 0.0140625 0.0265625
0 0.459375 0.1984375 0.003125 0.003125
2 0.58125 0.20625 0.0125 0.03125
0 0.58125 0.1953125 0.003125 0.0046875
2 0.63125 0.2015625 0.0109375 0.034375
0 0.6328125 0.1890625 0.003125 0.0046875
2 0.8234375 0.2015625 0.0140625 0.0328125
0 0.825 0.1890625 0.003125 0.0046875
2 0.8453125 0.2 0.01875 0.034375
0 0.8484375 0.1859375 0.0046875 0.0046875
2 0.884375 0.1953125 0.0125 0.0359375
0 0.8859375 0.18125 0.0046875 0.0046875
2 0.5546875 0.6140625 0.03125 0.0375
0 0.5515625 0.603125 0.009375 0.0109375
2 0.3890625 0.4984375 0.021875 0.0515625
0 0.3890625 0.478125 0.00625 0.0078125