2 0.790625 0.6125 0.0890625 0.23125
0 0.784375 0.5125 0.025 0.025
2 0.7015625 0.609375 0.0875 0.2375
0 0.696875 0.5078125 0.0234375 0.0265625
2 0.69375 0.6140625 0.08125 0.175
0 0.69375 0.5375 0.021875 0.021875
2 0.6203125 0.615625 0.075 0.1609375
0 0.6328125 0.5484375 0.0203125 0.0203125
2 0.565625 0.5953125 0.053125 0.109375
0 0.5734375 0.55 0.0125 0.0171875
2 0.515625 0.590625 0.0375 0.1015625
0 0.5140625 0.5484375 0.0125 0.0140625
2 0.4890625 0.621875 0.0734375 0.1921875
0 0.4796875 0.5375 0.0234375 0.021875
2 0.440625 0.5984375 0.0640625 0.15625
0 0.446875 0.53125 0.01875 0.01875
2 0.353125 0.5921875 0.0484375 0.0984375
0 0.3484375 0.553125 0.0109375 0.0140625
2 0.3625 0.5796875 0.03125 0.08125
0 0.365625 0.546875 0.0109375 0.0109375
2 0.325 0.578125 0.0328125 0.0765625
0 0.3265625 0.5453125 0.009375 0.0109375
2 0.29375 0.5875 0.046875 0.1125
0 0.2875 0.5421875 0.0125 0.0171875
2 0.2671875 0.5765625 0.03125 0.0796875
0 0.2671875 0.54375 0.009375 0.0125
2 0.090625 0.59375 0.04375 0.1234375
0 0.0859375 0.5421875 0.01875 0.01875
2 0.2046875 0.559375 0.0140625 0.0359375
0 0.203125 0.54375 0.0046875 0.0046875