2 0.23125 0.4984375 0.0625 0.33125
0 0.2453125 0.3515625 0.0265625 0.0359375
2 0.2890625 0.48125 0.1140625 0.3875
0 0.2734375 0.3203125 0.0484375 0.05625
2 0.2046875 0.53125 0.1265625 0.4671875
0 0.215625 0.328125 0.0484375 0.059375
2 0.290625 0.5421875 0.1578125 0.4546875
0 0.2875 0.35 0.053125 0.0609375
2 0.4328125 0.459375 0.1125 0.35625
0 0.4375 0.309375 0.0453125 0.046875
2 0.5125 0.478125 0.08125 0.3203125
0 0.5046875 0.3421875 0.04375 0.0453125
2 0.4515625 0.5359375 0.1390625 0.4578125
0 0.446875 0.3421875 0.0546875 0.0625
2 0.590625 0.5453125 0.2078125 0.478125
0 0.578125 0.3453125 0.05625 0.071875
2 0.6828125 0.53125 0.1328125 0.4421875
0 0.6765625 0.34375 0.053125 0.065625
2 0.790625 0.475 0.1265625 0.309375
0 0.775 0.346875 0.0390625 0.0515625
2 0.9078125 0.4921875 0.1203125 0.35
0 0.909375 0.3453125 0.0390625 0.05
2 0.946875 0.4265625 0.0796875 0.2734375
0 0.9359375 0.3109375 0.028125 0.0421875
2 0.721875 0.2953125 0.0171875 0.0453125
0 0.721875 0.2796875 0.0078125 0.0078125
2 0.7515625 0.29375 0.0171875 0.046875
0 0.7515625 0.2765625 0.00625 0.0078125