2 0.04375 0.5421875 0.034375 0.084375
0 0.040625 0.5078125 0.0109375 0.0140625
2 0.0890625 0.525 0.0203125 0.04375
0 0.09375 0.509375 0.00625 0.0078125
2 0.1109375 0.5375 0.03125 0.0734375
0 0.1125 0.509375 0.0125 0.0125
2 0.1609375 0.56875 0.0609375 0.134375
0 0.1671875 0.5125 0.015625 0.0203125
2 0.2296875 0.5203125 0.009375 0.0296875
0 0.2296875 0.5109375 0.0046875 0.0046875
2 0.2203125 0.53125 0.0234375 0.05625
0 0.215625 0.509375 0.0078125 0.0078125
2 0.215625 0.5296875 0.0125 0.0484375
0 0.21875 0.509375 0.0046875 0.00625
2 0.253125 0.5203125 0.009375 0.0265625
0 0.253125 0.5109375 0.0046875 0.0046875
2 0.325 0.5359375 0.0234375 0.059375
0 0.325 0.5109375 0.0078125 0.0078125
2 0.365625 0.534375 0.0234375 0.065625
0 0.3671875 0.5078125 0.009375 0.009375
2 0.5171875 0.5328125 0.028125 0.05625
0 0.5125 0.5109375 0.00625 0.009375
2 0.54375 0.5234375 0.0125 0.0359375
0 0.5453125 0.509375 0.00625 0.0046875
2 0.5546875 0.525 0.015625 0.034375
0 0.55625 0.5109375 0.00625 0.0046875
2 0.56875 0.534375 0.01875 0.05
0 0.56875 0.5140625 0.0078125 0.0078125
2 0.6046875 0.5203125 0.009375 0.021875
0 0.603125 0.5109375 0.003125 0.003125
2 0.46875 0.6171875 0.0875 0.2328125
0 0.4640625 0.5203125 0.028125 0.034375
2 0.43125 0.5203125 0.0109375 0.0265625
0 0.43125 0.5109375 0.003125 0.0046875