2 0.765625 0.4296875 0.01875 0.0375
0 0.765625 0.415625 0.00625 0.0046875
2 0.540625 0.4609375 0.121875 0.2578125
0 0.55 0.3578125 0.025 0.0375
2 0.4953125 0.453125 0.0734375 0.1890625
0 0.490625 0.375 0.0171875 0.0171875
2 0.4515625 0.4625 0.0765625 0.1796875
0 0.459375 0.3828125 0.0203125 0.0203125
2 0.4578125 0.478125 0.109375 0.2234375
0 0.459375 0.3875 0.03125 0.03125
2 0.3890625 0.459375 0.065625 0.1921875
0 0.3859375 0.378125 0.01875 0.0265625
2 0.3140625 0.459375 0.0640625 0.16875
0 0.3171875 0.390625 0.01875 0.01875
2 0.2875 0.45625 0.0609375 0.1578125
0 0.2875 0.3953125 0.015625 0.0265625
2 0.3484375 0.45 0.08125 0.2484375
0 0.3515625 0.346875 0.0265625 0.0375
2 0.228125 0.446875 0.071875 0.1953125
0 0.2359375 0.365625 0.0171875 0.025
2 0.240625 0.465625 0.1125 0.2328125
0 0.2625 0.3671875 0.025 0.03125
2 0.1734375 0.459375 0.084375 0.18125
0 0.18125 0.38125 0.01875 0.0203125
2 0.1609375 0.4765625 0.08125 0.221875
0 0.171875 0.390625 0.025 0.0328125
2 0.1234375 0.465625 0.075 0.1953125
0 0.1171875 0.384375 0.0234375 0.0234375
2 0.0875 0.4421875 0.075 0.1953125
0 0.0921875 0.3640625 0.021875 0.0234375
2 0.05 0.453125 0.0609375 0.178125
0 0.05625 0.3765625 0.0171875 0.01875
2 0.034375 0.48125 0.0671875 0.271875
0 0.0203125 0.3734375 0.034375 0.0375