2 0.20625 0.7828125 0.059375 0.203125
0 0.2140625 0.6984375 0.0234375 0.0296875
2 0.2515625 0.796875 0.096875 0.24375
0 0.25625 0.6953125 0.0296875 0.0390625
2 0.2328125 0.7375 0.0515625 0.1484375
0 0.2421875 0.678125 0.0171875 0.0234375
2 0.265625 0.7484375 0.05625 0.1671875
0 0.2671875 0.6796875 0.0234375 0.028125
2 0.2890625 0.75625 0.046875 0.171875
0 0.29375 0.6859375 0.0203125 0.0265625
2 0.3171875 0.765625 0.08125 0.2296875
0 0.315625 0.66875 0.0265625 0.034375
2 0.3328125 0.7484375 0.05 0.1515625
0 0.3328125 0.684375 0.0171875 0.0234375
2 0.378125 0.7578125 0.0546875 0.1578125
0 0.375 0.6921875 0.0203125 0.021875
2 0.4453125 0.8 0.10625 0.2921875
0 0.446875 0.6828125 0.0359375 0.040625
2 0.4140625 0.7734375 0.0625 0.190625
0 0.4203125 0.6921875 0.021875 0.025
2 0.4890625 0.7484375 0.071875 0.1625
0 0.48125 0.6796875 0.0203125 0.0234375
2 0.6234375 0.8078125 0.1234375 0.2828125
0 0.615625 0.69375 0.034375 0.05
2 0.5859375 0.6859375 0.015625 0.034375
0 0.584375 0.6734375 0.0046875 0.0046875