2 0.875 0.684375 0.0375 0.075
0 0.8765625 0.653125 0.0125 0.009375
2 0.846875 0.68125 0.040625 0.0796875
0 0.8484375 0.65 0.0140625 0.0140625
2 0.409375 0.61875 0.08125 0.2296875
0 0.425 0.5234375 0.025 0.0265625
2 0.4484375 0.6265625 0.0765625 0.209375
0 0.4546875 0.5375 0.028125 0.028125
2 0.665625 0.6453125 0.06875 0.1875
0 0.6671875 0.5671875 0.0234375 0.0203125
2 0.546875 0.64375 0.0515625 0.1734375
0 0.54375 0.571875 0.0203125 0.0234375
2 0.221875 0.63125 0.0515625 0.125
0 0.2328125 0.58125 0.01875 0.021875
2 0.178125 0.628125 0.0484375 0.1546875
0 0.184375 0.5671875 0.021875 0.0234375
2 0.01875 0.61640625 0.0375 0.1765625
0 0.0109375 0.5453125 0.0203125 0.0265625
2 0.0625 0.6265625 0.05 0.15
0 0.0640625 0.5640625 0.0203125 0.01875
2 0.08125 0.625 0.053125 0.1484375
0 0.0796875 0.5609375 0.0203125 0.01875
2 0.0921875 0.653125 0.034375 0.0890625
0 0.0953125 0.61875 0.0125 0.015625