2 0.8078125 0.265625 0.0890625 0.13125
0 0.80625 0.21875 0.0234375 0.0265625
2 0.2515625 0.2796875 0.06875 0.1484375
0 0.2421875 0.225 0.0203125 0.025
2 0.19375 0.2828125 0.0734375 0.134375
0 0.19375 0.2328125 0.0203125 0.0234375
0 0.4296875 0.5703125 0.1828125 0.16875
0 0.575 0.484375 0.128125 0.15
0 0.703125 0.5265625 0.140625 0.15
0 0.640625 0.3515625 0.140625 0.1828125
0 0.3796875 0.3546875 0.13125 0.171875
0 0.2609375 0.434375 0.1328125 0.16875
0 0.18125 0.3921875 0.1296875 0.14375
0 0.4453125 0.240625 0.121875 0.15
2 0.253125 0.3390625 0.0640625 0.215625
0 0.2390625 0.221875 0.0234375 0.0265625