0 0.1265625 0.4328125 0.0796875 0.0953125
2 0.5015625 0.4296875 0.459375 0.4265625
0 0.353125 0.290625 0.0796875 0.10625
0 0.346875 0.3703125 0.0578125 0.0578125
0 0.59375 0.3765625 0.1015625 0.125
0 0.7921875 0.35 0.11875 0.1203125
0 0.9265625 0.39375 0.05 0.059375
2 0.8734375 0.4109375 0.071875 0.2234375
0 0.8765625 0.3203125 0.03125 0.0359375
2 0.9390625 0.403125 0.0609375 0.1921875
0 0.9375 0.325 0.0265625 0.0265625
2 0.6921875 0.55625 0.14375 0.4296875
0 0.6921875 0.384375 0.053125 0.0671875
2 0.7359375 0.41875 0.0640625 0.190625
0 0.7359375 0.340625 0.021875 0.0265625
2 0.7375 0.3796875 0.0515625 0.146875
0 0.7328125 0.3203125 0.0171875 0.0203125
2 0.4453125 0.5328125 0.128125 0.38125
0 0.4421875 0.3890625 0.046875 0.0578125
2 0.640625 0.3859375 0.0609375 0.1765625
0 0.6421875 0.315625 0.0203125 0.0234375
2 0.9046875 0.384375 0.0609375 0.1796875
0 0.9046875 0.3140625 0.0234375 0.025
2 0.5546875 0.553125 0.125 0.36875
0 0.546875 0.40625 0.0484375 0.0703125