2 0.0609375 0.38125 0.05 0.090625
0 0.0578125 0.34375 0.0109375 0.0140625
2 0.1 0.4109375 0.1 0.1734375
0 0.1078125 0.3390625 0.021875 0.021875
2 0.1484375 0.4515625 0.1421875 0.353125
0 0.1390625 0.303125 0.040625 0.0484375
2 0.1796875 0.403125 0.075 0.178125
0 0.1765625 0.33125 0.01875 0.021875
2 0.23125 0.3796875 0.05 0.1171875
0 0.23125 0.33125 0.0140625 0.0171875
2 0.29375 0.4265625 0.115625 0.3484375
0 0.2859375 0.284375 0.0390625 0.04375
2 0.290625 0.475 0.15625 0.35625
0 0.28125 0.3296875 0.04375 0.05625
2 0.409375 0.4234375 0.1140625 0.3375
0 0.40625 0.2859375 0.0390625 0.0515625
2 0.43125 0.4921875 0.1328125 0.3703125
0 0.41875 0.340625 0.046875 0.05625
2 0.4984375 0.5046875 0.2171875 0.565625
0 0.4875 0.2671875 0.065625 0.0765625
2 0.4515625 0.40625 0.10625 0.2828125
0 0.4359375 0.3015625 0.053125 0.0578125
2 0.5453125 0.3703125 0.09375 0.221875
0 0.540625 0.303125 0.053125 0.0640625
2 0.6515625 0.4140625 0.134375 0.290625
0 0.65625 0.29375 0.0328125 0.040625
2 0.703125 0.425 0.1375 0.39375
0 0.715625 0.2640625 0.0484375 0.0625
2 0.7125 0.5828125 0.1328125 0.3265625
0 0.7078125 0.453125 0.059375 0.0640625
2 0.7828125 0.4671875 0.1609375 0.459375
0 0.7703125 0.2703125 0.0421875 0.059375
2 0.809375 0.425 0.1390625 0.396875
0 0.809375 0.2578125 0.040625 0.05
2 0.903125 0.421875 0.15625 0.3546875
0 0.871875 0.275 0.040625 0.0546875