2 0.0546875 0.665625 0.109375 0.2453125
0 0.065625 0.565625 0.03125 0.0375
2 0.0265625 0.62109375 0.053125 0.0953125
0 0.0234375 0.5828125 0.0125 0.015625
2 0.09375 0.621875 0.059375 0.1015625
0 0.09375 0.58125 0.0140625 0.0140625
2 0.1015625 0.61875 0.034375 0.090625
0 0.1015625 0.58125 0.0109375 0.0125
2 0.11875 0.61875 0.0375 0.090625
0 0.1234375 0.5828125 0.0109375 0.0125
2 0.21875 0.665625 0.1671875 0.284375
0 0.2171875 0.55 0.0375 0.04375
2 0.2703125 0.6625 0.11875 0.2875
0 0.2703125 0.546875 0.0328125 0.04375
2 0.3703125 0.659375 0.1515625 0.265625
0 0.378125 0.5515625 0.034375 0.04375
2 0.3859375 0.625 0.10625 0.196875
0 0.3828125 0.55625 0.025 0.028125
2 0.46875 0.615625 0.03125 0.084375
0 0.4703125 0.584375 0.0109375 0.0125
2 0.509375 0.61875 0.0484375 0.0890625
0 0.5078125 0.584375 0.0109375 0.0140625
2 0.5609375 0.7078125 0.275 0.0515625
0 0.45 0.70625 0.0453125 0.03125
2 0.575 0.665625 0.1234375 0.26875
0 0.5953125 0.5578125 0.0296875 0.040625
2 0.7140625 0.621875 0.0484375 0.103125
0 0.7078125 0.5796875 0.0125 0.0140625
2 0.7484375 0.6171875 0.040625 0.103125
0 0.7484375 0.575 0.0140625 0.015625
2 0.7625 0.6125 0.0296875 0.08125
0 0.7625 0.584375 0.009375 0.0125
2 0.7890625 0.6203125 0.04375 0.1046875
0 0.784375 0.578125 0.0125 0.015625
2 0.76875 0.7046875 0.1109375 0.1625
0 0.7671875 0.6390625 0.025 0.0234375
2 0.834375 0.615625 0.0328125 0.0796875
0 0.8328125 0.5828125 0.0109375 0.009375
2 0.8625 0.621875 0.053125 0.0984375
0 0.85625 0.5796875 0.0125 0.0125
2 0.871875 0.6203125 0.03125 0.1
0 0.871875 0.5796875 0.0109375 0.0125
0 0.965625 0.5625 0.034375 0.0453125