0 0.0859375 0.7890625 0.0265625 0.03125
2 0.2671875 0.790625 0.0453125 0.14375
0 0.26875 0.73125 0.0171875 0.0203125
2 0.1890625 0.7375 0.0453125 0.0953125
0 0.1890625 0.7 0.0109375 0.0140625
2 0.0671875 0.709375 0.0328125 0.0734375
0 0.071875 0.6796875 0.009375 0.009375
2 0.0875 0.70625 0.0234375 0.071875
0 0.084375 0.6765625 0.0109375 0.0125
2 0.065625 0.7015625 0.0296875 0.0765625
0 0.065625 0.6734375 0.009375 0.0125
2 0.0390625 0.6859375 0.021875 0.0640625
0 0.0421875 0.6609375 0.009375 0.009375
2 0.0328125 0.678125 0.0234375 0.0671875
0 0.0328125 0.6515625 0.009375 0.009375
2 0.009375 0.68046875 0.01875 0.0640625
0 0.0109375 0.65625 0.0078125 0.0109375
2 0.05 0.6578125 0.021875 0.0484375
0 0.0453125 0.6390625 0.0078125 0.009375
2 0.06875 0.6625 0.0140625 0.040625
0 0.06875 0.646875 0.0078125 0.00625
2 0.065625 0.6609375 0.0109375 0.0421875
0 0.0640625 0.64375 0.0046875 0.0046875
2 0.21875 0.66875 0.01875 0.0515625
0 0.21875 0.6484375 0.0078125 0.0078125
2 0.2375 0.7171875 0.0234375 0.0890625
0 0.240625 0.68125 0.0109375 0.0125
2 0.2609375 0.71875 0.028125 0.084375
0 0.259375 0.684375 0.009375 0.0140625
2 0.2390625 0.7109375 0.0359375 0.0953125
0 0.246875 0.6734375 0.0109375 0.0140625
2 0.28125 0.6875 0.0203125 0.06875
0 0.2859375 0.659375 0.009375 0.009375
2 0.3 0.6875 0.03125 0.065625
0 0.3 0.6625 0.009375 0.0109375
2 0.31875 0.6921875 0.025 0.06875
0 0.3203125 0.6640625 0.009375 0.009375
2 0.33125 0.690625 0.0234375 0.075
0 0.3328125 0.6625 0.009375 0.009375
2 0.4265625 0.6921875 0.0234375 0.0734375
0 0.4265625 0.6625 0.009375 0.009375
2 0.44375 0.690625 0.021875 0.075
0 0.44375 0.6609375 0.0109375 0.0125
2 0.5484375 0.70625 0.040625 0.0984375
0 0.55 0.665625 0.0125 0.0140625
2 0.7171875 0.70625 0.0265625 0.084375
0 0.71875 0.671875 0.0125 0.0125
0 0.99375 0.6546875 0.0125 0.0125
2 0.9671875 0.675 0.0234375 0.06875
0 0.965625 0.6484375 0.009375 0.009375
2 0.91875 0.6546875 0.0234375 0.0546875
0 0.915625 0.63125 0.0078125 0.0078125
2 0.8921875 0.65625 0.021875 0.0546875
0 0.8921875 0.6359375 0.0078125 0.0109375
2 0.8984375 0.6515625 0.01875 0.05
0 0.896875 0.63125 0.00625 0.0078125
2 0.878125 0.6640625 0.0203125 0.05625
0 0.8765625 0.64375 0.0078125 0.009375
2 0.8625 0.6578125 0.0234375 0.053125
0 0.859375 0.6359375 0.00625 0.009375
2 0.8359375 0.6671875 0.0203125 0.0578125
0 0.8359375 0.6453125 0.0078125 0.009375
2 0.815625 0.66875 0.0203125 0.059375
0 0.815625 0.6453125 0.009375 0.009375
2 0.803125 0.653125 0.0171875 0.05
0 0.8015625 0.6328125 0.00625 0.0046875
2 0.775 0.6625 0.021875 0.053125
0 0.7734375 0.6421875 0.00625 0.0078125
2 0.7546875 0.6640625 0.025 0.0578125
0 0.7546875 0.6421875 0.009375 0.009375
2 0.7296875 0.6578125 0.0140625 0.0453125
0 0.728125 0.6390625 0.00625 0.00625
2 0.734375 0.653125 0.0125 0.0453125
0 0.734375 0.6359375 0.0046875 0.00625
2 0.71875 0.65 0.0171875 0.0453125
0 0.71875 0.63125 0.0046875 0.00625
2 0.728125 0.6453125 0.0109375 0.04375
0 0.728125 0.628125 0.0046875 0.0046875
2 0.7421875 0.64375 0.0140625 0.05
0 0.7421875 0.6234375 0.0046875 0.00625
2 0.6609375 0.6828125 0.0234375 0.0625
0 0.6578125 0.6578125 0.0078125 0.009375
2 0.628125 0.6796875 0.0234375 0.0671875
0 0.628125 0.653125 0.0078125 0.009375
2 0.653125 0.6703125 0.0171875 0.053125
0 0.65625 0.6484375 0.0078125 0.0078125
2 0.6671875 0.6640625 0.01875 0.0609375
0 0.665625 0.6390625 0.0078125 0.009375
2 0.6796875 0.6515625 0.0140625 0.0453125
0 0.678125 0.6359375 0.0046875 0.00625
2 0.6984375 0.6484375 0.01875 0.034375
0 0.69375 0.6328125 0.0046875 0.0046875
2 0.69375 0.6421875 0.0109375 0.040625
0 0.69375 0.625 0.0046875 0.0046875
2 0.646875 0.6546875 0.015625 0.05
0 0.6484375 0.634375 0.0046875 0.00625
2 0.634375 0.6546875 0.015625 0.0484375
0 0.6328125 0.634375 0.00625 0.00625
2 0.6203125 0.64375 0.0125 0.040625
0 0.6203125 0.628125 0.0046875 0.00625
2 0.625 0.64375 0.0125 0.0421875
0 0.625 0.6265625 0.0046875 0.00625
2 0.6046875 0.65625 0.01875 0.040625
0 0.6046875 0.640625 0.0046875 0.0046875
2 0.6109375 0.646875 0.0140625 0.040625
0 0.6109375 0.63125 0.00625 0.0078125
2 0.59375 0.653125 0.0171875 0.0453125
0 0.5953125 0.634375 0.00625 0.00625
2 0.5671875 0.65625 0.0203125 0.046875
0 0.565625 0.6390625 0.0078125 0.0078125
2 0.515625 0.665625 0.0234375 0.0546875
0 0.5171875 0.64375 0.0078125 0.0078125
2 0.4734375 0.640625 0.015625 0.0390625
0 0.475 0.6265625 0.0046875 0.0046875
2 0.4953125 0.6375 0.0171875 0.0359375
0 0.4953125 0.6234375 0.0046875 0.0046875
2 0.43125 0.6703125 0.0203125 0.05
0 0.4296875 0.65 0.0078125 0.0078125
2 0.3921875 0.6625 0.01875 0.0546875
0 0.39375 0.640625 0.0078125 0.0078125
2 0.08125 0.634375 0.0109375 0.028125
0 0.084375 0.621875 0.003125 0.003125
2 0.0921875 0.634375 0.009375 0.0265625
0 0.0921875 0.625 0.0046875 0.0046875
2 0.1046875 0.6328125 0.0109375 0.0265625
0 0.103125 0.621875 0.003125 0.003125
2 0.1125 0.634375 0.0078125 0.0265625
0 0.1140625 0.6234375 0.003125 0.0046875
2 0.1140625 0.6265625 0.009375 0.021875
0 0.115625 0.61875 0.003125 0.0046875
2 0.121875 0.6265625 0.009375 0.021875
0 0.1234375 0.61875 0.0046875 0.0046875
2 0.1296875 0.628125 0.00625 0.01875
0 0.13125 0.6203125 0.003125 0.003125
2 0.1328125 0.64375 0.0125 0.03125
0 0.134375 0.63125 0.0046875 0.0046875
2 0.14375 0.64375 0.0109375 0.03125
0 0.14375 0.63125 0.0046875 0.0046875
2 0.15625 0.64375 0.0125 0.0328125
0 0.1578125 0.63125 0.0046875 0.0046875
2 0.1671875 0.64375 0.0109375 0.0328125
0 0.16875 0.63125 0.0046875 0.0046875
2 0.184375 0.640625 0.0125 0.0296875
0 0.1875 0.628125 0.0046875 0.0046875
2 0.178125 0.628125 0.0140625 0.0234375
0 0.18125 0.61875 0.0046875 0.0046875
2 0.196875 0.63125 0.0109375 0.025
0 0.196875 0.621875 0.003125 0.003125
2 0.2484375 0.6328125 0.0109375 0.0296875
0 0.2484375 0.621875 0.0046875 0.0046875
2 0.2578125 0.6296875 0.009375 0.0265625
0 0.2578125 0.6203125 0.0046875 0.0046875
2 0.2703125 0.6453125 0.01875 0.040625
0 0.2703125 0.63125 0.0046875 0.00625
2 0.3453125 0.640625 0.0109375 0.0296875
0 0.3453125 0.628125 0.0046875 0.0046875
2 0.36875 0.6328125 0.00625 0.0265625
0 0.3703125 0.621875 0.003125 0.003125
2 0.4734375 0.6078125 0.00625 0.015625
0 0.4734375 0.6015625 0.003125 0.003125
2 0.6296875 0.6046875 0.00625 0.015625
0 0.6296875 0.6015625 0.003125 0.003125
2 0.8078125 0.6109375 0.0078125 0.0203125
0 0.809375 0.6046875 0.0046875 0.0046875
2 0.815625 0.6109375 0.0078125 0.0203125
0 0.8140625 0.6046875 0.0015625 0.003125
2 0.8265625 0.6203125 0.009375 0.025
0 0.8265625 0.6109375 0.0046875 0.0046875
2 0.8625 0.61875 0.0109375 0.021875
0 0.8640625 0.6109375 0.0046875 0.0046875
2 0.8765625 0.61875 0.009375 0.0234375
0 0.8765625 0.609375 0.003125 0.003125
2 0.884375 0.6203125 0.009375 0.025
0 0.884375 0.6125 0.0046875 0.0046875
2 0.8953125 0.6171875 0.009375 0.0265625
0 0.8953125 0.60625 0.0046875 0.0046875
2 0.978125 0.6296875 0.01875 0.03125
0 0.9796875 0.61875 0.0046875 0.0046875
2 0.7015625 0.6015625 0.0078125 0.0140625
0 0.7015625 0.596875 0.003125 0.003125
2 0.675 0.6046875 0.0078125 0.0171875
0 0.675 0.6 0.003125 0.003125
2 0.9375 0.6203125 0.009375 0.025
0 0.9375 0.6109375 0.003125 0.003125
2 0.9453125 0.6203125 0.0140625 0.0265625
0 0.94375 0.609375 0.003125 0.003125
2 0.6421875 0.61875 0.009375 0.0234375
0 0.640625 0.6109375 0.003125 0.003125
2 0.4140625 0.628125 0.0078125 0.0234375
0 0.415625 0.61875 0.003125 0.0046875
2 0.315625 0.634375 0.009375 0.025
0 0.3171875 0.625 0.0046875 0.0046875
2 0.29375 0.6328125 0.009375 0.0265625
0 0.29375 0.6234375 0.0046875 0.0046875
2 0.2875 0.6359375 0.009375 0.0265625
0 0.2875 0.625 0.0046875 0.0046875
2 0.3265625 0.6296875 0.0125 0.0234375
0 0.3265625 0.621875 0.0046875 0.0046875
2 0.334375 0.628125 0.0109375 0.0265625
0 0.334375 0.61875 0.003125 0.003125
2 0.903125 0.6171875 0.009375 0.025
0 0.9015625 0.609375 0.003125 0.003125
2 0.9140625 0.6109375 0.009375 0.0140625
0 0.9125 0.60625 0.003125 0.003125