2 0.0390625 0.46953125 0.078125 0.2015625
0 0.0359375 0.3859375 0.025 0.0296875
2 0.1046875 0.4546875 0.0921875 0.2359375
0 0.090625 0.3578125 0.025 0.03125
2 0.1640625 0.5578125 0.134375 0.4625
0 0.1890625 0.3578125 0.0515625 0.0578125
2 0.153125 0.559375 0.171875 0.3828125
0 0.1484375 0.396875 0.0390625 0.046875
2 0.2765625 0.471875 0.0734375 0.1875
0 0.2796875 0.3953125 0.0203125 0.0296875
2 0.253125 0.446875 0.0421875 0.1328125
0 0.25625 0.39375 0.0171875 0.0234375
2 0.3125 0.4546875 0.059375 0.1703125
0 0.3078125 0.3859375 0.021875 0.0265625
2 0.3640625 0.475 0.065625 0.2
0 0.353125 0.3921875 0.025 0.03125
2 0.4234375 0.4640625 0.053125 0.15625
0 0.41875 0.4 0.01875 0.0203125
2 0.475 0.45625 0.0640625 0.1859375
0 0.475 0.3765625 0.01875 0.0234375
2 0.3890625 0.4390625 0.04375 0.13125
0 0.3859375 0.3796875 0.0140625 0.0140625
2 0.409375 0.4296875 0.034375 0.1359375
0 0.409375 0.3734375 0.015625 0.0171875
2 0.5234375 0.465625 0.0546875 0.1578125
0 0.5171875 0.4015625 0.021875 0.0234375
2 0.5796875 0.4625 0.0546875 0.15
0 0.5796875 0.4015625 0.01875 0.021875
2 0.5484375 0.4515625 0.0453125 0.140625
0 0.54375 0.390625 0.0171875 0.0171875