2 0.1578125 0.61875 0.2 0.571875
0 0.1703125 0.3875 0.078125 0.1
2 0.296875 0.5828125 0.14375 0.553125
0 0.315625 0.3578125 0.071875 0.096875
2 0.35625 0.5203125 0.2625 0.6296875
0 0.4015625 0.25625 0.071875 0.09375
2 0.5234375 0.4734375 0.278125 0.715625
0 0.525 0.1734375 0.0765625 0.09375
2 0.653125 0.575 0.275 0.63125
0 0.6203125 0.315625 0.0765625 0.0984375
2 0.7453125 0.6234375 0.1671875 0.5484375
0 0.7171875 0.4078125 0.075 0.0875
2 0.6640625 0.5125 0.196875 0.6640625
0 0.6640625 0.2359375 0.075 0.1046875
2 0.7953125 0.5265625 0.19375 0.68125
0 0.7734375 0.2421875 0.0765625 0.1109375
0 0.9515625 0.2609375 0.0625 0.0671875
2 0.9265625 0.4453125 0.1234375 0.4125
0 0.9390625 0.275 0.0484375 0.0640625