2 0.21875 0.6890625 0.0546875 0.16875
0 0.221875 0.6203125 0.0203125 0.0234375
2 0.2640625 0.703125 0.0703125 0.2078125
0 0.2640625 0.615625 0.0234375 0.0234375
2 0.30625 0.7125 0.0546875 0.184375
0 0.3109375 0.634375 0.0234375 0.0234375
2 0.3609375 0.721875 0.09375 0.2453125
0 0.3609375 0.61875 0.028125 0.034375
2 0.446875 0.7046875 0.084375 0.203125
0 0.4421875 0.6234375 0.0234375 0.0265625
2 0.534375 0.6671875 0.0453125 0.109375
0 0.5375 0.6203125 0.0125 0.0125
2 0.6234375 0.7265625 0.0796875 0.2265625
0 0.634375 0.6296875 0.025 0.0296875
2 0.703125 0.73125 0.090625 0.215625
0 0.6984375 0.6421875 0.0265625 0.034375
0 0.8 0.61875 0.0125 0.0140625
2 0.203125 0.64375 0.0171875 0.0734375
0 0.2046875 0.6140625 0.009375 0.009375
2 0.2140625 0.6390625 0.0234375 0.084375
0 0.21875 0.60625 0.009375 0.0125
2 0.246875 0.6453125 0.025 0.084375
0 0.246875 0.609375 0.0109375 0.0109375
2 0.30625 0.6359375 0.01875 0.0640625
0 0.30625 0.6109375 0.009375 0.009375
2 0.328125 0.65 0.025 0.08125
0 0.328125 0.615625 0.0109375 0.0125
2 0.3828125 0.621875 0.0109375 0.0359375
0 0.3828125 0.609375 0.0046875 0.00625
2 0.375 0.6375 0.0109375 0.040625
0 0.375 0.621875 0.0078125 0.009375
2 0.3921875 0.65 0.0203125 0.08125
0 0.39375 0.6140625 0.009375 0.009375
2 0.4046875 0.665625 0.0390625 0.1046875
0 0.4046875 0.621875 0.0140625 0.015625
2 0.4234375 0.65 0.01875 0.08125
0 0.4234375 0.6171875 0.009375 0.0140625
2 0.465625 0.6515625 0.0265625 0.0828125
0 0.4625 0.6171875 0.009375 0.0109375
2 0.45625 0.6234375 0.0109375 0.0375
0 0.4578125 0.609375 0.003125 0.0046875
2 0.484375 0.63125 0.015625 0.0421875
0 0.484375 0.615625 0.0046875 0.00625
2 0.50625 0.6421875 0.0234375 0.0640625
0 0.50625 0.6171875 0.00625 0.009375
2 0.5171875 0.6359375 0.015625 0.0484375
0 0.51875 0.615625 0.00625 0.00625
2 0.5296875 0.628125 0.015625 0.046875
0 0.534375 0.609375 0.0046875 0.00625
2 0.55 0.6375 0.01875 0.046875
0 0.546875 0.61875 0.0078125 0.00625
2 0.55625 0.6359375 0.015625 0.05
0 0.553125 0.61875 0.0046875 0.0078125
2 0.578125 0.6265625 0.0171875 0.0375
0 0.58125 0.6109375 0.0046875 0.00625
2 0.5890625 0.628125 0.0140625 0.0375
0 0.5890625 0.6140625 0.0046875 0.0046875
2 0.6203125 0.6421875 0.01875 0.06875
0 0.621875 0.6171875 0.0109375 0.0109375
2 0.6046875 0.665625 0.0296875 0.1
0 0.609375 0.6234375 0.0109375 0.0140625
2 0.6578125 0.65 0.0203125 0.0828125
0 0.6609375 0.615625 0.009375 0.0109375
2 0.6765625 0.659375 0.0359375 0.1
0 0.678125 0.615625 0.009375 0.0109375
2 0.7125 0.659375 0.0359375 0.1015625
0 0.7078125 0.61875 0.0140625 0.0171875
2 0.734375 0.6359375 0.0234375 0.0421875
0 0.734375 0.6203125 0.00625 0.0078125
2 0.75625 0.634375 0.015625 0.0484375
0 0.75625 0.6140625 0.00625 0.00625
2 0.765625 0.6328125 0.015625 0.0484375
0 0.765625 0.6140625 0.00625 0.0078125