2 0.0734375 0.6328125 0.071875 0.215625
0 0.0828125 0.5421875 0.0296875 0.03125
2 0.0953125 0.628125 0.065625 0.190625
0 0.0953125 0.55 0.025 0.028125
2 0.146875 0.63125 0.0765625 0.2078125
0 0.15 0.5421875 0.025 0.025
2 0.165625 0.6234375 0.075 0.184375
0 0.1609375 0.5484375 0.021875 0.0234375
2 0.140625 0.5859375 0.05625 0.125
0 0.1421875 0.534375 0.0140625 0.015625
2 0.309375 0.5953125 0.0375 0.10625
0 0.309375 0.5515625 0.0109375 0.015625
2 0.3296875 0.6 0.0625 0.1421875
0 0.328125 0.54375 0.0203125 0.021875
2 0.3609375 0.5953125 0.04375 0.1078125
0 0.35625 0.5515625 0.0125 0.0125
2 0.3796875 0.59375 0.053125 0.15
0 0.3765625 0.5296875 0.01875 0.01875
2 0.4296875 0.625 0.0828125 0.2421875
0 0.4234375 0.525 0.025 0.0328125
2 0.4578125 0.584375 0.0328125 0.0875
0 0.4578125 0.55 0.0078125 0.009375
2 0.484375 0.59375 0.053125 0.1109375
0 0.484375 0.5484375 0.0109375 0.0140625
2 0.475 0.571875 0.025 0.0578125
0 0.475 0.5484375 0.0078125 0.009375
2 0.503125 0.5703125 0.01875 0.06875
0 0.503125 0.5453125 0.00625 0.009375
2 0.515625 0.56875 0.0265625 0.0640625
0 0.5171875 0.5453125 0.009375 0.0109375
2 0.521875 0.5890625 0.0359375 0.1109375
0 0.525 0.54375 0.0109375 0.015625
2 0.55 0.6140625 0.08125 0.2125
0 0.54375 0.521875 0.0234375 0.025
2 0.59375 0.628125 0.125 0.284375
0 0.5859375 0.5078125 0.034375 0.0375
2 0.609375 0.5875 0.040625 0.1078125
0 0.6078125 0.54375 0.0140625 0.015625
2 0.6734375 0.5734375 0.04375 0.103125
0 0.6703125 0.5296875 0.0125 0.0125
2 0.7 0.56875 0.0359375 0.1
0 0.6984375 0.5296875 0.009375 0.0125
2 0.7828125 0.6078125 0.1078125 0.29375
0 0.76875 0.4828125 0.0453125 0.040625
2 0.8421875 0.5515625 0.05625 0.1703125
0 0.8328125 0.484375 0.0203125 0.021875