2 0.15625 0.6515625 0.18125 0.18125
0 0.1515625 0.5890625 0.040625 0.05
2 0.153125 0.615625 0.1015625 0.1625
0 0.153125 0.5625 0.040625 0.046875
2 0.190625 0.628125 0.1109375 0.1265625
0 0.203125 0.5859375 0.0328125 0.0375
2 0.225 0.6015625 0.1109375 0.13125
0 0.228125 0.5609375 0.0296875 0.0375
2 0.275 0.6484375 0.146875 0.18125
0 0.25 0.5859375 0.0484375 0.05625
2 0.2921875 0.6375 0.1109375 0.1359375
0 0.325 0.596875 0.034375 0.046875
2 0.325 0.596875 0.1109375 0.1375
0 0.340625 0.5515625 0.0296875 0.040625
2 0.4234375 0.675 0.196875 0.18125
0 0.4234375 0.6046875 0.040625 0.0359375
2 0.5609375 0.6609375 0.1421875 0.165625
0 0.5765625 0.6015625 0.0453125 0.040625
2 0.44375 0.5859375 0.1 0.10625
0 0.4484375 0.553125 0.025 0.0359375
2 0.5359375 0.5890625 0.0890625 0.1078125
0 0.540625 0.5515625 0.0296875 0.0328125
2 0.625 0.596875 0.090625 0.11875
0 0.6375 0.55625 0.0328125 0.0328125
2 0.696875 0.6140625 0.0890625 0.1125
0 0.7078125 0.578125 0.034375 0.034375
2 0.721875 0.6671875 0.1328125 0.1578125
0 0.725 0.6125 0.040625 0.0453125
2 0.8078125 0.6015625 0.1109375 0.1
0 0.8203125 0.575 0.034375 0.0390625
2 0.815625 0.634375 0.1109375 0.1
0 0.803125 0.6046875 0.03125 0.0375
2 0.8703125 0.68125 0.14375 0.1328125
0 0.8390625 0.6375 0.034375 0.040625
2 0.9234375 0.65625 0.121875 0.146875
0 0.9265625 0.60625 0.034375 0.040625