0 0.746875 0.4984375 0.0796875 0.0765625
2 0.68125 0.634375 0.1765625 0.371875
0 0.6875 0.478125 0.0546875 0.0578125
2 0.8140625 0.5640625 0.1359375 0.2703125
0 0.80625 0.459375 0.03125 0.0390625
2 0.6953125 0.5203125 0.090625 0.2
0 0.7109375 0.4390625 0.0296875 0.0328125
2 0.678125 0.5265625 0.0875 0.2
0 0.675 0.44375 0.021875 0.028125
2 0.734375 0.453125 0.0484375 0.1078125
0 0.7390625 0.4125 0.0203125 0.021875
2 0.71875 0.4546875 0.0453125 0.1078125
0 0.71875 0.4125 0.0171875 0.01875
2 0.615625 0.4578125 0.0359375 0.0953125
0 0.615625 0.41875 0.0109375 0.0125
2 0.60625 0.4421875 0.0203125 0.0703125
0 0.609375 0.415625 0.009375 0.0109375
2 0.6203125 0.4421875 0.0234375 0.06875
0 0.6203125 0.4140625 0.009375 0.009375
2 0.5921875 0.4421875 0.021875 0.0765625
0 0.5921875 0.409375 0.0078125 0.009375
2 0.5734375 0.4390625 0.0234375 0.0734375
0 0.571875 0.4078125 0.0078125 0.009375
2 0.553125 0.4375 0.0234375 0.0703125
0 0.55 0.4078125 0.009375 0.009375
2 0.5375 0.4390625 0.0375 0.0859375
0 0.5328125 0.4078125 0.0125 0.0140625
2 0.5015625 0.4578125 0.040625 0.115625
0 0.5015625 0.4109375 0.0125 0.0140625
2 0.603125 0.4296875 0.021875 0.0546875
0 0.60625 0.40625 0.00625 0.00625
2 0.4921875 0.4390625 0.0265625 0.0734375
0 0.4921875 0.4078125 0.0078125 0.009375
2 0.509375 0.490625 0.0625 0.1609375
0 0.515625 0.425 0.021875 0.025
2 0.5390625 0.565625 0.084375 0.2765625
0 0.5421875 0.4484375 0.0296875 0.0359375
2 0.4640625 0.4765625 0.0453125 0.125
0 0.4625 0.4234375 0.015625 0.0171875
2 0.390625 0.4609375 0.0390625 0.1265625
0 0.390625 0.4109375 0.015625 0.01875
2 0.35625 0.4796875 0.05 0.0984375
0 0.3578125 0.4421875 0.0203125 0.01875
2 0.3421875 0.565625 0.0984375 0.246875
0 0.3234375 0.4609375 0.028125 0.0328125
2 0.3125 0.54375 0.11875 0.2234375
0 0.2765625 0.4578125 0.0328125 0.0421875
2 0.296875 0.484375 0.0640625 0.18125
0 0.2984375 0.4078125 0.01875 0.0234375
2 0.209375 0.503125 0.0765625 0.2234375
0 0.2078125 0.4125 0.03125 0.0359375
2 0.5828125 0.4671875 0.046875 0.1078125
0 0.5828125 0.421875 0.0125 0.0140625