2 0.08125 0.65625 0.1625 0.4078125
0 0.0546875 0.490625 0.0546875 0.065625
2 0.1703125 0.6796875 0.1578125 0.41875
0 0.1453125 0.5078125 0.05625 0.0640625
2 0.19375 0.5765625 0.121875 0.346875
0 0.209375 0.4296875 0.0421875 0.046875
2 0.2921875 0.6421875 0.2015625 0.459375
0 0.290625 0.459375 0.053125 0.065625
2 0.2546875 0.5234375 0.0671875 0.2203125
0 0.259375 0.4359375 0.0296875 0.0359375
2 0.4078125 0.51875 0.0921875 0.246875
0 0.415625 0.41875 0.034375 0.0375
2 0.4796875 0.696875 0.2625 0.4984375
0 0.434375 0.4859375 0.053125 0.0734375
2 0.5046875 0.5640625 0.1078125 0.3109375
0 0.50625 0.4515625 0.0375 0.059375
2 0.425 0.5859375 0.0921875 0.303125
0 0.4140625 0.465625 0.0328125 0.0421875
2 0.5140625 0.496875 0.0890625 0.2203125
0 0.509375 0.4140625 0.03125 0.0359375
2 0.5890625 0.540625 0.090625 0.2640625
0 0.58125 0.43125 0.0296875 0.0375
2 0.6671875 0.528125 0.1046875 0.296875
0 0.6640625 0.40625 0.0421875 0.0421875
2 0.6078125 0.434375 0.040625 0.1109375
0 0.6046875 0.3890625 0.01875 0.01875
2 0.5421875 0.4375 0.0625 0.1328125
0 0.5390625 0.3890625 0.0203125 0.025
2 0.6375 0.4359375 0.0484375 0.125
0 0.64375 0.3875 0.01875 0.01875
2 0.709375 0.4515625 0.0484375 0.125
0 0.709375 0.403125 0.021875 0.0234375
2 0.6984375 0.4140625 0.0421875 0.1046875
0 0.6984375 0.3734375 0.01875 0.015625
2 0.71875 0.4234375 0.0375 0.1109375
0 0.71875 0.38125 0.0140625 0.015625
2 0.7546875 0.4453125 0.0546875 0.1515625
0 0.7515625 0.384375 0.0203125 0.0234375
2 0.8078125 0.44375 0.06875 0.1671875
0 0.8078125 0.3765625 0.021875 0.025
2 0.86875 0.43125 0.059375 0.15625
0 0.86875 0.3671875 0.021875 0.025
2 0.8515625 0.4171875 0.0484375 0.1359375
0 0.8546875 0.3640625 0.01875 0.021875
2 0.8359375 0.409375 0.0375 0.1109375
0 0.8359375 0.3671875 0.0125 0.0140625
2 0.9234375 0.425 0.0484375 0.1234375
0 0.91875 0.3765625 0.015625 0.01875
2 0.9078125 0.4171875 0.0453125 0.121875
0 0.90625 0.3734375 0.015625 0.0234375
2 0.95625 0.4234375 0.0515625 0.1296875
0 0.9546875 0.371875 0.0203125 0.0234375
2 0.9640625 0.4015625 0.0421875 0.1078125
0 0.9640625 0.3609375 0.0125 0.015625