0 0.24375 0.5140625 0.0921875 0.125
0 0.03125 0.46640625 0.0625 0.1015625
2 0.1625 0.634375 0.1390625 0.3984375
0 0.165625 0.46875 0.0515625 0.059375
0 0.3125 0.4859375 0.05 0.0640625
2 0.3609375 0.6140625 0.115625 0.3265625
0 0.353125 0.475 0.0375 0.04375
0 0.5125 0.4375 0.0671875 0.0828125
0 0.6484375 0.5171875 0.053125 0.0671875
2 0.690625 0.640625 0.1265625 0.303125
0 0.6890625 0.5109375 0.0375 0.0390625
2 0.621875 0.6203125 0.1 0.2828125
0 0.6125 0.5015625 0.034375 0.040625
0 0.8453125 0.4953125 0.0515625 0.0625
2 0.875 0.6359375 0.16875 0.33125
0 0.8734375 0.5015625 0.0421875 0.053125
2 0.909375 0.6203125 0.11875 0.3
0 0.903125 0.4953125 0.0359375 0.0359375
2 0.928125 0.5546875 0.059375 0.1671875
0 0.9265625 0.4875 0.021875 0.0234375
2 0.7796875 0.571875 0.0890625 0.1953125
0 0.7671875 0.4921875 0.0265625 0.0265625
2 0.7984375 0.5625 0.053125 0.15
0 0.7984375 0.5015625 0.021875 0.025
2 0.690625 0.5625 0.075 0.2125
0 0.6921875 0.4734375 0.0296875 0.0359375
2 0.715625 0.5453125 0.046875 0.15
0 0.7171875 0.4859375 0.01875 0.021875
2 0.56875 0.559375 0.0625 0.1875
0 0.565625 0.4828125 0.021875 0.0296875
2 0.475 0.6015625 0.1265625 0.328125
0 0.4625 0.46875 0.046875 0.05625
2 0.0953125 0.5109375 0.034375 0.0859375
0 0.09375 0.4765625 0.0171875 0.0140625
2 0.1171875 0.5 0.028125 0.078125
0 0.11875 0.4703125 0.0109375 0.0125
2 0.0640625 0.5109375 0.046875 0.103125
0 0.059375 0.471875 0.015625 0.01875
2 0.8125 0.50625 0.025 0.0609375
0 0.8125 0.4828125 0.009375 0.009375
2 0.7984375 0.50625 0.0234375 0.0625
0 0.796875 0.4828125 0.009375 0.009375
2 0.44375 0.5125 0.0390625 0.1171875
0 0.4390625 0.4671875 0.0140625 0.0171875
2 0.4078125 0.5296875 0.04375 0.115625
0 0.409375 0.484375 0.015625 0.01875
2 0.3671875 0.5484375 0.0546875 0.1625
0 0.36875 0.4875 0.0203125 0.0265625
2 0.3796875 0.51875 0.034375 0.1078125
0 0.3796875 0.4765625 0.015625 0.01875
2 0.390625 0.5046875 0.0296875 0.084375
0 0.3875 0.471875 0.0109375 0.0125