2 0.14375 0.7171875 0.0453125 0.121875
0 0.1390625 0.665625 0.015625 0.0171875
2 0.1265625 0.728125 0.0359375 0.096875
0 0.125 0.6921875 0.0125 0.015625
2 0.16875 0.6953125 0.021875 0.0609375
0 0.1671875 0.6703125 0.0078125 0.0078125
2 0.2234375 0.71875 0.04375 0.115625
0 0.2203125 0.671875 0.015625 0.0171875
2 0.2609375 0.7171875 0.040625 0.1265625
0 0.2625 0.665625 0.015625 0.0171875
2 0.2328125 0.69375 0.021875 0.0625
0 0.2328125 0.6703125 0.0078125 0.0078125
0 0.5125 0.665625 0.015625 0.01875
2 0.5015625 0.7125 0.0390625 0.115625
0 0.503125 0.6671875 0.0125 0.015625
2 0.5703125 0.7078125 0.0375 0.0953125
0 0.5734375 0.66875 0.0109375 0.0125
2 0.64375 0.703125 0.03125 0.053125
0 0.6484375 0.6796875 0.00625 0.00625
0 0.753125 0.665625 0.021875 0.0234375
0 0.7765625 0.6609375 0.01875 0.021875
2 0.8703125 0.7125 0.0421875 0.0953125
0 0.8703125 0.678125 0.015625 0.015625