2 0.8265625 0.6046875 0.0640625 0.1484375
0 0.8328125 0.5453125 0.0171875 0.0203125
2 0.7421875 0.58125 0.040625 0.1140625
0 0.740625 0.5359375 0.0125 0.01875
2 0.73125 0.565625 0.025 0.0703125
0 0.73125 0.5390625 0.0109375 0.0140625
2 0.709375 0.56875 0.025 0.06875
0 0.7109375 0.5421875 0.009375 0.0109375
2 0.6921875 0.5671875 0.0234375 0.065625
0 0.69375 0.5421875 0.009375 0.0109375
2 0.671875 0.5859375 0.0609375 0.1125
0 0.6671875 0.5390625 0.0140625 0.015625
2 0.6578125 0.5734375 0.046875 0.0859375
0 0.6609375 0.5390625 0.0109375 0.0125
2 0.640625 0.553125 0.01875 0.046875
0 0.6421875 0.534375 0.00625 0.00625
2 0.6203125 0.55 0.01875 0.046875
0 0.6203125 0.5328125 0.00625 0.00625
2 0.6125 0.5609375 0.0265625 0.05625
0 0.609375 0.5390625 0.00625 0.00625
2 0.609375 0.5515625 0.021875 0.0453125
0 0.609375 0.5328125 0.0046875 0.00625
2 0.590625 0.5609375 0.021875 0.05625
0 0.5921875 0.540625 0.0078125 0.009375
2 0.5984375 0.5453125 0.0125 0.0328125
0 0.6 0.5328125 0.0046875 0.0046875
2 0.5765625 0.55 0.0140625 0.04375
0 0.578125 0.5328125 0.00625 0.0046875
2 0.5875 0.5484375 0.0140625 0.040625
0 0.5875 0.5328125 0.0046875 0.0046875
2 0.56875 0.5453125 0.0140625 0.0359375
0 0.571875 0.53125 0.003125 0.0046875
2 0.5484375 0.546875 0.0125 0.0359375
0 0.55 0.5328125 0.003125 0.0046875
2 0.5328125 0.5421875 0.0109375 0.028125
0 0.534375 0.5328125 0.0046875 0.0046875
2 0.4796875 0.54375 0.009375 0.028125
0 0.4796875 0.534375 0.0046875 0.0046875
2 0.4890625 0.5453125 0.0125 0.0296875
0 0.4890625 0.534375 0.0046875 0.0046875
2 0.425 0.584375 0.05 0.121875
0 0.4328125 0.534375 0.0140625 0.01875
2 0.3375 0.5765625 0.0453125 0.1078125
0 0.334375 0.5328125 0.0109375 0.0171875
2 0.1734375 0.540625 0.0125 0.0234375
0 0.171875 0.5328125 0.003125 0.003125
2 0.178125 0.540625 0.0140625 0.0234375
0 0.1765625 0.53125 0.003125 0.003125
2 0.2 0.5359375 0.009375 0.0203125
0 0.203125 0.528125 0.003125 0.003125
2 0.1265625 0.6390625 0.1171875 0.234375
0 0.1375 0.5390625 0.028125 0.0296875
2 0.6359375 0.55 0.0203125 0.04375
0 0.6421875 0.534375 0.00625 0.00625