2 0.046875 0.640625 0.09375 0.25
0 0.046875 0.534375 0.028125 0.028125
2 0.103125 0.625 0.0859375 0.24375
0 0.096875 0.521875 0.03125 0.034375
2 0.2078125 0.6234375 0.078125 0.234375
0 0.215625 0.528125 0.0296875 0.034375
2 0.2796875 0.61875 0.06875 0.2421875
0 0.275 0.5171875 0.028125 0.0328125
2 0.2703125 0.6265625 0.071875 0.2015625
0 0.284375 0.54375 0.0234375 0.0265625
2 0.3171875 0.6203125 0.078125 0.21875
0 0.3140625 0.528125 0.021875 0.0296875
2 0.45625 0.625 0.0875 0.225
0 0.46875 0.53125 0.0296875 0.03125
2 0.5421875 0.63125 0.0875 0.20625
0 0.5328125 0.546875 0.025 0.0296875
0 0.83125 0.503125 0.05625 0.0609375
2 0.9 0.6234375 0.08125 0.23125
0 0.8921875 0.53125 0.025 0.03125
2 0.9640625 0.49375 0.021875 0.0640625
0 0.9625 0.46875 0.00625 0.0078125
2 0.7640625 0.5125 0.0375 0.09375
0 0.7640625 0.475 0.015625 0.0140625
2 0.8015625 0.509375 0.0296875 0.0859375
0 0.803125 0.475 0.0109375 0.0125
2 0.78125 0.4953125 0.028125 0.078125
0 0.78125 0.4625 0.0078125 0.009375
2 0.6921875 0.4875 0.0171875 0.053125
0 0.690625 0.465625 0.0078125 0.0078125
2 0.703125 0.4890625 0.01875 0.05
0 0.70625 0.4703125 0.00625 0.00625
2 0.6328125 0.5125 0.034375 0.096875
0 0.63125 0.471875 0.015625 0.015625
2 0.60625 0.5203125 0.0421875 0.121875
0 0.6046875 0.46875 0.0125 0.015625
2 0.5625 0.525 0.046875 0.109375
0 0.5640625 0.4828125 0.015625 0.015625
2 0.5109375 0.515625 0.0421875 0.1359375
0 0.5078125 0.4578125 0.015625 0.015625
2 0.353125 0.5375 0.0640625 0.13125
0 0.35625 0.484375 0.01875 0.0203125
2 0.3859375 0.5265625 0.05 0.13125
0 0.3875 0.475 0.015625 0.01875
2 0.4109375 0.5265625 0.04375 0.11875
0 0.4078125 0.478125 0.0171875 0.0171875
2 0.4484375 0.525 0.0515625 0.11875
0 0.4453125 0.478125 0.0171875 0.01875
2 0.225 0.4859375 0.021875 0.059375
0 0.225 0.4625 0.0078125 0.0078125
2 0.0734375 0.4875 0.025 0.0625
0 0.075 0.4625 0.009375 0.009375
2 0.0125 0.4859375 0.01875 0.06875
0 0.015625 0.459375 0.009375 0.0125
2 0.2703125 0.503125 0.028125 0.0875
0 0.2703125 0.4671875 0.0125 0.0125
2 0.2875 0.4984375 0.03125 0.090625
0 0.2859375 0.4625 0.0109375 0.0140625
2 0.3234375 0.5265625 0.046875 0.128125
0 0.325 0.478125 0.015625 0.021875
2 0.490625 0.5140625 0.0375 0.090625
0 0.490625 0.4796875 0.0109375 0.0140625
2 0.4265625 0.5046875 0.03125 0.0984375
0 0.428125 0.471875 0.0125 0.015625
2 0.5359375 0.515625 0.028125 0.0875
0 0.5375 0.478125 0.0125 0.0140625
2 0.75 0.490625 0.025 0.06875
0 0.7515625 0.4625 0.0109375 0.009375
2 0.640625 0.4984375 0.0265625 0.084375
0 0.6390625 0.465625 0.009375 0.0125