2 0.0359375 0.7296875 0.028125 0.0828125
0 0.0375 0.696875 0.0125 0.0125
2 0.059375 0.721875 0.0375 0.0921875
0 0.0609375 0.684375 0.0109375 0.0125
2 0.1 0.725 0.03125 0.075
0 0.1015625 0.696875 0.0125 0.0125
2 0.1234375 0.7234375 0.0328125 0.0734375
0 0.125 0.6953125 0.009375 0.0125
2 0.184375 0.715625 0.028125 0.0625
0 0.1828125 0.690625 0.0078125 0.009375
2 0.2015625 0.7171875 0.021875 0.059375
0 0.2 0.69375 0.009375 0.0109375
2 0.2609375 0.715625 0.0203125 0.0578125
0 0.2609375 0.69375 0.0109375 0.009375
2 0.3 0.7046875 0.0109375 0.0359375
0 0.303125 0.69375 0.0078125 0.0078125
2 0.3625 0.7125 0.0203125 0.0671875
0 0.3640625 0.6859375 0.0078125 0.009375
2 0.421875 0.7109375 0.021875 0.0671875
0 0.4203125 0.6859375 0.0078125 0.0078125
2 0.5046875 0.7125 0.0203125 0.0609375
0 0.503125 0.6875 0.0078125 0.009375
2 0.625 0.7078125 0.01875 0.0640625
0 0.6234375 0.684375 0.009375 0.0109375
2 0.6671875 0.703125 0.03125 0.06875
0 0.6625 0.678125 0.0109375 0.0109375
2 0.7828125 0.734375 0.1734375 0.1390625
0 0.753125 0.6859375 0.040625 0.040625
2 0.8703125 0.703125 0.01875 0.0515625
0 0.8703125 0.68125 0.0078125 0.0078125
2 0.896875 0.7015625 0.025 0.059375
0 0.8921875 0.68125 0.0078125 0.0078125