2 0.828125 0.503125 0.25625 0.396875
0 0.834375 0.3421875 0.0625 0.0609375
2 0.6328125 0.471875 0.1921875 0.35625
0 0.615625 0.3265625 0.053125 0.053125
2 0.6171875 0.4484375 0.184375 0.315625
0 0.6 0.3171875 0.0359375 0.0453125
2 0.4734375 0.421875 0.1171875 0.3125
0 0.4828125 0.296875 0.03125 0.0359375
2 0.465625 0.603125 0.209375 0.3875
0 0.403125 0.4515625 0.065625 0.075
2 0.3734375 0.5046875 0.09375 0.2578125
0 0.35625 0.4046875 0.0453125 0.05
2 0.309375 0.49375 0.2 0.3890625
0 0.2765625 0.3390625 0.0515625 0.0515625
2 0.1734375 0.334375 0.0390625 0.0921875
0 0.1734375 0.296875 0.015625 0.0140625