2 0.0109375 0.446875 0.021875 0.0828125
0 0.0078125 0.41875 0.015625 0.015625
2 0.0234375 0.4453125 0.03125 0.090625
0 0.0203125 0.4109375 0.0171875 0.0171875
2 0.0703125 0.4296875 0.0328125 0.0953125
0 0.06875 0.39375 0.0125 0.0140625
2 0.1109375 0.4484375 0.0453125 0.1140625
0 0.10625 0.403125 0.0140625 0.01875
2 0.121875 0.4359375 0.040625 0.0953125
0 0.11875 0.396875 0.0125 0.0140625
2 0.13125 0.4328125 0.040625 0.08125
0 0.128125 0.403125 0.0125 0.0125
2 0.165625 0.5671875 0.140625 0.384375
0 0.1703125 0.4015625 0.04375 0.0515625
2 0.2203125 0.434375 0.03125 0.0859375
0 0.2203125 0.4 0.009375 0.0109375
2 0.2203125 0.4203125 0.0375 0.0890625
0 0.225 0.3859375 0.0125 0.015625
2 0.2515625 0.4125 0.0234375 0.05625
0 0.2546875 0.3921875 0.00625 0.0078125
2 0.2828125 0.4609375 0.0453125 0.175
0 0.2828125 0.3875 0.01875 0.021875
2 0.3109375 0.4140625 0.025 0.05625
0 0.3140625 0.39375 0.009375 0.009375
2 0.33125 0.471875 0.0671875 0.1609375
0 0.33125 0.4046875 0.01875 0.0234375
2 0.35625 0.446875 0.0375 0.10625
0 0.3515625 0.40625 0.0140625 0.0171875
2 0.3625 0.4359375 0.03125 0.1015625
0 0.3625 0.396875 0.009375 0.0125
2 0.371875 0.4375 0.0234375 0.0953125
0 0.3734375 0.4 0.0125 0.015625
2 0.3859375 0.44375 0.0328125 0.109375
0 0.38125 0.4015625 0.0140625 0.015625
2 0.4 0.4640625 0.040625 0.165625
0 0.4 0.3984375 0.0234375 0.0265625
2 0.4421875 0.4359375 0.034375 0.090625
0 0.4421875 0.4 0.0125 0.0140625
2 0.4671875 0.4359375 0.03125 0.0921875
0 0.4640625 0.3984375 0.0109375 0.0125
2 0.4734375 0.40625 0.015625 0.034375
0 0.4734375 0.39375 0.00625 0.00625
2 0.5 0.4515625 0.053125 0.15
0 0.5 0.3875 0.0171875 0.01875
2 0.49375 0.4390625 0.0390625 0.103125
0 0.49375 0.4 0.015625 0.015625
2 0.5390625 0.50625 0.134375 0.278125
0 0.5375 0.3890625 0.03125 0.034375
2 0.5609375 0.5109375 0.134375 0.2703125
0 0.56875 0.4 0.03125 0.0375
2 0.6109375 0.4390625 0.0328125 0.0875
0 0.60625 0.40625 0.0109375 0.0125
2 0.6234375 0.4109375 0.0171875 0.040625
0 0.6234375 0.3984375 0.0078125 0.00625
2 0.6421875 0.4359375 0.0359375 0.1
0 0.64375 0.39375 0.0125 0.0125
2 0.6515625 0.484375 0.0375 0.0984375
0 0.6546875 0.44375 0.0125 0.0125
2 0.6484375 0.4765625 0.109375 0.184375
0 0.6640625 0.4015625 0.0203125 0.0203125
2 0.678125 0.434375 0.04375 0.1140625
0 0.6796875 0.3859375 0.0140625 0.015625
2 0.703125 0.4078125 0.021875 0.040625
0 0.703125 0.3953125 0.00625 0.00625
2 0.75 0.4421875 0.0359375 0.09375
0 0.75 0.4046875 0.0109375 0.0140625
2 0.76875 0.43125 0.021875 0.0625
0 0.7671875 0.4046875 0.00625 0.0078125
2 0.7734375 0.4125 0.015625 0.028125
0 0.7734375 0.4078125 0.003125 0.0046875
2 0.8 0.4359375 0.034375 0.05625
0 0.8 0.41875 0.0125 0.015625
2 0.78125 0.496875 0.0703125 0.121875
0 0.7859375 0.4484375 0.01875 0.0203125
2 0.8765625 0.459375 0.046875 0.090625
0 0.878125 0.425 0.0140625 0.015625
2 0.9046875 0.4640625 0.0546875 0.0953125
0 0.8953125 0.4296875 0.01875 0.0171875
2 0.940625 0.4640625 0.0515625 0.0953125
0 0.946875 0.428125 0.015625 0.0171875
2 0.93125 0.459375 0.0421875 0.1015625
0 0.9375 0.4203125 0.015625 0.0171875