2 0.8453125 0.509375 0.121875 0.2234375
0 0.8515625 0.4171875 0.028125 0.034375
2 0.7921875 0.4828125 0.0796875 0.1859375
0 0.7921875 0.40625 0.025 0.028125
2 0.6953125 0.484375 0.0828125 0.2234375
0 0.7 0.3921875 0.025 0.0328125
2 0.5171875 0.50625 0.0703125 0.2203125
0 0.5125 0.415625 0.0296875 0.0359375
2 0.4609375 0.5234375 0.1125 0.26875
0 0.46875 0.4109375 0.0359375 0.0390625
2 0.425 0.478125 0.1 0.1984375
0 0.4421875 0.3953125 0.0265625 0.028125
2 0.090625 0.4671875 0.0609375 0.1625
0 0.09375 0.4015625 0.01875 0.025
2 0.103125 0.4328125 0.028125 0.1
0 0.1046875 0.390625 0.0125 0.0125
2 0.1296875 0.45 0.040625 0.1265625
0 0.125 0.396875 0.0140625 0.015625
2 0.215625 0.4796875 0.0578125 0.1609375
0 0.225 0.4125 0.0234375 0.025
2 0.21875 0.44375 0.0421875 0.0734375
0 0.2234375 0.4171875 0.015625 0.01875
2 0.246875 0.4625 0.05 0.1453125
0 0.25 0.403125 0.01875 0.0203125
2 0.2875 0.4703125 0.08125 0.1640625
0 0.28125 0.4046875 0.0171875 0.025
2 0.29375 0.4484375 0.0453125 0.128125
0 0.2953125 0.3984375 0.01875 0.0265625
2 0.3328125 0.4609375 0.0515625 0.14375
0 0.328125 0.4046875 0.0171875 0.0265625
2 0.2390625 0.4375 0.0359375 0.121875
0 0.2375 0.3875 0.0171875 0.01875
2 0.390625 0.4125 0.025 0.053125
0 0.390625 0.390625 0.00625 0.00625
2 0.521875 0.4109375 0.015625 0.0484375
0 0.521875 0.3921875 0.00625 0.0078125
2 0.546875 0.415625 0.015625 0.05
0 0.546875 0.396875 0.00625 0.00625
2 0.5640625 0.4140625 0.015625 0.0515625
0 0.565625 0.3921875 0.0078125 0.0078125
2 0.5953125 0.4171875 0.0234375 0.046875
0 0.5921875 0.3984375 0.0078125 0.0078125
2 0.6359375 0.4171875 0.0234375 0.053125
0 0.6359375 0.3984375 0.00625 0.00625
2 0.728125 0.4234375 0.021875 0.0625
0 0.7265625 0.3984375 0.009375 0.0109375
2 0.7578125 0.4140625 0.0140625 0.0453125
0 0.7578125 0.396875 0.00625 0.0078125