2 0.2921875 0.4796875 0.0140625 0.0359375
0 0.29375 0.465625 0.0046875 0.0046875
2 0.303125 0.48125 0.0140625 0.03125
0 0.3046875 0.4703125 0.0046875 0.0046875
2 0.334375 0.478125 0.0109375 0.0390625
0 0.334375 0.4625 0.0046875 0.0046875
2 0.3421875 0.478125 0.0109375 0.03125
0 0.3421875 0.465625 0.0046875 0.0046875
2 0.35 0.478125 0.0109375 0.03125
0 0.35 0.465625 0.00625 0.0046875
2 0.5890625 0.509375 0.053125 0.178125
0 0.5875 0.4328125 0.0171875 0.0234375
2 0.590625 0.5375 0.0609375 0.1890625
0 0.5953125 0.459375 0.025 0.028125
2 0.6328125 0.5125 0.04375 0.1640625
0 0.6421875 0.4453125 0.0171875 0.0203125
2 0.6609375 0.5296875 0.075 0.2109375
0 0.659375 0.4390625 0.021875 0.028125
2 0.5578125 0.5546875 0.1046875 0.278125
0 0.5515625 0.4359375 0.0328125 0.040625
0 0.4390625 0.4140625 0.071875 0.0921875
0 0.6921875 0.4046875 0.053125 0.0671875
0 0.18125 0.375 0.075 0.0984375
0 0.728125 0.3734375 0.0953125 0.109375