2 0.059375 0.51640625 0.11875 0.6234375
0 0.01875 0.259375 0.0359375 0.065625
2 0.01875 0.3359375 0.0375 0.159375
0 0.0171875 0.2734375 0.021875 0.025
2 0.0734375 0.40625 0.146875 0.4296875
0 0.0609375 0.225 0.0484375 0.05625
2 0.05 0.41484375 0.1 0.3453125
0 0.05 0.41484375 0.1 0.3453125
2 0.1296875 0.509375 0.14375 0.60625
0 0.1296875 0.2578125 0.06875 0.071875
2 0.175 0.375 0.125 0.315625
0 0.1796875 0.2390625 0.028125 0.034375
2 0.21875 0.38125 0.109375 0.33125
0 0.209375 0.24375 0.046875 0.053125
2 0.2671875 0.41875 0.075 0.153125
0 0.2859375 0.35625 0.0234375 0.025
2 0.340625 0.396875 0.0921875 0.3734375
0 0.34375 0.2390625 0.0390625 0.046875
2 0.41875 0.4375 0.1875 0.471875
0 0.40625 0.2375 0.05625 0.0546875
2 0.425 0.396875 0.078125 0.309375
0 0.4296875 0.2734375 0.0375 0.05
2 0.478125 0.3859375 0.096875 0.34375
0 0.471875 0.2375 0.034375 0.046875
2 0.515625 0.3953125 0.115625 0.359375
0 0.5140625 0.2453125 0.040625 0.053125
2 0.578125 0.4421875 0.196875 0.43125
0 0.5578125 0.2625 0.053125 0.065625
2 0.565625 0.3265625 0.071875 0.23125
0 0.5671875 0.2296875 0.028125 0.034375
2 0.6265625 0.4109375 0.090625 0.26875
0 0.628125 0.3 0.034375 0.04375
2 0.61875 0.3640625 0.1171875 0.3375
0 0.621875 0.2203125 0.0390625 0.046875
2 0.64375 0.29375 0.0375 0.128125
0 0.64375 0.240625 0.01875 0.01875
2 0.6625 0.2875 0.03125 0.13125
0 0.6625 0.234375 0.0171875 0.021875
2 0.6953125 0.296875 0.0671875 0.165625
0 0.7 0.2296875 0.0203125 0.021875
2 0.75 0.284375 0.0578125 0.19375
0 0.7484375 0.2046875 0.0265625 0.028125
2 0.80625 0.346875 0.065625 0.315625
0 0.8140625 0.2140625 0.0390625 0.04375
2 0.846875 0.3140625 0.0671875 0.2375
0 0.85 0.2140625 0.025 0.03125
2 0.9015625 0.2890625 0.078125 0.240625
0 0.8828125 0.190625 0.03125 0.0359375
2 0.9265625 0.278125 0.034375 0.1234375
0 0.921875 0.228125 0.015625 0.0171875
2 0.915625 0.2875 0.0578125 0.184375
0 0.91875 0.2109375 0.025 0.025
2 0.95 0.278125 0.034375 0.11875
0 0.9578125 0.228125 0.015625 0.015625
2 0.9796875 0.26875 0.0375 0.13125
0 0.9796875 0.2140625 0.015625 0.0171875
2 0.8859375 0.353125 0.14375 0.371875
0 0.884375 0.1875 0.0484375 0.040625
0 0.73125 0.24375 0.071875 0.10625