2 0.2984375 0.6234375 0.053125 0.2015625
0 0.3015625 0.540625 0.03125 0.0328125
2 0.3515625 0.596875 0.065625 0.221875
0 0.3703125 0.50625 0.028125 0.034375
2 0.4109375 0.609375 0.0546875 0.203125
0 0.415625 0.521875 0.021875 0.021875
2 0.4 0.63125 0.1015625 0.234375
0 0.4 0.5328125 0.0296875 0.03125
2 0.41875 0.6359375 0.1234375 0.3265625
0 0.4453125 0.5 0.034375 0.04375
2 0.4890625 0.6125 0.05625 0.2109375
0 0.4890625 0.528125 0.025 0.0296875
2 0.5078125 0.6515625 0.090625 0.3078125
0 0.5140625 0.5203125 0.0328125 0.0375
2 0.546875 0.5875 0.059375 0.1828125
0 0.5453125 0.5140625 0.0234375 0.028125
2 0.584375 0.64375 0.0875 0.303125
0 0.5734375 0.5140625 0.0390625 0.040625
2 0.615625 0.6203125 0.0859375 0.2296875
0 0.6109375 0.5234375 0.025 0.028125
2 0.7421875 0.6109375 0.096875 0.2125
0 0.7453125 0.525 0.028125 0.034375
2 0.825 0.60625 0.05625 0.175
0 0.821875 0.5390625 0.0234375 0.0234375
2 0.921875 0.60625 0.084375 0.1984375
0 0.91875 0.5234375 0.0234375 0.028125
2 0.9546875 0.55 0.015625 0.040625
0 0.95625 0.534375 0.00625 0.0078125