2 0.553125 0.6890625 0.175 0.31875
0 0.553125 0.5671875 0.0390625 0.0359375
2 0.6234375 0.6640625 0.1578125 0.30625
0 0.5984375 0.5390625 0.0359375 0.04375
2 0.271875 0.496875 0.0109375 0.028125
0 0.271875 0.4859375 0.003125 0.003125
2 0.28125 0.496875 0.009375 0.0265625
0 0.2828125 0.4875 0.003125 0.003125
2 0.2859375 0.496875 0.0125 0.028125
0 0.284375 0.4859375 0.0046875 0.0046875
2 0.3328125 0.509375 0.0125 0.03125
0 0.33125 0.4984375 0.0046875 0.0046875
2 0.3953125 0.4671875 0.0109375 0.0296875
0 0.3953125 0.45625 0.003125 0.003125
2 0.7734375 0.4234375 0.0078125 0.0203125
0 0.771875 0.4171875 0.003125 0.0046875
2 0.7171875 0.4140625 0.0078125 0.01875
0 0.7171875 0.40625 0.003125 0.003125
2 0.696875 0.4234375 0.00625 0.015625
0 0.696875 0.4171875 0.003125 0.003125
2 0.634375 0.4234375 0.009375 0.0171875
0 0.6328125 0.41875 0.0015625 0.0015625
2 0.475 0.4171875 0.009375 0.01875
0 0.475 0.4125 0.0015625 0.003125
2 0.3578125 0.4234375 0.009375 0.0203125
0 0.359375 0.4171875 0.003125 0.003125
2 0.33125 0.4140625 0.0078125 0.01875
0 0.3328125 0.4078125 0.003125 0.003125