2 0.0515625 0.7453125 0.103125 0.178125
0 0.0078125 0.6796875 0.015625 0.04375
2 0.1953125 0.7140625 0.1078125 0.159375
0 0.1640625 0.6578125 0.0375 0.04375
2 0.2921875 0.7140625 0.1109375 0.171875
0 0.2828125 0.65625 0.0375 0.04375
2 0.415625 0.7421875 0.090625 0.184375
0 0.4171875 0.6796875 0.0390625 0.0484375
2 0.4015625 0.665625 0.0890625 0.178125
0 0.3796875 0.5953125 0.0390625 0.0359375
2 0.3515625 0.6125 0.096875 0.2046875
0 0.328125 0.53125 0.0390625 0.0359375
2 0.2171875 0.646875 0.1125 0.1703125
0 0.1890625 0.584375 0.040625 0.040625
2 0.075 0.6359375 0.15 0.1875
0 0.025 0.56328125 0.05 0.0390625
2 0.16875 0.56875 0.1203125 0.1859375
0 0.1453125 0.5046875 0.0328125 0.0359375
2 0.246875 0.515625 0.0765625 0.1453125
0 0.2265625 0.4609375 0.028125 0.0265625
2 0.21875 0.4828125 0.0796875 0.15
0 0.2046875 0.4234375 0.025 0.0265625
2 0.0890625 0.4984375 0.1046875 0.1328125
0 0.05625 0.4515625 0.0328125 0.028125
2 0.0484375 0.4765625 0.096875 0.1234375
0 0.0046875 0.428125 0.0078125 0.021875
2 0.1359375 0.4140625 0.0828125 0.1328125
0 0.1359375 0.3625 0.0203125 0.0234375
2 0.25 0.4578125 0.0671875 0.1390625
0 0.2375 0.40625 0.021875 0.0265625
2 0.2671875 0.459375 0.04375 0.0828125
0 0.2640625 0.43125 0.01875 0.021875
2 0.3109375 0.5 0.084375 0.1328125
0 0.2890625 0.4515625 0.021875 0.0234375
2 0.2828125 0.4796875 0.065625 0.140625
0 0.278125 0.421875 0.025 0.021875
2 0.3421875 0.4640625 0.0609375 0.1390625
0 0.3265625 0.409375 0.021875 0.0265625
2 0.3375 0.44375 0.05 0.134375
0 0.334375 0.3921875 0.01875 0.021875
2 0.4125 0.4796875 0.05625 0.1453125
0 0.40625 0.41875 0.01875 0.021875
2 0.459375 0.453125 0.0484375 0.121875
0 0.4609375 0.4046875 0.01875 0.021875
2 0.4875 0.46875 0.05625 0.1140625
0 0.4875 0.425 0.0171875 0.0203125
2 0.5453125 0.465625 0.053125 0.1375
0 0.5484375 0.4109375 0.0203125 0.021875
2 0.5078125 0.5265625 0.06875 0.159375
0 0.5078125 0.4640625 0.021875 0.0296875
2 0.546875 0.496875 0.05625 0.146875
0 0.5390625 0.4390625 0.0234375 0.025
2 0.528125 0.3984375 0.05625 0.1265625
0 0.528125 0.353125 0.0171875 0.01875
2 0.6 0.3984375 0.0484375 0.1296875
0 0.603125 0.3484375 0.01875 0.0234375
2 0.4953125 0.6375 0.0734375 0.184375
0 0.496875 0.565625 0.0328125 0.0359375
2 0.5234375 0.584375 0.0609375 0.15625
0 0.525 0.525 0.0265625 0.034375
2 0.55 0.6328125 0.0546875 0.1484375
0 0.5515625 0.578125 0.0265625 0.03125
2 0.6078125 0.6078125 0.084375 0.19375
0 0.609375 0.534375 0.03125 0.0390625
2 0.640625 0.5296875 0.0703125 0.1625
0 0.6484375 0.4671875 0.025 0.028125
2 0.85 0.7203125 0.11875 0.1578125
0 0.8828125 0.6671875 0.0546875 0.0484375
2 0.884375 0.7078125 0.1296875 0.1921875
0 0.9015625 0.6375 0.0546875 0.046875
2 0.9015625 0.653125 0.0921875 0.1609375
0 0.9203125 0.596875 0.040625 0.0375
2 0.7984375 0.6171875 0.090625 0.1515625
0 0.8234375 0.5609375 0.0296875 0.0328125
2 0.76875 0.6109375 0.1484375 0.1890625
0 0.7984375 0.5390625 0.034375 0.0359375
2 0.7046875 0.5625 0.0953125 0.190625
0 0.728125 0.4875 0.0359375 0.034375
2 0.671875 0.540625 0.075 0.146875
0 0.69375 0.48125 0.028125 0.0234375
2 0.6859375 0.515625 0.0609375 0.1421875
0 0.7 0.459375 0.0265625 0.025
2 0.6703125 0.503125 0.0703125 0.153125
0 0.6875 0.4390625 0.028125 0.0203125
2 0.71875 0.496875 0.0453125 0.178125
0 0.71875 0.425 0.03125 0.025
2 0.7515625 0.4859375 0.0390625 0.15
0 0.753125 0.428125 0.021875 0.025
2 0.7921875 0.4828125 0.05 0.1546875
0 0.803125 0.421875 0.021875 0.025
2 0.8125 0.4984375 0.040625 0.165625
0 0.8125 0.4296875 0.021875 0.0234375
2 0.7921875 0.5171875 0.0375 0.171875
0 0.7921875 0.4484375 0.0265625 0.0265625
2 0.7671875 0.525 0.0578125 0.14375
0 0.778125 0.4703125 0.03125 0.0296875
2 0.825 0.509375 0.0625 0.1421875
0 0.834375 0.45625 0.025 0.0265625
2 0.80625 0.5640625 0.084375 0.1875
0 0.821875 0.4890625 0.0359375 0.0328125
2 0.890625 0.5328125 0.134375 0.14375
0 0.915625 0.4796875 0.034375 0.0328125
2 0.896875 0.4828125 0.1078125 0.15
0 0.9328125 0.425 0.03125 0.0296875
2 0.9328125 0.490625 0.1 0.14375
0 0.9546875 0.4359375 0.0265625 0.025
0 0.95625 0.434375 0.028125 0.025