2 0.5734375 0.2390625 0.06875 0.1203125
0 0.5796875 0.1828125 0.01875 0.0078125
2 0.49375 0.2359375 0.0625 0.115625
0 0.496875 0.1828125 0.0171875 0.009375
2 0.515625 0.2890625 0.071875 0.184375
0 0.5125 0.2171875 0.0265625 0.0265625
2 0.40625 0.2875 0.065625 0.196875
0 0.4125 0.209375 0.025 0.0375
2 0.33125 0.309375 0.0703125 0.184375
0 0.3359375 0.234375 0.0234375 0.034375
2 0.2265625 0.4328125 0.096875 0.203125
0 0.21875 0.35 0.028125 0.0375
2 0.125 0.428125 0.10625 0.1890625
0 0.115625 0.3546875 0.0265625 0.0390625
2 0.3875 0.51875 0.0875 0.1859375
0 0.3859375 0.4421875 0.028125 0.028125
2 0.3546875 0.63125 0.1 0.1875
0 0.35 0.5578125 0.0296875 0.034375
2 0.471875 0.6234375 0.1015625 0.2359375
0 0.4703125 0.5265625 0.0296875 0.0375
2 0.684375 0.36875 0.0921875 0.1953125
0 0.6953125 0.290625 0.028125 0.0375
2 0.48125 0.4890625 0.071875 0.2140625
0 0.478125 0.4015625 0.028125 0.0328125
2 0.5625 0.525 0.0796875 0.2078125
0 0.565625 0.440625 0.03125 0.0359375
2 0.640625 0.5296875 0.0796875 0.2
0 0.6375 0.45 0.0265625 0.0390625
2 0.696875 0.6140625 0.0859375 0.196875
0 0.70625 0.534375 0.028125 0.0375
2 0.7984375 0.6234375 0.0828125 0.2125
0 0.8125 0.5390625 0.0296875 0.04375
2 0.8828125 0.6875 0.0796875 0.2109375
0 0.8921875 0.603125 0.034375 0.04375
0 0.6875 0.7328125 0.0328125 0.040625
0 0.3640625 0.7296875 0.03125 0.034375
0 0.2375 0.7390625 0.0296875 0.034375
2 0.5140625 0.5796875 0.065625 0.184375
0 0.5171875 0.503125 0.0234375 0.0296875
0 0.69375 0.6421875 0.025 0.034375