2 0.38125 0.6796875 0.05 0.1359375
0 0.3828125 0.6234375 0.0140625 0.0171875
2 0.4 0.6375 0.015625 0.053125
0 0.4015625 0.615625 0.00625 0.0078125
2 0.4078125 0.625 0.0109375 0.0390625
0 0.4078125 0.6125 0.0046875 0.00625
2 0.4171875 0.646875 0.025 0.078125
0 0.415625 0.6125 0.0078125 0.009375
2 0.4375 0.6484375 0.0234375 0.071875
0 0.4375 0.6203125 0.009375 0.0109375
2 0.471875 0.625 0.009375 0.028125
0 0.4703125 0.6140625 0.0046875 0.0046875
2 0.4625 0.625 0.0125 0.040625
0 0.4625 0.609375 0.00625 0.0078125
2 0.484375 0.6234375 0.0140625 0.0421875
0 0.4828125 0.60625 0.0046875 0.00625
2 0.459375 0.6265625 0.0125 0.034375
0 0.459375 0.6125 0.003125 0.0046875
2 0.4578125 0.6375 0.0203125 0.05
0 0.4609375 0.6171875 0.00625 0.00625
2 0.471875 0.646875 0.025 0.065625
0 0.4734375 0.6203125 0.0078125 0.0078125
2 0.4890625 0.646875 0.0234375 0.0640625
0 0.4859375 0.6203125 0.0078125 0.0078125
2 0.509375 0.6546875 0.0265625 0.0515625
0 0.5125 0.634375 0.00625 0.0078125
2 0.5421875 0.659375 0.0375 0.090625
0 0.5421875 0.621875 0.0125 0.0125
2 0.596875 0.61875 0.0078125 0.0203125
0 0.596875 0.6140625 0.003125 0.003125
2 0.615625 0.6203125 0.009375 0.01875
0 0.6171875 0.6125 0.003125 0.003125
2 0.625 0.6234375 0.0078125 0.01875
0 0.625 0.6171875 0.003125 0.003125
2 0.6140625 0.7265625 0.0828125 0.2140625
0 0.6140625 0.63125 0.025 0.025
2 0.6375 0.7140625 0.05625 0.18125
0 0.63125 0.6328125 0.01875 0.01875
2 0.7015625 0.71875 0.065625 0.1875
0 0.696875 0.6375 0.0203125 0.0234375
2 0.7640625 0.646875 0.021875 0.0609375
0 0.7671875 0.621875 0.0078125 0.0078125
2 0.7796875 0.65 0.0171875 0.0578125
0 0.7796875 0.6265625 0.00625 0.00625
2 0.7890625 0.6625 0.021875 0.05625
0 0.7875 0.6390625 0.0078125 0.0078125
2 0.7984375 0.6484375 0.0171875 0.05625
0 0.796875 0.6265625 0.0078125 0.009375
2 0.8046875 0.6578125 0.028125 0.0671875
0 0.803125 0.6265625 0.009375 0.009375
2 0.8375 0.6484375 0.0203125 0.053125
0 0.8375 0.6265625 0.0078125 0.00625
2 0.825 0.6671875 0.0265625 0.0734375
0 0.8265625 0.6375 0.009375 0.0078125
2 0.84375 0.6703125 0.025 0.071875
0 0.8421875 0.640625 0.0109375 0.009375
2 0.8625 0.6546875 0.0234375 0.0625
0 0.8609375 0.6265625 0.0078125 0.00625
2 0.8953125 0.659375 0.0203125 0.065625
0 0.890625 0.6328125 0.009375 0.009375
2 0.8890625 0.6609375 0.034375 0.0671875
0 0.890625 0.63125 0.009375 0.0078125
2 0.9046875 0.675 0.0140625 0.0359375
0 0.90625 0.6640625 0.0078125 0.0078125
2 0.9171875 0.6515625 0.01875 0.0375
0 0.915625 0.6375 0.00625 0.0078125
2 0.93125 0.6515625 0.0203125 0.0359375
0 0.9296875 0.6390625 0.00625 0.00625
2 0.9546875 0.646875 0.034375 0.03125
0 0.9453125 0.6359375 0.00625 0.00625
2 0.95625 0.65 0.034375 0.0375
0 0.95 0.6375 0.00625 0.00625
2 0.9671875 0.640625 0.0203125 0.04375
0 0.9640625 0.621875 0.00625 0.00625