2 0.065625 0.6 0.1296875 0.70625
0 0.0375 0.3015625 0.071875 0.084375
2 0.1625 0.5734375 0.1890625 0.6359375
0 0.16875 0.303125 0.065625 0.0828125
2 0.265625 0.56875 0.1703125 0.5640625
0 0.2796875 0.3359375 0.065625 0.0765625
2 0.3828125 0.5921875 0.140625 0.49375
0 0.390625 0.38125 0.0515625 0.0640625
2 0.4015625 0.66875 0.19375 0.4640625
0 0.4109375 0.48125 0.0578125 0.0703125
2 0.5640625 0.7109375 0.18125 0.371875
0 0.5984375 0.578125 0.0671875 0.08125
2 0.6765625 0.703125 0.1890625 0.484375
0 0.678125 0.5140625 0.0703125 0.084375
2 0.853125 0.6890625 0.284375 0.6109375
0 0.8296875 0.453125 0.0890625 0.109375