2 0.16875 0.596875 0.1 0.2046875
0 0.15 0.5171875 0.028125 0.0328125
2 0.175 0.565625 0.084375 0.1640625
0 0.1765625 0.50625 0.01875 0.021875
2 0.1015625 0.528125 0.0375 0.065625
0 0.1109375 0.5015625 0.0078125 0.0109375
2 0.23125 0.5375 0.0328125 0.053125
0 0.2375 0.515625 0.0078125 0.0078125
2 0.346875 0.578125 0.0578125 0.171875
0 0.3421875 0.5078125 0.01875 0.0203125
2 0.38125 0.565625 0.0640625 0.15
0 0.3640625 0.50625 0.0203125 0.021875
2 0.4375 0.6078125 0.0921875 0.2796875
0 0.425 0.496875 0.0390625 0.0421875
2 0.4625 0.559375 0.078125 0.1546875
0 0.45625 0.4921875 0.01875 0.01875
2 0.5203125 0.584375 0.0765625 0.1765625
0 0.5171875 0.5140625 0.021875 0.028125
2 0.6125 0.5921875 0.1078125 0.2203125
0 0.6046875 0.50625 0.0375 0.040625
2 0.746875 0.5609375 0.065625 0.14375
0 0.7421875 0.5 0.01875 0.021875
2 0.884375 0.559375 0.0546875 0.121875
0 0.88125 0.5109375 0.015625 0.015625
2 0.571875 0.55 0.059375 0.10625
0 0.5703125 0.5078125 0.0140625 0.0140625
2 0.4125 0.5296875 0.0296875 0.0609375
0 0.4109375 0.50625 0.009375 0.009375