2 0.05 0.5828125 0.1 0.4515625
0 0.0125 0.39296875 0.025 0.0578125
2 0.0984375 0.5703125 0.15 0.425
0 0.090625 0.3953125 0.0515625 0.0640625
2 0.240625 0.5875 0.128125 0.403125
0 0.2359375 0.4171875 0.0453125 0.0546875
2 0.3 0.6015625 0.1578125 0.4296875
0 0.296875 0.425 0.053125 0.0625
2 0.39375 0.5546875 0.1484375 0.3625
0 0.3703125 0.40625 0.04375 0.0609375
2 0.534375 0.58125 0.15625 0.3953125
0 0.51875 0.41875 0.046875 0.065625
2 0.4796875 0.575 0.1484375 0.365625
0 0.496875 0.425 0.03125 0.0484375
2 0.6609375 0.575 0.15625 0.4109375
0 0.678125 0.4 0.0453125 0.0515625
2 0.6140625 0.5734375 0.10625 0.3625
0 0.615625 0.421875 0.04375 0.053125
2 0.0875 0.584375 0.109375 0.365625
0 0.0859375 0.4296875 0.04375 0.046875
2 0.1625 0.5765625 0.13125 0.2390625
0 0.1421875 0.484375 0.0296875 0.028125
2 0.2734375 0.55 0.125 0.3765625
0 0.271875 0.3984375 0.040625 0.0609375
2 0.3734375 0.5421875 0.0984375 0.2859375
0 0.35 0.4296875 0.0328125 0.040625
2 0.2265625 0.4328125 0.0703125 0.19375
0 0.240625 0.35 0.0234375 0.0234375
2 0.3015625 0.4328125 0.0625 0.228125
0 0.2921875 0.3421875 0.0328125 0.034375
2 0.26875 0.3984375 0.0515625 0.196875
0 0.2671875 0.3203125 0.0234375 0.034375
2 0.3921875 0.421875 0.0640625 0.1765625
0 0.39375 0.353125 0.021875 0.028125
2 0.4625 0.4578125 0.05625 0.1609375
0 0.4671875 0.39375 0.0203125 0.025
2 0.490625 0.4546875 0.059375 0.1609375
0 0.5 0.3890625 0.0234375 0.0234375
2 0.48125 0.425 0.040625 0.08125
0 0.4796875 0.39375 0.015625 0.0125
2 0.5609375 0.4578125 0.0515625 0.1296875
0 0.565625 0.4078125 0.0203125 0.0203125
2 0.5859375 0.453125 0.0765625 0.1515625
0 0.6 0.39375 0.021875 0.0203125
2 0.73125 0.5390625 0.109375 0.2796875
0 0.734375 0.425 0.03125 0.0375
2 0.8515625 0.540625 0.1046875 0.29375
0 0.834375 0.4234375 0.040625 0.0546875
2 0.9390625 0.4953125 0.0625 0.2109375
0 0.9328125 0.409375 0.028125 0.028125