2 0.01875 0.6171875 0.0375 0.190625
0 0.0078125 0.5390625 0.015625 0.021875
2 0.06875 0.6125 0.053125 0.159375
0 0.071875 0.55 0.0125 0.015625
2 0.1171875 0.6421875 0.1 0.29375
0 0.115625 0.5234375 0.04375 0.0375
2 0.2078125 0.6453125 0.0921875 0.2625
0 0.2015625 0.53125 0.025 0.028125
2 0.1640625 0.690625 0.1390625 0.321875
0 0.2046875 0.5578125 0.040625 0.05
0 0.4359375 0.5609375 0.065625 0.0640625
2 0.5078125 0.64375 0.0875 0.2109375
0 0.5140625 0.5546875 0.021875 0.025
2 0.60625 0.64375 0.0671875 0.20625
0 0.60625 0.5578125 0.0265625 0.028125
2 0.78125 0.628125 0.0640625 0.1640625
0 0.7828125 0.565625 0.0171875 0.025
2 0.8703125 0.64375 0.09375 0.2015625
0 0.8625 0.5625 0.0234375 0.025
2 0.9140625 0.6890625 0.13125 0.3390625
0 0.909375 0.546875 0.0515625 0.05