2 0.05 0.4484375 0.034375 0.059375
0 0.05625 0.425 0.009375 0.009375
2 0.0734375 0.45 0.034375 0.059375
0 0.0734375 0.4265625 0.009375 0.009375
2 0.10625 0.440625 0.025 0.05
0 0.1015625 0.421875 0.00625 0.0078125
2 0.1828125 0.446875 0.01875 0.0515625
0 0.1875 0.4265625 0.00625 0.00625
2 0.2 0.4484375 0.0171875 0.05
0 0.2 0.428125 0.00625 0.00625
2 0.215625 0.4453125 0.015625 0.0453125
0 0.215625 0.428125 0.0078125 0.009375
2 0.221875 0.446875 0.01875 0.0453125
0 0.221875 0.4296875 0.00625 0.00625
2 0.23125 0.4484375 0.0140625 0.040625
0 0.23125 0.434375 0.00625 0.00625
2 0.240625 0.4484375 0.01875 0.04375
0 0.2375 0.43125 0.00625 0.00625
2 0.2765625 0.45 0.0140625 0.0390625
0 0.278125 0.4359375 0.00625 0.00625
2 0.28125 0.45 0.025 0.05
0 0.284375 0.4296875 0.00625 0.0078125
2 0.2953125 0.4671875 0.025 0.0609375
0 0.2921875 0.4421875 0.00625 0.009375
2 0.3171875 0.4640625 0.025 0.0609375
0 0.3171875 0.440625 0.009375 0.009375
2 0.3203125 0.490625 0.053125 0.11875
0 0.3328125 0.44375 0.0171875 0.01875
2 0.3390625 0.4578125 0.0171875 0.0484375
0 0.3375 0.4390625 0.0078125 0.009375
2 0.3515625 0.4703125 0.0234375 0.0640625
0 0.3515625 0.44375 0.009375 0.009375
2 0.346875 0.45 0.0140625 0.0375
0 0.346875 0.434375 0.00625 0.00625
2 0.3609375 0.453125 0.0125 0.04375
0 0.3609375 0.4359375 0.0046875 0.0046875
2 0.3765625 0.4671875 0.025 0.0671875
0 0.3765625 0.440625 0.009375 0.009375
2 0.384375 0.46875 0.01875 0.0546875
0 0.3859375 0.4484375 0.0078125 0.0078125
2 0.3890625 0.45 0.0125 0.0328125
0 0.3890625 0.4390625 0.0078125 0.00625
2 0.4 0.453125 0.0109375 0.0328125
0 0.4 0.440625 0.003125 0.003125
2 0.409375 0.4671875 0.028125 0.0640625
0 0.4125 0.440625 0.0078125 0.0078125
2 0.4328125 0.4671875 0.0203125 0.06875
0 0.4328125 0.4390625 0.0078125 0.009375
2 0.45 0.45625 0.015625 0.0375
0 0.45 0.4421875 0.0046875 0.0046875
2 0.4765625 0.459375 0.009375 0.0296875
0 0.478125 0.4484375 0.0046875 0.0046875
2 0.4203125 0.4921875 0.0375 0.1
0 0.4265625 0.45 0.0125 0.0140625
2 0.4609375 0.4921875 0.040625 0.1
0 0.4640625 0.4515625 0.0125 0.015625
2 0.5359375 0.4578125 0.0140625 0.0296875
0 0.5359375 0.4484375 0.0046875 0.00625
2 0.546875 0.459375 0.0109375 0.025
0 0.5484375 0.453125 0.003125 0.003125
2 0.6171875 0.5078125 0.0609375 0.134375
0 0.625 0.4546875 0.01875 0.0203125
2 0.7 0.515625 0.0703125 0.14375
0 0.7 0.459375 0.01875 0.025
2 0.7265625 0.48125 0.028125 0.0703125
0 0.7328125 0.4546875 0.0109375 0.0109375
2 0.7578125 0.46875 0.015625 0.0421875
0 0.759375 0.453125 0.009375 0.0078125
2 0.7734375 0.4828125 0.025 0.06875
0 0.7734375 0.45625 0.009375 0.009375
2 0.78125 0.4796875 0.0265625 0.084375
0 0.7875 0.446875 0.0125 0.0125
2 0.796875 0.4953125 0.0390625 0.103125
0 0.7984375 0.4546875 0.0140625 0.0171875
2 0.8234375 0.4890625 0.0328125 0.065625
0 0.8265625 0.465625 0.009375 0.0109375
2 0.8515625 0.4984375 0.0390625 0.0921875
0 0.853125 0.4625 0.0109375 0.0140625
2 0.8859375 0.5046875 0.0359375 0.096875
0 0.88125 0.465625 0.015625 0.0140625
2 0.9375 0.5078125 0.078125 0.184375
0 0.9421875 0.4328125 0.025 0.0296875
0 0.9703125 0.48125 0.0484375 0.05625