2 0.1046875 0.509375 0.1578125 0.521875
0 0.1296875 0.278125 0.05 0.059375
2 0.13125 0.51875 0.15 0.584375
0 0.128125 0.275 0.05 0.065625
2 0.196875 0.5265625 0.1484375 0.4671875
0 0.2109375 0.33125 0.0515625 0.059375
2 0.234375 0.5765625 0.1015625 0.265625
0 0.2265625 0.4578125 0.0296875 0.0296875
2 0.328125 0.49375 0.1125 0.4390625
0 0.321875 0.315625 0.0375 0.040625
2 0.359375 0.5953125 0.10625 0.3609375
0 0.3671875 0.4484375 0.0421875 0.0515625
2 0.4546875 0.5828125 0.115625 0.38125
0 0.4671875 0.4234375 0.0375 0.05625
2 0.534375 0.5078125 0.159375 0.4640625
0 0.53125 0.309375 0.040625 0.0515625
2 0.565625 0.5 0.1953125 0.490625
0 0.559375 0.29375 0.04375 0.0390625
2 0.7421875 0.553125 0.0984375 0.2515625
0 0.734375 0.446875 0.0296875 0.0328125
2 0.7515625 0.55625 0.0953125 0.2984375
0 0.75625 0.4328125 0.0375 0.04375
2 0.85625 0.575 0.0875 0.2828125
0 0.875 0.45625 0.03125 0.034375
2 0.8203125 0.471875 0.1484375 0.540625
0 0.815625 0.2421875 0.04375 0.0453125
2 0.05 0.603125 0.1 0.4515625
0 0.015625 0.4578125 0.03125 0.0609375