0 0.075 0.3484375 0.065625 0.0734375
0 0.1578125 0.36875 0.0609375 0.06875
2 0.1703125 0.5109375 0.165625 0.4765625
0 0.184375 0.3125 0.0578125 0.0578125
2 0.2703125 0.546875 0.146875 0.4796875
0 0.265625 0.3484375 0.05625 0.06875
2 0.3234375 0.459375 0.15 0.4515625
0 0.31875 0.2640625 0.0453125 0.0609375
0 0.3640625 0.3921875 0.0671875 0.0828125
2 0.3828125 0.5046875 0.125 0.471875
0 0.3859375 0.30625 0.05 0.0703125
2 0.4453125 0.459375 0.1265625 0.415625
0 0.446875 0.2828125 0.0453125 0.059375
0 0.49375 0.325 0.0578125 0.0703125
2 0.5546875 0.4671875 0.1078125 0.428125
0 0.5609375 0.2875 0.0453125 0.0640625
2 0.596875 0.5359375 0.14375 0.48125
0 0.596875 0.340625 0.05625 0.0625
2 0.65625 0.496875 0.115625 0.4515625
0 0.6578125 0.309375 0.046875 0.065625
2 0.753125 0.4875 0.128125 0.475
0 0.74375 0.284375 0.0515625 0.065625
0 0.7109375 0.3546875 0.0625 0.0859375
0 0.8140625 0.353125 0.0625 0.084375
0 0.9140625 0.346875 0.071875 0.0859375