2 0.065625 0.5328125 0.13125 0.3125
0 0.059375 0.4390625 0.034375 0.0453125
2 0.08125 0.5171875 0.1171875 0.2703125
0 0.0828125 0.4296875 0.0296875 0.03125
2 0.225 0.5171875 0.0890625 0.2375
0 0.221875 0.440625 0.021875 0.0296875
2 0.2515625 0.515625 0.0953125 0.271875
0 0.25625 0.4359375 0.0234375 0.03125
2 0.2984375 0.53125 0.13125 0.309375
0 0.284375 0.4390625 0.0296875 0.040625
2 0.4015625 0.515625 0.0734375 0.2328125
0 0.4 0.440625 0.0234375 0.03125
2 0.4328125 0.5125 0.0953125 0.2765625
0 0.428125 0.4375 0.0234375 0.03125
2 0.546875 0.528125 0.1203125 0.31875
0 0.540625 0.43125 0.0296875 0.0375
2 0.5875 0.5125 0.096875 0.2515625
0 0.5828125 0.434375 0.025 0.0296875
2 0.6640625 0.515625 0.115625 0.26875
0 0.653125 0.4359375 0.025 0.034375
2 0.7453125 0.5125 0.10625 0.2390625
0 0.740625 0.4359375 0.025 0.0296875
2 0.871875 0.528125 0.109375 0.3015625
0 0.8609375 0.4296875 0.0296875 0.0375
0 0.934375 0.434375 0.0265625 0.0328125