2 0.30625 0.4890625 0.009375 0.021875
0 0.30625 0.4796875 0.003125 0.0015625
2 0.35625 0.4921875 0.009375 0.0203125
0 0.3546875 0.484375 0.003125 0.003125
2 0.31875 0.5140625 0.01875 0.01875
0 0.325 0.5078125 0.003125 0.003125
2 0.36875 0.490625 0.009375 0.028125
0 0.3703125 0.48125 0.003125 0.003125
2 0.4046875 0.5046875 0.015625 0.04375
0 0.4015625 0.4859375 0.00625 0.00625
2 0.421875 0.509375 0.01875 0.053125
0 0.421875 0.4875 0.0078125 0.0078125
2 0.434375 0.509375 0.01875 0.0609375
0 0.4359375 0.4859375 0.0078125 0.0078125
2 0.4453125 0.515625 0.0203125 0.059375
0 0.44375 0.490625 0.009375 0.009375
2 0.453125 0.509375 0.0171875 0.046875
0 0.453125 0.4890625 0.00625 0.00625
2 0.446875 0.503125 0.0140625 0.0421875
0 0.446875 0.4859375 0.00625 0.00625
2 0.4640625 0.50625 0.01875 0.0546875
0 0.4671875 0.484375 0.0078125 0.0078125
2 0.4703125 0.5140625 0.0265625 0.0609375
0 0.475 0.4890625 0.009375 0.009375
2 0.4875 0.496875 0.0125 0.03125
0 0.4890625 0.484375 0.0046875 0.0046875
2 0.4921875 0.515625 0.0203125 0.0640625
0 0.4953125 0.4890625 0.0078125 0.009375
2 0.5015625 0.496875 0.009375 0.03125
0 0.5015625 0.484375 0.003125 0.003125
2 0.50625 0.4953125 0.0125 0.034375
0 0.5078125 0.4828125 0.0046875 0.0046875
2 0.525 0.509375 0.01875 0.0578125
0 0.5265625 0.4875 0.0078125 0.009375
2 0.5421875 0.5171875 0.025 0.059375
0 0.540625 0.49375 0.009375 0.0109375
2 0.5234375 0.5375 0.0328125 0.08125
0 0.525 0.503125 0.0109375 0.0109375
2 0.5453125 0.54375 0.0375 0.06875
0 0.5390625 0.515625 0.0125 0.0140625
2 0.553125 0.5390625 0.0359375 0.0640625
0 0.553125 0.5140625 0.009375 0.0125
2 0.5375 0.490625 0.009375 0.0296875
0 0.5375 0.4796875 0.003125 0.0046875
2 0.546875 0.496875 0.0125 0.03125
0 0.55 0.484375 0.0046875 0.0046875
2 0.55625 0.4984375 0.0109375 0.034375
0 0.5578125 0.484375 0.0046875 0.0046875
2 0.565625 0.496875 0.0125 0.0359375
0 0.565625 0.4828125 0.0046875 0.00625
2 0.575 0.4953125 0.0109375 0.0328125
0 0.575 0.4859375 0.0046875 0.00625
2 0.575 0.5 0.0125 0.034375
0 0.575 0.4875 0.00625 0.00625
2 0.5828125 0.496875 0.009375 0.0296875
0 0.5828125 0.4859375 0.00625 0.0046875
2 0.5828125 0.5203125 0.028125 0.0703125
0 0.584375 0.4921875 0.0078125 0.009375
2 0.6109375 0.5203125 0.028125 0.0796875
0 0.6078125 0.4875 0.009375 0.0125
2 0.5921875 0.4984375 0.009375 0.034375
0 0.59375 0.484375 0.0046875 0.00625
2 0.59375 0.503125 0.0109375 0.0296875
0 0.59375 0.4921875 0.00625 0.00625
2 0.6171875 0.503125 0.0125 0.0421875
0 0.615625 0.4859375 0.00625 0.00625
2 0.621875 0.5 0.0125 0.0359375
0 0.6234375 0.484375 0.0046875 0.0046875
2 0.6296875 0.5 0.0125 0.040625
0 0.6296875 0.484375 0.0046875 0.0046875
2 0.6359375 0.5 0.015625 0.0453125
0 0.634375 0.48125 0.00625 0.0046875
2 0.6296875 0.5296875 0.01875 0.059375
0 0.63125 0.50625 0.0078125 0.009375
2 0.6515625 0.5078125 0.0203125 0.0578125
0 0.653125 0.4828125 0.0078125 0.0078125
2 0.6609375 0.5328125 0.040625 0.1140625
0 0.6609375 0.484375 0.0125 0.0140625
2 0.6828125 0.509375 0.021875 0.0703125
0 0.6859375 0.4796875 0.0078125 0.0109375
2 0.6734375 0.5296875 0.025 0.0765625
0 0.678125 0.496875 0.0078125 0.0078125
2 0.6921875 0.528125 0.03125 0.078125
0 0.6984375 0.4953125 0.009375 0.0125
2 0.70625 0.509375 0.01875 0.0515625
0 0.70625 0.4890625 0.00625 0.0078125
2 0.7078125 0.51875 0.0171875 0.05
0 0.7078125 0.496875 0.00625 0.00625
2 0.71875 0.51875 0.01875 0.0515625
0 0.7203125 0.496875 0.0078125 0.0078125
2 0.7296875 0.5078125 0.01875 0.05
0 0.7296875 0.4875 0.00625 0.00625
2 0.734375 0.5125 0.0203125 0.059375
0 0.734375 0.4890625 0.0078125 0.0078125
2 0.7328125 0.5078125 0.021875 0.05625
0 0.734375 0.4890625 0.0078125 0.009375
2 0.7390625 0.509375 0.0140625 0.0515625
0 0.7390625 0.4890625 0.00625 0.0078125
2 0.7453125 0.5125 0.0171875 0.0453125
0 0.75 0.49375 0.00625 0.0078125
2 0.7484375 0.5171875 0.01875 0.040625
0 0.75 0.49375 0.0078125 0.0078125
2 0.7640625 0.509375 0.0265625 0.040625
0 0.765625 0.49375 0.0078125 0.0078125
2 0.7828125 0.5203125 0.0140625 0.04375
0 0.7828125 0.503125 0.00625 0.0078125
2 0.796875 0.5203125 0.0234375 0.0421875
0 0.7921875 0.503125 0.0078125 0.009375
2 0.2625 0.5140625 0.0109375 0.0265625
0 0.259375 0.5046875 0.003125 0.0046875