2 0.0125 0.49375 0.0234375 0.0765625
0 0.0140625 0.4625 0.0109375 0.0109375
2 0.0109375 0.4921875 0.021875 0.078125
0 0.0125 0.4609375 0.0109375 0.0125
2 0.0234375 0.515625 0.0453125 0.0734375
0 0.0328125 0.4875 0.015625 0.0125
2 0.284375 0.5140625 0.0546875 0.1375
0 0.2921875 0.4578125 0.015625 0.0203125
2 0.303125 0.5078125 0.0453125 0.125
0 0.303125 0.4546875 0.015625 0.0171875
2 0.3796875 0.5203125 0.0453125 0.103125
0 0.378125 0.478125 0.015625 0.015625
2 0.3953125 0.515625 0.0421875 0.11875
0 0.3984375 0.46875 0.015625 0.0203125
2 0.4859375 0.515625 0.0515625 0.1125
0 0.484375 0.46875 0.0125 0.015625
2 0.675 0.4890625 0.0125 0.025
0 0.675 0.4796875 0.003125 0.003125
2 0.69375 0.490625 0.0109375 0.025
0 0.696875 0.484375 0.003125 0.0046875
2 0.7484375 0.503125 0.0296875 0.0734375
0 0.75 0.4734375 0.0078125 0.009375