2 0.121875 0.653125 0.115625 0.303125
0 0.1328125 0.5359375 0.0359375 0.04375
2 0.0375 0.6703125 0.075 0.2875
0 0.03125 0.5515625 0.0453125 0.0390625
2 0.1203125 0.6296875 0.1328125 0.2359375
0 0.1296875 0.521875 0.0265625 0.028125
2 0.2734375 0.6328125 0.0765625 0.265625
0 0.26875 0.5203125 0.03125 0.034375
2 0.303125 0.5734375 0.053125 0.134375
0 0.2984375 0.51875 0.015625 0.0234375
2 0.35 0.575 0.05 0.1171875
0 0.3546875 0.528125 0.0140625 0.0203125
2 0.375 0.5671875 0.04375 0.121875
0 0.3734375 0.5171875 0.0109375 0.015625
2 0.38125 0.5546875 0.04375 0.1171875
0 0.378125 0.5078125 0.0125 0.015625
2 0.4375 0.5875 0.0703125 0.14375
0 0.4375 0.5265625 0.0171875 0.01875
2 0.4609375 0.5453125 0.0421875 0.1203125
0 0.4578125 0.496875 0.0140625 0.0171875
2 0.4984375 0.5515625 0.0375 0.1140625
0 0.4984375 0.503125 0.0140625 0.015625
2 0.5203125 0.5578125 0.046875 0.115625
0 0.525 0.5125 0.0109375 0.0140625
2 0.53125 0.571875 0.05 0.15625
0 0.5296875 0.5078125 0.01875 0.0203125
2 0.575 0.58125 0.0765625 0.190625
0 0.5828125 0.5015625 0.0203125 0.0265625
2 0.61875 0.584375 0.05625 0.1890625
0 0.6203125 0.50625 0.021875 0.025
2 0.6484375 0.5734375 0.0515625 0.1421875
0 0.6484375 0.515625 0.01875 0.0203125
2 0.6640625 0.565625 0.0359375 0.121875
0 0.665625 0.515625 0.0140625 0.0140625
2 0.5953125 0.6140625 0.1 0.25625
0 0.59375 0.5046875 0.03125 0.0328125
2 0.8796875 0.5703125 0.09375 0.2265625
0 0.8984375 0.4765625 0.028125 0.034375