2 0.0265625 0.66875 0.0125 0.028125
0 0.0234375 0.6578125 0.0046875 0.0046875
2 0.065625 0.6671875 0.0140625 0.028125
0 0.065625 0.65625 0.0046875 0.00625
2 0.1109375 0.671875 0.015625 0.0390625
0 0.1125 0.6578125 0.00625 0.00625
2 0.1140625 0.6703125 0.015625 0.0359375
0 0.1125 0.65625 0.00625 0.00625
2 0.1953125 0.6703125 0.0125 0.03125
0 0.1953125 0.6578125 0.003125 0.003125
2 0.203125 0.66875 0.015625 0.03125
0 0.2046875 0.6578125 0.0046875 0.0046875
2 0.2625 0.6671875 0.009375 0.03125
0 0.2625 0.65625 0.0046875 0.00625
2 0.2671875 0.665625 0.015625 0.0359375
0 0.2671875 0.6515625 0.00625 0.0046875
2 0.2828125 0.6640625 0.0125 0.03125
0 0.2828125 0.653125 0.0046875 0.0046875
2 0.2875 0.6640625 0.0109375 0.0296875
0 0.2890625 0.653125 0.0046875 0.0046875
2 0.3 0.665625 0.0109375 0.034375
0 0.3 0.653125 0.00625 0.00625
2 0.315625 0.665625 0.0125 0.0328125
0 0.315625 0.653125 0.0046875 0.0046875
2 0.3203125 0.6703125 0.0203125 0.0375
0 0.3203125 0.653125 0.0046875 0.0046875
2 0.3328125 0.665625 0.0125 0.0359375
0 0.3328125 0.6515625 0.0046875 0.00625
2 0.3453125 0.665625 0.0125 0.034375
0 0.3453125 0.6546875 0.0046875 0.00625
2 0.38125 0.6640625 0.015625 0.034375
0 0.3828125 0.65 0.0046875 0.0046875
2 0.3953125 0.6625 0.009375 0.0359375
0 0.3953125 0.65 0.00625 0.00625
2 0.403125 0.6625 0.0140625 0.034375
0 0.4046875 0.6484375 0.00625 0.00625
2 0.45625 0.6609375 0.009375 0.034375
0 0.45625 0.65 0.0046875 0.0046875
2 0.4640625 0.6609375 0.009375 0.0328125
0 0.4625 0.6484375 0.0046875 0.00625
2 0.4671875 0.6609375 0.009375 0.03125
0 0.4671875 0.65 0.00625 0.00625
2 0.4734375 0.6625 0.009375 0.034375
0 0.4734375 0.6484375 0.0046875 0.00625
2 0.4859375 0.6609375 0.01875 0.034375
0 0.4828125 0.6484375 0.00625 0.00625
2 0.5609375 0.6546875 0.0109375 0.0296875
0 0.5609375 0.64375 0.0046875 0.0046875
2 0.565625 0.6546875 0.015625 0.03125
0 0.5671875 0.6421875 0.0046875 0.00625
2 0.571875 0.6546875 0.0140625 0.028125
0 0.5734375 0.64375 0.003125 0.0046875
2 0.6984375 0.659375 0.0140625 0.0421875
0 0.6984375 0.6421875 0.00625 0.00625
2 0.746875 0.6515625 0.01875 0.0359375
0 0.746875 0.640625 0.00625 0.00625
2 0.7734375 0.6515625 0.0171875 0.040625
0 0.7765625 0.6375 0.00625 0.00625
2 0.79375 0.653125 0.0171875 0.0421875
0 0.79375 0.6375 0.00625 0.00625
2 0.8140625 0.6421875 0.0109375 0.034375
0 0.815625 0.6296875 0.00625 0.0046875
2 0.825 0.65 0.0203125 0.05
0 0.825 0.6296875 0.00625 0.0078125
2 0.83125 0.6515625 0.015625 0.0453125
0 0.83125 0.6328125 0.00625 0.00625
2 0.8359375 0.6515625 0.015625 0.0453125
0 0.8359375 0.63125 0.00625 0.00625