2 0.321875 0.6015625 0.0828125 0.2265625
0 0.3234375 0.5109375 0.0234375 0.03125
2 0.271875 0.5796875 0.0578125 0.15625
0 0.2703125 0.515625 0.01875 0.0234375
2 0.215625 0.5828125 0.0578125 0.1375
0 0.2109375 0.528125 0.01875 0.0234375
2 0.2328125 0.578125 0.040625 0.1390625
0 0.23125 0.5234375 0.015625 0.021875
2 0.0484375 0.653125 0.096875 0.1828125
0 0.05625 0.5890625 0.03125 0.04375
2 0.4453125 0.5640625 0.0421875 0.0984375
0 0.4453125 0.5234375 0.0109375 0.0125
2 0.3890625 0.5546875 0.025 0.0828125
0 0.390625 0.5203125 0.009375 0.0109375
2 0.4109375 0.5546875 0.021875 0.0640625
0 0.409375 0.528125 0.00625 0.0078125
2 0.3796875 0.5546875 0.0234375 0.0640625
0 0.3828125 0.528125 0.0078125 0.009375
2 0.4140625 0.528125 0.0140625 0.0390625
0 0.4109375 0.5125 0.0046875 0.0046875
2 0.425 0.5140625 0.015625 0.0328125
0 0.4265625 0.5046875 0.0046875 0.00625
2 0.41875 0.5125 0.0109375 0.0296875
0 0.4203125 0.503125 0.0046875 0.0046875
2 0.4625 0.5421875 0.015625 0.0578125
0 0.4625 0.51875 0.00625 0.0078125
2 0.48125 0.5453125 0.0203125 0.05
0 0.484375 0.525 0.00625 0.00625
2 0.4796875 0.5359375 0.015625 0.04375
0 0.4796875 0.51875 0.0046875 0.0046875
2 0.49375 0.55 0.025 0.0609375
0 0.4921875 0.525 0.00625 0.00625
2 0.515625 0.5640625 0.034375 0.0890625
0 0.521875 0.5296875 0.0109375 0.0140625
2 0.5078125 0.5546875 0.021875 0.0671875
0 0.509375 0.5265625 0.0078125 0.009375
2 0.5234375 0.5859375 0.021875 0.034375
0 0.525 0.575 0.0078125 0.0078125
2 0.5453125 0.565625 0.0375 0.0875
0 0.54375 0.53125 0.0109375 0.0125
2 0.584375 0.565625 0.0484375 0.121875
0 0.5765625 0.515625 0.015625 0.0171875
2 0.559375 0.5421875 0.01875 0.0484375
0 0.5625 0.5234375 0.00625 0.00625
2 0.6015625 0.55625 0.034375 0.0953125
0 0.596875 0.5203125 0.0125 0.0109375
2 0.61875 0.575 0.034375 0.06875
0 0.6125 0.5515625 0.0125 0.0140625
2 0.6171875 0.565625 0.021875 0.0890625
0 0.6203125 0.5328125 0.0125 0.015625
2 0.640625 0.565625 0.034375 0.096875
0 0.646875 0.53125 0.0125 0.0125
2 0.69375 0.55625 0.059375 0.071875
0 0.6859375 0.528125 0.0125 0.0140625
2 0.596875 0.5125 0.009375 0.0328125
0 0.596875 0.5015625 0.0046875 0.0046875
2 0.5578125 0.5125 0.0109375 0.03125
0 0.5609375 0.5015625 0.003125 0.003125
2 0.553125 0.5140625 0.0109375 0.03125
0 0.5546875 0.503125 0.003125 0.003125
2 0.3125 0.5171875 0.0140625 0.0359375
0 0.3109375 0.5046875 0.0046875 0.0046875
2 0.2953125 0.51875 0.0125 0.0359375
0 0.2953125 0.5046875 0.003125 0.0046875