2 0.9078125 0.5453125 0.1703125 0.4015625
0 0.925 0.38125 0.046875 0.0671875
2 0.91875 0.4390625 0.103125 0.29375
0 0.9234375 0.315625 0.0359375 0.04375
2 0.7203125 0.421875 0.08125 0.2671875
0 0.715625 0.3109375 0.0328125 0.040625
2 0.2796875 0.3890625 0.0359375 0.09375
0 0.2828125 0.3515625 0.0125 0.0140625
2 0.2953125 0.38125 0.0203125 0.0453125
0 0.296875 0.365625 0.00625 0.009375
2 0.30625 0.375 0.0171875 0.034375
0 0.303125 0.3625 0.0046875 0.00625
2 0.309375 0.36875 0.0140625 0.0421875
0 0.3046875 0.353125 0.00625 0.0078125
2 0.353125 0.36875 0.021875 0.0421875
0 0.3515625 0.353125 0.00625 0.00625
2 0.384375 0.36875 0.015625 0.05625
0 0.384375 0.34375 0.009375 0.0078125
2 0.4015625 0.371875 0.0234375 0.0453125
0 0.4078125 0.3546875 0.00625 0.00625
2 0.434375 0.3640625 0.0203125 0.0390625
0 0.4375 0.3484375 0.00625 0.00625