2 0.9171875 0.525 0.1265625 0.36875
0 0.9140625 0.375 0.0484375 0.05
2 0.8203125 0.503125 0.125 0.3375
0 0.815625 0.365625 0.0390625 0.0578125
2 0.7515625 0.4765625 0.10625 0.3046875
0 0.75 0.3578125 0.0328125 0.0484375
2 0.603125 0.515625 0.178125 0.365625
0 0.6359375 0.3640625 0.053125 0.053125
2 0.65625 0.4953125 0.1171875 0.3203125
0 0.6671875 0.371875 0.03125 0.04375
2 0.63125 0.4640625 0.1265625 0.328125
0 0.6359375 0.3265625 0.0359375 0.0421875
2 0.690625 0.41875 0.0765625 0.1921875
0 0.6859375 0.340625 0.025 0.0328125
2 0.534375 0.4734375 0.125 0.35625
0 0.5328125 0.3234375 0.0375 0.046875
2 0.3734375 0.5015625 0.14375 0.38125
0 0.38125 0.3453125 0.04375 0.059375
2 0.4046875 0.484375 0.1125 0.365625
0 0.403125 0.3328125 0.040625 0.0546875
2 0.4171875 0.459375 0.11875 0.3578125
0 0.415625 0.3125 0.0328125 0.0453125
2 0.284375 0.48125 0.1203125 0.35
0 0.28125 0.3375 0.0421875 0.0546875
2 0.2046875 0.509375 0.1609375 0.4015625
0 0.215625 0.34375 0.05 0.05625
2 0.1921875 0.5078125 0.1 0.3140625
0 0.1875 0.378125 0.0375 0.0421875
2 0.075 0.5203125 0.1109375 0.3328125
0 0.071875 0.3875 0.0390625 0.053125