2 0.4890625 0.5359375 0.2671875 0.6078125
0 0.484375 0.2875 0.078125 0.09375
2 0.2234375 0.390625 0.0671875 0.4046875
0 0.2 0.2203125 0.021875 0.0546875
2 0.3140625 0.4 0.15 0.3640625
0 0.2984375 0.2453125 0.0375 0.04375
2 0.40625 0.3578125 0.1125 0.3734375
0 0.39375 0.203125 0.04375 0.0578125
2 0.5625 0.35 0.096875 0.26875
0 0.575 0.2375 0.028125 0.0359375
2 0.640625 0.3421875 0.1015625 0.26875
0 0.6203125 0.23125 0.0328125 0.0359375
2 0.684375 0.3234375 0.1078125 0.28125
0 0.6828125 0.203125 0.03125 0.0375
2 0.240625 0.328125 0.0640625 0.2421875
0 0.24375 0.2265625 0.028125 0.0296875
2 0.2234375 0.334375 0.0671875 0.284375
0 0.2046875 0.2234375 0.0296875 0.034375
2 0.340625 0.371875 0.1125 0.3390625
0 0.3359375 0.234375 0.04375 0.05
2 0.6578125 0.31875 0.0828125 0.2515625
0 0.65625 0.209375 0.0296875 0.0265625
2 0.3578125 0.1890625 0.0390625 0.11875
0 0.3546875 0.1390625 0.01875 0.0171875