2 0.365625 0.56875 0.1578125 0.440625
0 0.365625 0.378125 0.05 0.0515625
2 0.5546875 0.5796875 0.146875 0.35625
0 0.575 0.4328125 0.0390625 0.0484375
2 0.1890625 0.5078125 0.0875 0.190625
0 0.1921875 0.428125 0.0203125 0.0234375
2 0.290625 0.4875 0.08125 0.184375
0 0.2828125 0.409375 0.0203125 0.0203125
2 0.43125 0.4953125 0.05625 0.178125
0 0.4390625 0.421875 0.021875 0.0234375
2 0.8625 0.578125 0.1734375 0.321875
0 0.8828125 0.4453125 0.046875 0.0484375
2 0.7203125 0.4984375 0.090625 0.19375
0 0.721875 0.41875 0.025 0.0296875
2 0.4890625 0.4546875 0.028125 0.0671875
0 0.4859375 0.43125 0.0078125 0.0109375
2 0.51875 0.453125 0.028125 0.0734375
0 0.5171875 0.4234375 0.0078125 0.0109375
2 0.5375 0.459375 0.0328125 0.0921875
0 0.540625 0.4234375 0.0140625 0.0140625
2 0.60625 0.4578125 0.0484375 0.1
0 0.6 0.415625 0.009375 0.0109375
2 0.615625 0.4453125 0.0234375 0.0640625
0 0.6140625 0.4203125 0.00625 0.009375
2 0.6375 0.440625 0.0171875 0.0421875
0 0.6390625 0.4234375 0.00625 0.00625