2 0.2375 0.490625 0.11875 0.315625
0 0.2625 0.3625 0.04375 0.05625
2 0.3625 0.5 0.203125 0.23125
0 0.3671875 0.40625 0.0296875 0.0375
2 0.53125 0.471875 0.0859375 0.221875
0 0.54375 0.3859375 0.0328125 0.04375
2 0.59375 0.5625 0.0796875 0.284375
0 0.6109375 0.453125 0.0375 0.046875
2 0.7453125 0.5703125 0.2484375 0.371875
0 0.74375 0.41875 0.0484375 0.0609375
2 0.221875 0.5609375 0.140625 0.36875
0 0.2078125 0.4109375 0.0390625 0.0578125
2 0.390625 0.5796875 0.2453125 0.334375
0 0.3984375 0.4421875 0.04375 0.053125
0 0.4875 0.3984375 0.0578125 0.06875
0 0.70625 0.45625 0.071875 0.0734375
2 0.5640625 0.5828125 0.175 0.33125
0 0.571875 0.446875 0.040625 0.0546875