2 0.0390625 0.5421875 0.078125 0.3625
0 0.040625 0.3921875 0.0453125 0.0546875
0 0.1109375 0.4140625 0.0859375 0.0953125
0 0.1796875 0.384375 0.0734375 0.0796875
0 0.278125 0.371875 0.08125 0.090625
0 0.3140625 0.475 0.090625 0.1140625
0 0.415625 0.3828125 0.0640625 0.0859375
2 0.4390625 0.615625 0.1421875 0.490625
0 0.4453125 0.409375 0.053125 0.06875
2 0.5 0.5859375 0.15625 0.4609375
0 0.4984375 0.39375 0.05 0.0671875
0 0.56875 0.378125 0.0625 0.0734375
0 0.56875 0.4671875 0.0796875 0.109375
0 0.690625 0.3484375 0.0734375 0.1
0 0.85625 0.3515625 0.096875 0.1140625
0 0.35 0.3828125 0.05625 0.0734375