2 0.2234375 0.55 0.215625 0.20625
0 0.1796875 0.4828125 0.0484375 0.05625
2 0.2203125 0.6109375 0.1640625 0.3375
0 0.2203125 0.4765625 0.05 0.059375
2 0.3984375 0.490625 0.2515625 0.553125
0 0.3828125 0.25625 0.0625 0.071875
2 0.490625 0.515625 0.0921875 0.1859375
0 0.4890625 0.4546875 0.028125 0.0328125
2 0.559375 0.4890625 0.08125 0.1625
0 0.56875 0.428125 0.0328125 0.0390625
2 0.5375 0.4421875 0.0734375 0.10625
0 0.5421875 0.409375 0.025 0.0296875
2 0.6078125 0.4859375 0.0640625 0.13125
0 0.60625 0.4390625 0.03125 0.0375
2 0.63125 0.4640625 0.06875 0.1109375
0 0.6265625 0.428125 0.025 0.0328125
2 0.70625 0.384375 0.075 0.2125
0 0.6984375 0.2953125 0.0234375 0.028125
2 0.7234375 0.3421875 0.0421875 0.090625
0 0.73125 0.3140625 0.0171875 0.0234375
2 0.803125 0.4078125 0.125 0.3328125
0 0.7984375 0.2609375 0.0328125 0.034375
2 0.76875 0.4140625 0.0953125 0.253125
0 0.7734375 0.3046875 0.028125 0.028125
2 0.8765625 0.3609375 0.059375 0.2390625
0 0.8796875 0.30625 0.0234375 0.0265625
2 0.940625 0.3640625 0.06875 0.2
0 0.9390625 0.2828125 0.01875 0.025
2 0.965625 0.3265625 0.03125 0.0921875
0 0.959375 0.2890625 0.0109375 0.0125
0 0.98125 0.35 0.0359375 0.046875