2 0.890625 0.3953125 0.025 0.065625
0 0.896875 0.365625 0.00625 0.00625
2 0.9109375 0.396875 0.028125 0.0671875
0 0.915625 0.371875 0.0109375 0.0109375
2 0.9453125 0.40625 0.0421875 0.08125
0 0.94375 0.3734375 0.0125 0.015625
2 0.471875 0.43125 0.040625 0.1484375
0 0.471875 0.3671875 0.0171875 0.0203125
2 0.446875 0.4625 0.0625 0.240625
0 0.44375 0.3640625 0.0234375 0.0359375
2 0.3203125 0.453125 0.078125 0.2484375
0 0.3234375 0.35 0.0296875 0.0359375
2 0.5 0.4578125 0.0609375 0.18125
0 0.4984375 0.3875 0.0203125 0.025
2 0.5390625 0.465625 0.0859375 0.259375
0 0.540625 0.375 0.025 0.0359375
2 0.403125 0.4875 0.1296875 0.409375
0 0.3984375 0.3078125 0.0609375 0.046875
0 0.303125 0.38125 0.053125 0.0828125
2 0.625 0.50625 0.134375 0.3796875
0 0.6375 0.35 0.0375 0.0515625
0 0.696875 0.3984375 0.05625 0.0625
2 0.9265625 0.4015625 0.028125 0.0734375
0 0.928125 0.375 0.0078125 0.009375