2 0.165625 0.6984375 0.015625 0.046875
0 0.165625 0.6796875 0.0046875 0.00625
2 0.275 0.69375 0.0125 0.0328125
0 0.275 0.6796875 0.0046875 0.00625
2 0.4046875 0.696875 0.0140625 0.040625
0 0.4046875 0.68125 0.0046875 0.00625
2 0.446875 0.6984375 0.0171875 0.0484375
0 0.45 0.6796875 0.0046875 0.0078125
2 0.4984375 0.6953125 0.0234375 0.0515625
0 0.5046875 0.675 0.0078125 0.0078125
2 0.5140625 0.6921875 0.0140625 0.03125
0 0.5171875 0.6796875 0.00625 0.00625
2 0.553125 0.69375 0.0140625 0.0390625
0 0.553125 0.678125 0.0046875 0.00625
2 0.5640625 0.6984375 0.0125 0.0390625
0 0.5640625 0.6828125 0.0046875 0.00625
2 0.5703125 0.7 0.0140625 0.0515625
0 0.5703125 0.678125 0.0046875 0.00625
2 0.215625 0.7 0.015625 0.04375
0 0.21875 0.68125 0.0046875 0.00625
0 0.990625 0.725 0.015625 0.0203125
2 0.978125 0.7703125 0.0328125 0.115625
0 0.9734375 0.721875 0.0203125 0.01875
0 0.940625 0.728125 0.0296875 0.03125
2 0.9359375 0.7765625 0.040625 0.10625
0 0.93125 0.734375 0.0140625 0.01875
0 0.875 0.7109375 0.028125 0.028125
0 0.859375 0.7234375 0.0203125 0.0203125
0 0.8390625 0.7421875 0.0171875 0.0234375
2 0.834375 0.7765625 0.040625 0.1015625
0 0.83125 0.734375 0.0140625 0.0140625
0 0.8046875 0.734375 0.015625 0.01875
0 0.7765625 0.7296875 0.0171875 0.0171875
0 0.740625 0.7421875 0.021875 0.0234375
0 0.715625 0.725 0.034375 0.040625
0 0.6421875 0.7109375 0.059375 0.06875
0 0.609375 0.740625 0.0328125 0.034375
0 0.590625 0.7296875 0.015625 0.0203125
0 0.578125 0.7265625 0.021875 0.021875
0 0.5421875 0.7171875 0.0328125 0.0328125
2 0.5109375 0.753125 0.03125 0.08125
0 0.503125 0.721875 0.0140625 0.01875
2 0.4890625 0.7765625 0.034375 0.1078125
0 0.490625 0.7328125 0.015625 0.0171875
0 0.4640625 0.7765625 0.065625 0.075
0 0.471875 0.725 0.0234375 0.0234375
2 0.4421875 0.7453125 0.025 0.078125
0 0.44375 0.715625 0.0140625 0.015625
0 0.4265625 0.73125 0.034375 0.0359375
0 0.3828125 0.7265625 0.0203125 0.0234375
0 0.3453125 0.753125 0.0421875 0.0515625
0 0.3421875 0.7046875 0.028125 0.034375
0 0.3046875 0.7328125 0.01875 0.01875
2 0.28125 0.746875 0.0296875 0.0859375
0 0.2828125 0.7109375 0.0125 0.0125
0 0.253125 0.7109375 0.0328125 0.0375
0 0.2671875 0.7234375 0.0359375 0.0421875
0 0.2109375 0.721875 0.015625 0.0203125
0 0.2 0.725 0.015625 0.01875
0 0.19375 0.715625 0.0234375 0.0265625
0 0.1015625 0.7109375 0.040625 0.0421875
0 0.046875 0.725 0.078125 0.071875
2 0.2625 0.69375 0.009375 0.01875
0 0.2625 0.6875 0.0046875 0.0046875
2 0.8140625 0.7 0.015625 0.05
0 0.8109375 0.68125 0.0078125 0.0078125