0 0.36875 0.7390625 0.0171875 0.021875
2 0.3921875 0.76875 0.059375 0.090625
0 0.384375 0.734375 0.0140625 0.0140625
2 0.415625 0.7640625 0.0640625 0.0875
0 0.4171875 0.7328125 0.0140625 0.0171875
2 0.421875 0.7625 0.053125 0.08125
0 0.41875 0.7328125 0.0140625 0.0171875
2 0.4890625 0.7609375 0.0484375 0.1203125
0 0.49375 0.7109375 0.0140625 0.015625
2 0.4984375 0.759375 0.0328125 0.1171875
0 0.49375 0.7109375 0.015625 0.015625
2 0.5796875 0.7375 0.028125 0.0640625
0 0.5765625 0.7109375 0.009375 0.009375
2 0.621875 0.7296875 0.03125 0.0640625
0 0.61875 0.70625 0.0078125 0.009375
2 0.5609375 0.715625 0.0125 0.025
0 0.5640625 0.7078125 0.003125 0.0046875
2 0.6703125 0.7234375 0.015625 0.0453125
0 0.6703125 0.7234375 0.015625 0.0453125
0 0.6984375 0.70625 0.0203125 0.025
0 0.7125 0.7078125 0.0171875 0.01875
0 0.7265625 0.7125 0.0171875 0.021875
2 0.7515625 0.73125 0.021875 0.05625
0 0.7484375 0.7125 0.0078125 0.009375
2 0.7703125 0.728125 0.0296875 0.0453125
0 0.7671875 0.709375 0.0078125 0.00625
2 0.7609375 0.725 0.015625 0.04375
0 0.759375 0.709375 0.003125 0.0046875
2 0.8015625 0.75625 0.0453125 0.1296875
0 0.8 0.703125 0.01875 0.0171875
2 0.8125 0.740625 0.0328125 0.096875
0 0.8109375 0.7015625 0.009375 0.0109375
2 0.8265625 0.721875 0.021875 0.059375
0 0.825 0.7 0.0078125 0.009375
2 0.85625 0.721875 0.01875 0.046875
0 0.85625 0.7046875 0.00625 0.00625
2 0.871875 0.7234375 0.0203125 0.0453125
0 0.86875 0.70625 0.00625 0.00625
2 0.890625 0.721875 0.01875 0.0515625
0 0.890625 0.703125 0.009375 0.0109375
2 0.925 0.7234375 0.021875 0.05
0 0.9234375 0.70625 0.009375 0.0109375
2 0.94375 0.7234375 0.0234375 0.05
0 0.940625 0.70625 0.0078125 0.009375
2 0.95625 0.7265625 0.025 0.05
0 0.9515625 0.7078125 0.0078125 0.0078125
2 0.9890625 0.728125 0.01875 0.05625
0 0.990625 0.70625 0.00625 0.0078125
2 0.9734375 0.7234375 0.01875 0.053125
0 0.9703125 0.703125 0.00625 0.0078125
2 0.8515625 0.725 0.0140625 0.0453125
0 0.8515625 0.70625 0.00625 0.00625
2 0.4546875 0.7796875 0.0484375 0.0765625
0 0.4578125 0.753125 0.0125 0.0140625