2 0.01875 0.640625 0.0375 0.0890625
0 0.0140625 0.60625 0.015625 0.015625
2 0.0796875 0.659375 0.0484375 0.11875
0 0.075 0.6109375 0.0171875 0.01875
2 0.2203125 0.675 0.053125 0.13125
0 0.215625 0.61875 0.01875 0.0171875
2 0.2515625 0.6828125 0.046875 0.1296875
0 0.246875 0.628125 0.0171875 0.01875
2 0.321875 0.615625 0.0328125 0.0375
0 0.3234375 0.603125 0.009375 0.0109375
2 0.3671875 0.6203125 0.0359375 0.0390625
0 0.36875 0.60625 0.009375 0.009375
2 0.34375 0.6078125 0.040625 0.034375
0 0.3375 0.6 0.009375 0.009375
2 0.359375 0.58125 0.0265625 0.03125
0 0.35625 0.571875 0.0078125 0.0078125
2 0.3515625 0.578125 0.0265625 0.03125
0 0.3515625 0.5671875 0.0078125 0.0078125
2 0.3234375 0.5453125 0.0203125 0.025
0 0.3234375 0.5375 0.00625 0.00625
2 0.3421875 0.54375 0.0171875 0.021875
0 0.3421875 0.5359375 0.0046875 0.0046875
2 0.1609375 0.6046875 0.05 0.05
0 0.1546875 0.5875 0.0109375 0.0109375
2 0.16875 0.6 0.0390625 0.05
0 0.1640625 0.5828125 0.009375 0.0109375
2 0.0078125 0.5984375 0.0140625 0.084375
0 0.003125 0.5640625 0.0046875 0.0109375
2 0.0078125 0.559375 0.015625 0.06875
0 0.0046875 0.53125 0.0078125 0.009375
2 0.059375 0.54375 0.015625 0.0421875
0 0.0609375 0.528125 0.00625 0.0078125
2 0.0734375 0.5390625 0.021875 0.046875
0 0.06875 0.5203125 0.00625 0.00625
2 0.071875 0.53125 0.015625 0.0375
0 0.071875 0.5171875 0.00625 0.00625
2 0.090625 0.5265625 0.0234375 0.05
0 0.0890625 0.5078125 0.0078125 0.0078125
2 0.1125 0.5296875 0.01875 0.0421875
0 0.1125 0.5125 0.00625 0.00625
2 0.1265625 0.5265625 0.0171875 0.0390625
0 0.125 0.5109375 0.0046875 0.0046875
2 0.125 0.5109375 0.0140625 0.034375
0 0.125 0.4984375 0.003125 0.0046875
2 0.1421875 0.525 0.0140625 0.0375
0 0.14375 0.509375 0.0046875 0.0046875
2 0.15625 0.525 0.01875 0.04375
0 0.153125 0.5078125 0.00625 0.00625
2 0.1484375 0.553125 0.028125 0.034375
0 0.15 0.540625 0.00625 0.00625
2 0.153125 0.55 0.021875 0.0328125
0 0.1515625 0.5390625 0.00625 0.00625
2 0.1609375 0.5484375 0.03125 0.0296875
0 0.1546875 0.5375 0.00625 0.00625
2 0.1703125 0.54375 0.021875 0.03125
0 0.1703125 0.5328125 0.00625 0.00625
2 0.178125 0.5421875 0.01875 0.028125
0 0.1765625 0.5328125 0.00625 0.00625
2 0.1890625 0.5421875 0.015625 0.0328125
0 0.1859375 0.53125 0.00625 0.00625
2 0.2671875 0.534375 0.0140625 0.0328125
0 0.265625 0.5203125 0.0046875 0.0046875
2 0.2609375 0.5328125 0.0203125 0.0359375
0 0.25625 0.51875 0.00625 0.0046875
2 0.2484375 0.53125 0.0140625 0.034375
0 0.246875 0.51875 0.003125 0.0046875
2 0.2484375 0.528125 0.01875 0.0421875
0 0.2484375 0.5109375 0.0046875 0.00625
2 0.246875 0.525 0.0140625 0.040625
0 0.2453125 0.5078125 0.0046875 0.0046875
2 0.234375 0.5296875 0.0109375 0.0203125
0 0.234375 0.521875 0.003125 0.003125
2 0.19375 0.534375 0.0234375 0.0265625
0 0.190625 0.5265625 0.0046875 0.00625
2 0.1953125 0.5328125 0.01875 0.0234375
0 0.190625 0.5265625 0.003125 0.00625
2 0.209375 0.5296875 0.0296875 0.0234375
0 0.2015625 0.5234375 0.0046875 0.0046875
2 0.2125 0.5265625 0.021875 0.0234375
0 0.20625 0.51875 0.0046875 0.003125
2 0.21875 0.525 0.0171875 0.021875
0 0.2203125 0.5171875 0.00625 0.00625
2 0.225 0.5234375 0.015625 0.0203125
0 0.225 0.5171875 0.0046875 0.0046875
2 0.2296875 0.521875 0.015625 0.0234375
0 0.228125 0.5125 0.0046875 0.0046875
2 0.175 0.51875 0.0140625 0.03125
0 0.1765625 0.50625 0.0046875 0.0046875
2 0.1421875 0.5078125 0.0109375 0.0265625
0 0.1421875 0.4984375 0.003125 0.0046875
2 0.1546875 0.50625 0.0140625 0.0296875
0 0.1546875 0.4953125 0.003125 0.0046875
2 0.1625 0.50625 0.0109375 0.03125
0 0.1640625 0.4953125 0.00625 0.00625
2 0.1875 0.5140625 0.0140625 0.0296875
0 0.1890625 0.503125 0.00625 0.00625