2 0.8296875 0.7375 0.0125 0.04375
0 0.828125 0.71875 0.0046875 0.0046875
2 0.7921875 0.7359375 0.015625 0.04375
0 0.7890625 0.7171875 0.0046875 0.00625
2 0.7546875 0.746875 0.021875 0.0453125
0 0.7515625 0.728125 0.0046875 0.00625
2 0.734375 0.7578125 0.0171875 0.0171875
0 0.7390625 0.7515625 0.0046875 0.0046875
2 0.790625 0.65 0.009375 0.0234375
0 0.7921875 0.6390625 0.003125 0.003125
2 0.74375 0.646875 0.009375 0.025
0 0.74375 0.6375 0.003125 0.003125
2 0.7265625 0.64375 0.0109375 0.0265625
0 0.73125 0.6328125 0.0046875 0.0046875
2 0.68125 0.6359375 0.009375 0.0234375
0 0.68125 0.621875 0.0046875 0.0046875
2 0.6703125 0.634375 0.009375 0.021875
0 0.6703125 0.625 0.003125 0.003125
2 0.6609375 0.6453125 0.0125 0.028125
0 0.6640625 0.6359375 0.003125 0.0046875
2 0.6375 0.64375 0.009375 0.0265625
0 0.6390625 0.634375 0.003125 0.0046875
2 0.64375 0.6171875 0.0078125 0.021875
0 0.64375 0.6078125 0.003125 0.003125
2 0.659375 0.6171875 0.009375 0.0203125
0 0.659375 0.609375 0.003125 0.003125
2 0.66875 0.6203125 0.009375 0.0203125
0 0.6703125 0.6125 0.003125 0.003125
2 0.6734375 0.6140625 0.00625 0.0171875
0 0.6734375 0.60625 0.003125 0.003125
2 0.65 0.6125 0.0078125 0.021875
0 0.65 0.6046875 0.003125 0.003125
2 0.6421875 0.603125 0.0078125 0.015625
0 0.6421875 0.5984375 0.003125 0.003125
2 0.6328125 0.584375 0.00625 0.0125
0 0.6328125 0.5796875 0.0015625 0.003125
2 0.459375 0.6484375 0.009375 0.0265625
0 0.4609375 0.6375 0.003125 0.003125
2 0.459375 0.64375 0.0078125 0.025
0 0.4609375 0.6328125 0.003125 0.0046875
2 0.4421875 0.6484375 0.0140625 0.0265625
0 0.44375 0.6390625 0.003125 0.0046875
2 0.425 0.6515625 0.0109375 0.0296875
0 0.4234375 0.6390625 0.003125 0.0046875
2 0.4296875 0.6484375 0.0140625 0.028125
0 0.4296875 0.6359375 0.0046875 0.0046875
2 0.4328125 0.6453125 0.0125 0.0234375
0 0.4328125 0.6359375 0.003125 0.0046875
2 0.41875 0.6515625 0.0125 0.028125
0 0.421875 0.6390625 0.003125 0.003125
2 0.409375 0.6484375 0.009375 0.0265625
0 0.4125 0.6359375 0.003125 0.003125
2 0.415625 0.646875 0.009375 0.0265625
0 0.41875 0.6359375 0.003125 0.003125
2 0.396875 0.653125 0.0109375 0.0265625
0 0.3984375 0.6421875 0.003125 0.0046875
2 0.4015625 0.6453125 0.0078125 0.0265625
0 0.403125 0.6359375 0.003125 0.0046875
2 0.4078125 0.64375 0.0109375 0.028125
0 0.409375 0.6328125 0.003125 0.003125
2 0.43125 0.6125 0.0078125 0.021875
0 0.4296875 0.603125 0.0015625 0.003125
2 0.4375 0.596875 0.0078125 0.0171875
0 0.4359375 0.5890625 0.003125 0.0015625
2 0.3875 0.63125 0.0140625 0.025
0 0.3859375 0.621875 0.003125 0.003125
2 0.3734375 0.63125 0.009375 0.025
0 0.3734375 0.621875 0.003125 0.0046875
2 0.353125 0.646875 0.009375 0.028125
0 0.353125 0.6359375 0.003125 0.003125
2 0.3203125 0.64375 0.009375 0.025
0 0.321875 0.6328125 0.003125 0.0046875
2 0.31875 0.6390625 0.0078125 0.0203125
0 0.31875 0.63125 0.003125 0.0046875
2 0.3125 0.6421875 0.009375 0.0234375
0 0.3140625 0.6328125 0.003125 0.0046875
2 0.3140625 0.653125 0.009375 0.028125
0 0.3140625 0.6421875 0.0046875 0.0046875
2 0.2984375 0.6453125 0.0109375 0.028125
0 0.2984375 0.6328125 0.003125 0.0046875
2 0.1671875 0.6453125 0.0109375 0.025
0 0.1671875 0.6359375 0.003125 0.0046875
2 0.15625 0.6484375 0.0140625 0.021875
0 0.15625 0.640625 0.0046875 0.0046875
2 0.153125 0.64375 0.009375 0.025
0 0.153125 0.634375 0.003125 0.003125
2 0.1453125 0.646875 0.0109375 0.01875
0 0.1453125 0.640625 0.003125 0.003125
2 0.1359375 0.6484375 0.0125 0.021875
0 0.1359375 0.640625 0.003125 0.0046875
2 0.1140625 0.65 0.0109375 0.0234375
0 0.115625 0.640625 0.0046875 0.0046875
2 0.1046875 0.65 0.0109375 0.0265625
0 0.10625 0.6390625 0.0046875 0.0046875
2 0.1203125 0.8140625 0.03125 0.05625
0 0.125 0.790625 0.00625 0.0078125
2 0.1484375 0.8296875 0.025 0.0578125
0 0.146875 0.809375 0.0078125 0.009375
2 0.2265625 0.8234375 0.0203125 0.06875
0 0.2296875 0.7953125 0.00625 0.009375
0 0.146875 0.8546875 0.009375 0.009375
0 0.128125 0.865625 0.0078125 0.009375
2 0.2765625 0.7984375 0.0203125 0.0578125
0 0.2765625 0.7734375 0.0078125 0.0078125
2 0.2921875 0.778125 0.015625 0.046875
0 0.2921875 0.759375 0.00625 0.0078125
2 0.3390625 0.759375 0.01875 0.0484375
0 0.340625 0.740625 0.00625 0.00625
2 0.3234375 0.75625 0.0203125 0.046875
0 0.325 0.7375 0.00625 0.0078125
2 0.3265625 0.75 0.01875 0.05
0 0.33125 0.73125 0.00625 0.0078125
2 0.321875 0.740625 0.0203125 0.046875
0 0.3265625 0.721875 0.0046875 0.00625
2 0.4078125 0.7390625 0.0171875 0.05
0 0.4109375 0.71875 0.00625 0.00625
2 0.515625 0.7765625 0.025 0.053125
0 0.51875 0.7546875 0.00625 0.0078125