2 0.4234375 0.771875 0.0609375 0.121875
0 0.4359375 0.7234375 0.0171875 0.01875
2 0.546875 0.7453125 0.0421875 0.10625
0 0.5546875 0.703125 0.0171875 0.0171875
2 0.559375 0.7265625 0.0484375 0.1046875
0 0.5640625 0.6875 0.0140625 0.01875
2 0.7140625 0.690625 0.053125 0.084375
0 0.7078125 0.6625 0.0125 0.015625
2 0.7234375 0.703125 0.0296875 0.0765625
0 0.725 0.6734375 0.015625 0.0125
2 0.778125 0.7328125 0.0453125 0.0875
0 0.7890625 0.7 0.0125 0.015625
2 0.815625 0.73125 0.05625 0.103125
0 0.825 0.6921875 0.0140625 0.0171875
2 0.4921875 0.65625 0.034375 0.0859375
0 0.4953125 0.621875 0.0125 0.0140625
2 0.5015625 0.634375 0.025 0.0796875
0 0.503125 0.6046875 0.009375 0.0125
2 0.3921875 0.6328125 0.0296875 0.08125
0 0.3875 0.5984375 0.0109375 0.009375
2 0.4140625 0.6265625 0.0359375 0.084375
0 0.409375 0.5921875 0.0109375 0.0125
2 0.3921875 0.6109375 0.028125 0.071875
0 0.390625 0.58125 0.009375 0.0109375
2 0.421875 0.6046875 0.0296875 0.065625
0 0.421875 0.578125 0.00625 0.009375
2 0.3421875 0.58125 0.0328125 0.06875
0 0.3453125 0.5578125 0.009375 0.0109375
2 0.4 0.565625 0.028125 0.065625
0 0.403125 0.5390625 0.0078125 0.009375
2 0.4546875 0.5734375 0.025 0.0640625
0 0.45625 0.546875 0.00625 0.0078125
2 0.590625 0.559375 0.0265625 0.05625
0 0.59375 0.5375 0.0078125 0.0078125
2 0.621875 0.559375 0.03125 0.05625
0 0.6265625 0.5375 0.00625 0.0078125
2 0.646875 0.559375 0.021875 0.059375
0 0.646875 0.5375 0.009375 0.009375
2 0.571875 0.5109375 0.01875 0.04375
0 0.5734375 0.49375 0.00625 0.00625
2 0.553125 0.5109375 0.0203125 0.0484375
0 0.55625 0.4921875 0.00625 0.00625
2 0.53125 0.51875 0.0171875 0.04375
0 0.5328125 0.5015625 0.00625 0.0078125
2 0.5125 0.5171875 0.01875 0.05
0 0.5125 0.4984375 0.00625 0.00625
2 0.3453125 0.4875 0.0234375 0.04375
0 0.3484375 0.4703125 0.0046875 0.00625
2 0.3625 0.475 0.0203125 0.0453125
0 0.359375 0.45625 0.0046875 0.00625
2 0.375 0.478125 0.0171875 0.0453125
0 0.3765625 0.4609375 0.003125 0.00625
2 0.390625 0.4765625 0.0171875 0.0421875
0 0.3921875 0.4609375 0.00625 0.00625
2 0.4671875 0.4671875 0.0203125 0.0296875
0 0.46875 0.4578125 0.0046875 0.003125
2 0.4796875 0.4734375 0.015625 0.034375
0 0.4796875 0.4609375 0.0046875 0.00625
2 0.49375 0.4671875 0.0140625 0.0359375
0 0.4953125 0.45625 0.0046875 0.00625
2 0.503125 0.46875 0.0140625 0.0328125
0 0.5046875 0.45625 0.0046875 0.0046875
2 0.39375 0.4296875 0.0140625 0.025
0 0.39375 0.421875 0.003125 0.003125
2 0.3625 0.4234375 0.0140625 0.0234375
0 0.3625 0.4171875 0.003125 0.003125
2 0.371875 0.421875 0.0125 0.025
0 0.3734375 0.4140625 0.003125 0.003125
2 0.078125 0.5171875 0.0296875 0.059375
0 0.0796875 0.49375 0.0078125 0.0078125
2 0.10625 0.5203125 0.0265625 0.053125
0 0.10625 0.503125 0.009375 0.0109375
2 0.128125 0.5171875 0.025 0.053125
0 0.128125 0.4984375 0.0078125 0.009375
2 0.203125 0.3484375 0.025 0.071875
0 0.2046875 0.3203125 0.009375 0.0109375
2 0.215625 0.34375 0.034375 0.0734375
0 0.2171875 0.315625 0.0125 0.0125
2 0.246875 0.3390625 0.028125 0.0625
0 0.25 0.3140625 0.009375 0.0109375
2 0.525 0.35 0.0171875 0.04375
0 0.525 0.3359375 0.0046875 0.0046875
2 0.528125 0.353125 0.0140625 0.034375
0 0.53125 0.340625 0.0046875 0.00625
2 0.546875 0.353125 0.0140625 0.0375
0 0.546875 0.340625 0.00625 0.00625
2 0.7890625 0.3640625 0.0265625 0.0703125
0 0.79375 0.3375 0.0125 0.0125