2 0.284375 0.6078125 0.315625 0.4375
0 0.253125 0.453125 0.121875 0.1265625
2 0.484375 0.478125 0.1953125 0.3546875
0 0.48125 0.353125 0.075 0.1
2 0.559375 0.5671875 0.2453125 0.4203125
0 0.55 0.4125 0.0921875 0.103125
2 0.6234375 0.428125 0.1875 0.3234375
0 0.6578125 0.309375 0.071875 0.0828125
0 0.725 0.496875 0.1171875 0.1265625
2 0.7578125 0.5015625 0.2578125 0.378125
0 0.73125 0.3625 0.078125 0.0984375
2 0.7671875 0.45 0.18125 0.321875
0 0.7921875 0.33125 0.0609375 0.0859375
0 0.953125 0.365625 0.0796875 0.0953125
2 0.8203125 0.375 0.13125 0.2390625
0 0.8484375 0.2953125 0.0578125 0.0734375