2 0.046875 0.590625 0.09375 0.328125
0 0.0359375 0.4578125 0.05 0.059375
2 0.05 0.5375 0.1 0.3796875
0 0.03125 0.38125 0.0484375 0.0625
2 0.0875 0.5890625 0.175 0.409375
0 0.0921875 0.4171875 0.05 0.065625
2 0.1125 0.4765625 0.1015625 0.328125
0 0.1109375 0.3390625 0.0375 0.0484375
2 0.1671875 0.4828125 0.1171875 0.31875
0 0.1703125 0.353125 0.0375 0.0390625
2 0.2125 0.6453125 0.1421875 0.296875
0 0.228125 0.5265625 0.05 0.0578125
2 0.2109375 0.5453125 0.1359375 0.378125
0 0.2234375 0.39375 0.0453125 0.05625
2 0.334375 0.6421875 0.1609375 0.3203125
0 0.321875 0.5140625 0.05625 0.0546875
2 0.278125 0.503125 0.125 0.3296875
0 0.2875 0.3703125 0.04375 0.059375
2 0.4484375 0.6046875 0.18125 0.41875
0 0.4375 0.4328125 0.0515625 0.071875
2 0.3578125 0.5484375 0.1390625 0.4015625
0 0.371875 0.378125 0.0546875 0.05625
2 0.325 0.475 0.090625 0.28125
0 0.328125 0.353125 0.025 0.03125
2 0.4015625 0.4765625 0.0875 0.2203125
0 0.4078125 0.384375 0.0265625 0.03125
2 0.4609375 0.4734375 0.0890625 0.234375
0 0.4671875 0.3703125 0.0234375 0.025
2 0.484375 0.4921875 0.11875 0.2625
0 0.490625 0.3796875 0.0296875 0.03125
2 0.53125 0.4875 0.096875 0.2734375
0 0.5265625 0.371875 0.03125 0.034375
2 0.5890625 0.4859375 0.06875 0.2671875
0 0.5953125 0.375 0.034375 0.0390625