0 0.0359375 0.5171875 0.071875 0.090625
2 0.09375 0.5546875 0.053125 0.1609375
0 0.0953125 0.490625 0.01875 0.0234375
0 0.2 0.521875 0.0609375 0.0625
0 0.271875 0.509375 0.0375 0.040625
0 0.3046875 0.50625 0.059375 0.071875
0 0.384375 0.459375 0.1015625 0.1125
0 0.7578125 0.4296875 0.10625 0.1265625
0 0.4921875 0.5015625 0.0578125 0.0703125
0 0.5484375 0.5046875 0.0375 0.0515625
0 0.603125 0.503125 0.0453125 0.053125
0 0.6859375 0.5203125 0.046875 0.053125
2 0.678125 0.615625 0.0890625 0.303125
0 0.6734375 0.4890625 0.0375 0.0453125
2 0.64375 0.659375 0.09375 0.321875
0 0.6421875 0.5234375 0.0421875 0.0515625
0 0.8625 0.453125 0.0609375 0.08125