2 0.490625 0.5765625 0.0265625 0.071875
0 0.490625 0.546875 0.0078125 0.0109375
2 0.5109375 0.571875 0.0265625 0.0734375
0 0.5125 0.5421875 0.009375 0.0125
2 0.525 0.575 0.028125 0.0734375
0 0.525 0.546875 0.009375 0.0109375
2 0.5390625 0.578125 0.0296875 0.0734375
0 0.5390625 0.55 0.009375 0.0125
2 0.546875 0.5734375 0.025 0.071875
0 0.5484375 0.5453125 0.0078125 0.009375
2 0.5640625 0.575 0.034375 0.0796875
0 0.5625 0.54375 0.009375 0.0125
2 0.5953125 0.5609375 0.0171875 0.04375
0 0.5953125 0.54375 0.00625 0.00625
2 0.6140625 0.575 0.0296875 0.078125
0 0.6140625 0.5421875 0.0109375 0.0109375
2 0.6375 0.5640625 0.021875 0.053125
0 0.6390625 0.54375 0.00625 0.0078125
2 0.684375 0.565625 0.0265625 0.0625
0 0.6828125 0.5390625 0.00625 0.00625
2 0.6984375 0.559375 0.0171875 0.0453125
0 0.696875 0.5421875 0.00625 0.0046875
2 0.7203125 0.5671875 0.025 0.053125
0 0.7203125 0.546875 0.00625 0.0078125
2 0.7375 0.5640625 0.021875 0.0546875
0 0.7375 0.54375 0.0046875 0.0078125
2 0.790625 0.56875 0.0265625 0.0625
0 0.7875 0.5453125 0.0078125 0.0109375
2 0.753125 0.6453125 0.0875 0.221875
0 0.75625 0.5484375 0.03125 0.0265625
2 0.8296875 0.65 0.0859375 0.209375
0 0.821875 0.5640625 0.0265625 0.0296875
2 0.8859375 0.590625 0.0609375 0.0765625
0 0.89375 0.5609375 0.0125 0.0140625
2 0.8921875 0.6140625 0.084375 0.103125
0 0.90625 0.5765625 0.0171875 0.0203125