0 0.965625 0.55625 0.0265625 0.028125
2 0.796875 0.5921875 0.034375 0.075
0 0.7953125 0.5640625 0.0078125 0.009375
2 0.7703125 0.5984375 0.0265625 0.065625
0 0.7625 0.5734375 0.0078125 0.0078125
2 0.7453125 0.60625 0.0109375 0.0265625
0 0.7453125 0.596875 0.003125 0.003125
2 0.7171875 0.653125 0.1375 0.2234375
0 0.7109375 0.5609375 0.0234375 0.03125
2 0.65625 0.640625 0.121875 0.23125
0 0.6484375 0.5484375 0.03125 0.0359375
2 0.6234375 0.6015625 0.034375 0.0625
0 0.6234375 0.578125 0.0078125 0.0078125
2 0.609375 0.6 0.0203125 0.0578125
0 0.60625 0.5765625 0.0078125 0.009375
2 0.6015625 0.6 0.0203125 0.040625
0 0.596875 0.584375 0.00625 0.00625
2 0.58125 0.5984375 0.0171875 0.0375
0 0.5796875 0.5828125 0.0046875 0.003125
2 0.56875 0.6015625 0.01875 0.03125
0 0.56875 0.590625 0.003125 0.0046875
2 0.559375 0.6 0.015625 0.0375
0 0.5578125 0.5875 0.0046875 0.0046875
2 0.5421875 0.6046875 0.0109375 0.025
0 0.5421875 0.5953125 0.003125 0.003125
2 0.41875 0.6421875 0.1125 0.19375
0 0.425 0.5625 0.021875 0.0265625
2 0.3171875 0.6484375 0.121875 0.2078125
0 0.3359375 0.5640625 0.028125 0.025
2 0.259375 0.5984375 0.0234375 0.065625
0 0.25625 0.571875 0.009375 0.009375
2 0.2515625 0.596875 0.0171875 0.059375
0 0.25 0.571875 0.00625 0.0078125
2 0.2421875 0.596875 0.025 0.0671875
0 0.2390625 0.5703125 0.0078125 0.009375
2 0.2296875 0.6 0.025 0.0625
0 0.23125 0.5734375 0.009375 0.009375
2 0.221875 0.596875 0.025 0.0640625
0 0.2171875 0.5703125 0.00625 0.0078125
2 0.21875 0.5953125 0.025 0.065625
0 0.2171875 0.5703125 0.0078125 0.0078125
2 0.20625 0.5984375 0.0265625 0.0640625
0 0.203125 0.571875 0.0078125 0.0078125
2 0.196875 0.5984375 0.0203125 0.06875
0 0.196875 0.5703125 0.009375 0.0109375
2 0.1890625 0.59375 0.0375 0.08125
0 0.1890625 0.5609375 0.009375 0.0109375
2 0.178125 0.6 0.028125 0.06875
0 0.1828125 0.5703125 0.0078125 0.0078125
2 0.178125 0.5953125 0.025 0.071875
0 0.1796875 0.5671875 0.0078125 0.009375
2 0.1703125 0.596875 0.01875 0.059375
0 0.1703125 0.571875 0.00625 0.009375
2 0.146875 0.596875 0.0359375 0.0734375
0 0.146875 0.565625 0.009375 0.009375
2 0.128125 0.5984375 0.03125 0.0734375
0 0.1296875 0.5671875 0.0078125 0.0109375
2 0.109375 0.596875 0.01875 0.071875
0 0.1109375 0.5671875 0.009375 0.009375
2 0.115625 0.59375 0.0203125 0.0765625
0 0.115625 0.5609375 0.009375 0.009375
2 0.08125 0.5953125 0.025 0.06875
0 0.084375 0.56875 0.0109375 0.009375
2 0.078125 0.5953125 0.015625 0.0640625
0 0.078125 0.5703125 0.00625 0.009375
2 0.0671875 0.596875 0.021875 0.0671875
0 0.0671875 0.56875 0.00625 0.009375
2 0.0640625 0.596875 0.0203125 0.0640625
0 0.0609375 0.5703125 0.0078125 0.0078125
2 0.0484375 0.5921875 0.046875 0.071875
0 0.05625 0.5640625 0.0109375 0.0109375
2 0.0515625 0.596875 0.0421875 0.0640625
0 0.053125 0.571875 0.009375 0.009375
2 0.0453125 0.5953125 0.025 0.0671875
0 0.0421875 0.56875 0.009375 0.009375
2 0.03125 0.5984375 0.0171875 0.0453125
0 0.0328125 0.58125 0.00625 0.0078125
2 0.15625 0.596875 0.0171875 0.071875
0 0.15625 0.56875 0.009375 0.009375