2 0.7546875 0.5328125 0.15 0.3171875
0 0.7578125 0.4046875 0.0390625 0.0515625
2 0.728125 0.5546875 0.109375 0.334375
0 0.71875 0.4171875 0.0375 0.046875
2 0.5875 0.5921875 0.1640625 0.3796875
0 0.621875 0.4359375 0.0390625 0.0515625
2 0.6453125 0.5453125 0.090625 0.334375
0 0.6515625 0.40625 0.040625 0.0515625
2 0.609375 0.5328125 0.078125 0.3203125
0 0.6078125 0.4 0.0375 0.0453125
2 0.5609375 0.5640625 0.1015625 0.3515625
0 0.5625 0.421875 0.0390625 0.0453125
2 0.5234375 0.55 0.090625 0.3359375
0 0.525 0.4078125 0.0375 0.0453125
2 0.45625 0.5296875 0.1171875 0.4
0 0.4609375 0.3640625 0.0390625 0.0546875
2 0.415625 0.5671875 0.1296875 0.4
0 0.415625 0.403125 0.0421875 0.05625
2 0.309375 0.615625 0.1640625 0.4140625
0 0.33125 0.4453125 0.0484375 0.0625
2 0.209375 0.640625 0.228125 0.4109375
0 0.2796875 0.4640625 0.0484375 0.0515625
2 0.25625 0.575 0.1453125 0.384375
0 0.259375 0.4140625 0.04375 0.053125
2 0.30625 0.565625 0.1046875 0.396875
0 0.315625 0.3984375 0.046875 0.05625
2 0.36875 0.546875 0.09375 0.3671875
0 0.36875 0.39375 0.0421875 0.0421875
2 0.0578125 0.4359375 0.0359375 0.084375
0 0.0546875 0.4015625 0.0109375 0.0125