0 0.8984375 0.4921875 0.0609375 0.075
0 0.809375 0.4828125 0.0609375 0.075
0 0.7 0.4953125 0.0546875 0.0671875
0 0.584375 0.459375 0.0578125 0.075
0 0.4875 0.5109375 0.05625 0.0671875
0 0.365625 0.4921875 0.0578125 0.0671875
0 0.24375 0.5125 0.0625 0.0765625
0 0.1578125 0.484375 0.065625 0.0859375
2 0.2953125 0.48125 0.0359375 0.1171875
0 0.3015625 0.4359375 0.0140625 0.01875
2 0.2234375 0.41875 0.0953125 0.15
0 0.2328125 0.359375 0.0234375 0.028125
2 0.2515625 0.4328125 0.075 0.125
0 0.246875 0.3890625 0.015625 0.0265625
2 0.446875 0.4640625 0.0578125 0.11875
0 0.4453125 0.4203125 0.025 0.03125
2 0.453125 0.4078125 0.0484375 0.1515625
0 0.4578125 0.3484375 0.01875 0.025
2 0.4765625 0.4046875 0.0828125 0.1609375
0 0.4796875 0.3390625 0.021875 0.0265625
2 0.490625 0.44375 0.0359375 0.0515625
0 0.490625 0.43125 0.0171875 0.021875
2 0.5140625 0.46875 0.0375 0.115625
0 0.5125 0.4234375 0.015625 0.01875
2 0.5484375 0.465625 0.0609375 0.1796875
0 0.5484375 0.3921875 0.0203125 0.0265625
2 0.63125 0.4390625 0.06875 0.1515625
0 0.6234375 0.378125 0.01875 0.025
2 0.7046875 0.3953125 0.05 0.1671875
0 0.7 0.328125 0.021875 0.0234375
2 0.746875 0.4953125 0.0578125 0.134375
0 0.74375 0.4421875 0.0140625 0.0171875
2 0.8765625 0.375 0.0875 0.1953125
0 0.884375 0.2953125 0.0234375 0.03125
0 0.96875 0.28125 0.0328125 0.0359375
2 0.853125 0.4875 0.0375 0.1296875
0 0.85625 0.4359375 0.01875 0.01875
2 0.8828125 0.46875 0.040625 0.134375
0 0.8859375 0.4125 0.0171875 0.021875
2 0.9125 0.46875 0.0421875 0.134375
0 0.909375 0.4125 0.01875 0.0203125
2 0.940625 0.4484375 0.0578125 0.1765625
0 0.9515625 0.3734375 0.0203125 0.01875