2 0.0671875 0.58515625 0.134375 0.4234375
0 0.0671875 0.4109375 0.0515625 0.0640625
0 0.1421875 0.4265625 0.0765625 0.0859375
2 0.5046875 0.56875 0.0828125 0.2296875
0 0.49375 0.475 0.0375 0.0359375
2 0.590625 0.6265625 0.2015625 0.3953125
0 0.60625 0.459375 0.0578125 0.0546875
2 0.7703125 0.5578125 0.096875 0.2484375
0 0.784375 0.4546875 0.0296875 0.0359375
2 0.8484375 0.5296875 0.0546875 0.1375
0 0.8515625 0.4765625 0.0203125 0.021875
2 0.85 0.5421875 0.05 0.1609375
0 0.8515625 0.4765625 0.0203125 0.021875
2 0.95 0.553125 0.0984375 0.1734375
0 0.953125 0.48125 0.0234375 0.0234375
0 0.9859375 0.4875 0.0203125 0.0234375