2 0.6640625 0.5015625 0.09375 0.203125
0 0.6515625 0.41875 0.025 0.03125
2 0.7421875 0.49375 0.0921875 0.1859375
0 0.753125 0.4140625 0.01875 0.0203125
2 0.8296875 0.5 0.078125 0.190625
0 0.83125 0.41875 0.0234375 0.025
2 0.8078125 0.528125 0.06875 0.0890625
0 0.8171875 0.4921875 0.015625 0.0140625
2 0.884375 0.4796875 0.0453125 0.1046875
0 0.884375 0.4359375 0.0125 0.0125
2 0.9421875 0.4796875 0.0515625 0.1125
0 0.9484375 0.4359375 0.0140625 0.015625
2 0.7953125 0.4625 0.025 0.0484375
0 0.796875 0.4453125 0.0078125 0.0078125
2 0.7796875 0.459375 0.01875 0.053125
0 0.7796875 0.4390625 0.00625 0.0078125
2 0.728125 0.478125 0.04375 0.1125
0 0.7328125 0.43125 0.0125 0.0125
2 0.7125 0.4890625 0.028125 0.06875
0 0.715625 0.4609375 0.009375 0.0109375
2 0.715625 0.459375 0.01875 0.0484375
0 0.7171875 0.4421875 0.0078125 0.00625
2 0.621875 0.478125 0.05 0.0953125
0 0.63125 0.4390625 0.015625 0.015625
2 0.5828125 0.471875 0.0453125 0.1078125
0 0.578125 0.428125 0.0125 0.015625
2 0.575 0.4640625 0.025 0.071875
0 0.575 0.434375 0.0078125 0.009375
2 0.51875 0.46875 0.01875 0.0578125
0 0.51875 0.44375 0.009375 0.0078125