2 0.2515625 0.5578125 0.153125 0.4078125
0 0.265625 0.396875 0.0421875 0.0421875
2 0.3890625 0.5890625 0.1234375 0.35
0 0.3984375 0.4390625 0.0390625 0.0484375
2 0.475 0.571875 0.0921875 0.2921875
0 0.4875 0.4453125 0.03125 0.0375
2 0.5171875 0.5765625 0.0828125 0.246875
0 0.5125 0.4734375 0.0390625 0.0390625
2 0.609375 0.5609375 0.1 0.265625
0 0.6171875 0.4515625 0.0296875 0.0375
2 0.56875 0.5703125 0.059375 0.2015625
0 0.571875 0.4859375 0.0203125 0.025
2 0.6328125 0.565625 0.05625 0.1984375
0 0.6359375 0.4828125 0.0203125 0.0234375
2 0.653125 0.5671875 0.0515625 0.1640625
0 0.6546875 0.503125 0.021875 0.025
2 0.696875 0.571875 0.0734375 0.2125
0 0.696875 0.4828125 0.0234375 0.025
2 0.6890625 0.5609375 0.0734375 0.2078125
0 0.6953125 0.4796875 0.0234375 0.0265625
2 0.7546875 0.5625 0.06875 0.1890625
0 0.7484375 0.484375 0.025 0.0234375
2 0.7640625 0.55625 0.0578125 0.1796875
0 0.771875 0.4828125 0.025 0.0265625
2 0.7984375 0.559375 0.0578125 0.1625
0 0.79375 0.490625 0.021875 0.021875
2 0.8625 0.5546875 0.0703125 0.178125
0 0.8640625 0.4796875 0.025 0.021875
2 0.51875 0.5484375 0.078125 0.2328125
0 0.525 0.4515625 0.025 0.03125