2 0.98125 0.2921875 0.009375 0.021875
0 0.98125 0.284375 0.003125 0.0046875
2 0.925 0.296875 0.0109375 0.021875
0 0.925 0.2875 0.003125 0.003125
2 0.9203125 0.2953125 0.009375 0.025
0 0.921875 0.2859375 0.003125 0.003125
2 0.8828125 0.2953125 0.0078125 0.0203125
0 0.8828125 0.2875 0.003125 0.003125
2 0.8546875 0.5453125 0.1796875 0.2625
0 0.8828125 0.4484375 0.059375 0.059375
2 0.7359375 0.4984375 0.159375 0.30625
0 0.7453125 0.378125 0.0375 0.0484375
2 0.690625 0.5125 0.1015625 0.21875
0 0.7015625 0.43125 0.0359375 0.0484375
2 0.6109375 0.51875 0.10625 0.196875
0 0.6109375 0.45 0.0359375 0.053125
2 0.5296875 0.503125 0.103125 0.221875
0 0.5265625 0.4203125 0.040625 0.05
2 0.4734375 0.4515625 0.203125 0.2046875
0 0.471875 0.375 0.034375 0.0421875
2 0.4328125 0.4890625 0.140625 0.303125
0 0.4125 0.365625 0.040625 0.05
2 0.3953125 0.5390625 0.13125 0.2328125
0 0.378125 0.45 0.0390625 0.05
2 0.3078125 0.4609375 0.125 0.28125
0 0.346875 0.3453125 0.0375 0.04375
2 0.3046875 0.5578125 0.1703125 0.2109375
0 0.30625 0.48125 0.04375 0.0484375
2 0.2671875 0.5578125 0.3078125 0.4359375
0 0.20625 0.38125 0.0640625 0.075
2 0.1203125 0.465625 0.1046875 0.4046875
0 0.125 0.3046875 0.05 0.059375