0 0.8171875 0.4953125 0.05 0.059375
0 0.7421875 0.478125 0.0703125 0.090625
2 0.7046875 0.55 0.0328125 0.0765625
0 0.70625 0.5203125 0.0109375 0.0125
0 0.6109375 0.5125 0.04375 0.0546875
2 0.5453125 0.53125 0.01875 0.040625
0 0.546875 0.5140625 0.00625 0.00625
2 0.5125 0.5375 0.0203125 0.0546875
0 0.5125 0.515625 0.0078125 0.0078125
2 0.4734375 0.5265625 0.0140625 0.034375
0 0.4734375 0.5125 0.003125 0.003125
2 0.45 0.534375 0.015625 0.0515625
0 0.45 0.5125 0.00625 0.0078125
2 0.4265625 0.5375 0.0140625 0.046875
0 0.428125 0.51875 0.00625 0.00625
2 0.4171875 0.540625 0.01875 0.04375
0 0.41875 0.5203125 0.00625 0.0046875
2 0.41875 0.5359375 0.015625 0.053125
0 0.4171875 0.5140625 0.00625 0.0046875
2 0.4078125 0.5375 0.0203125 0.0640625
0 0.40625 0.5109375 0.009375 0.009375
2 0.39375 0.540625 0.0234375 0.059375
0 0.39375 0.5171875 0.0078125 0.009375
2 0.3828125 0.5296875 0.0125 0.0296875
0 0.3828125 0.5171875 0.003125 0.003125
2 0.3828125 0.5265625 0.0171875 0.0296875
0 0.3828125 0.5171875 0.0046875 0.0046875
2 0.3671875 0.5265625 0.0109375 0.034375
0 0.3671875 0.5140625 0.0046875 0.00625
2 0.36875 0.5265625 0.0109375 0.034375
0 0.36875 0.5140625 0.0046875 0.00625
2 0.3609375 0.5265625 0.009375 0.0328125
0 0.359375 0.5125 0.003125 0.003125
2 0.35625 0.528125 0.0109375 0.0328125
0 0.35625 0.515625 0.003125 0.003125
2 0.346875 0.528125 0.0109375 0.034375
0 0.346875 0.5140625 0.0046875 0.0046875
2 0.340625 0.53125 0.0171875 0.0515625
0 0.340625 0.5109375 0.00625 0.00625
2 0.325 0.528125 0.0140625 0.04375
0 0.325 0.5109375 0.0046875 0.00625
2 0.3359375 0.5359375 0.021875 0.0640625
0 0.334375 0.509375 0.0078125 0.009375
2 0.3171875 0.6046875 0.065625 0.2
0 0.3125 0.521875 0.025 0.028125
2 0.3015625 0.5265625 0.0125 0.0359375
0 0.3015625 0.5125 0.0046875 0.0046875
2 0.290625 0.5265625 0.0125 0.034375
0 0.29375 0.5125 0.0046875 0.0046875
2 0.23125 0.5140625 0.00625 0.015625
0 0.23125 0.509375 0.003125 0.003125
2 0.225 0.5140625 0.00625 0.0140625
0 0.225 0.5078125 0.0015625 0.0015625
2 0.2171875 0.5203125 0.009375 0.025
0 0.2171875 0.509375 0.003125 0.003125
2 0.2125 0.5171875 0.0078125 0.021875
0 0.2125 0.509375 0.003125 0.003125
2 0.2078125 0.5203125 0.009375 0.0265625
0 0.2078125 0.509375 0.003125 0.003125
2 0.2 0.5375 0.0234375 0.0625
0 0.2 0.5125 0.009375 0.009375
2 0.1671875 0.56875 0.0453125 0.1234375
0 0.1671875 0.51875 0.0140625 0.01875
2 0.153125 0.5140625 0.0078125 0.015625
0 0.153125 0.509375 0.003125 0.003125
2 0.1421875 0.51875 0.009375 0.021875
0 0.1421875 0.5109375 0.003125 0.003125
2 0.1328125 0.5171875 0.0109375 0.025
0 0.1328125 0.5078125 0.003125 0.003125
2 0.121875 0.5203125 0.009375 0.028125
0 0.121875 0.509375 0.003125 0.003125
2 0.1140625 0.521875 0.0109375 0.028125
0 0.1125 0.5109375 0.003125 0.003125
2 0.103125 0.5203125 0.0140625 0.0296875
0 0.103125 0.509375 0.0046875 0.0046875
2 0.0875 0.521875 0.0140625 0.028125
0 0.0890625 0.509375 0.0046875 0.003125
2 0.078125 0.51875 0.009375 0.021875
0 0.078125 0.509375 0.003125 0.003125
2 0.0640625 0.5203125 0.0140625 0.03125
0 0.0640625 0.5078125 0.0046875 0.0046875
2 0.071875 0.5171875 0.0109375 0.0265625
0 0.071875 0.50625 0.003125 0.003125
2 0.0984375 0.5171875 0.0078125 0.0234375
0 0.0984375 0.5078125 0.003125 0.0046875
2 0.0453125 0.51875 0.0125 0.0234375
0 0.046875 0.509375 0.003125 0.003125
2 0.0359375 0.5171875 0.0109375 0.0234375
0 0.0359375 0.5078125 0.003125 0.003125
2 0.025 0.521875 0.0140625 0.034375
0 0.0265625 0.509375 0.0046875 0.0046875
2 0.0171875 0.54375 0.034375 0.0953125
0 0.0078125 0.50625 0.0140625 0.0125