0 0.14375 0.56875 0.0375 0.06875
2 0.25625 0.66875 0.059375 0.1375
0 0.2703125 0.6171875 0.0234375 0.0296875
2 0.371875 0.5796875 0.01875 0.0640625
0 0.3765625 0.5546875 0.0078125 0.0078125
2 0.4109375 0.5734375 0.0296875 0.0890625
0 0.4140625 0.5375 0.009375 0.0109375
2 0.421875 0.56875 0.0328125 0.0953125
0 0.425 0.5296875 0.009375 0.0109375
2 0.4359375 0.575 0.01875 0.046875
0 0.4296875 0.55625 0.00625 0.00625
2 0.4859375 0.5953125 0.028125 0.0671875
0 0.4859375 0.5703125 0.0109375 0.0125
2 0.4796875 0.575 0.0328125 0.103125
0 0.4890625 0.5328125 0.0109375 0.0140625
2 0.61875 0.58125 0.03125 0.1375
0 0.6234375 0.5265625 0.0171875 0.0203125
2 0.640625 0.5765625 0.0453125 0.1015625
0 0.634375 0.534375 0.015625 0.0171875
2 0.6796875 0.5921875 0.0640625 0.1265625
0 0.675 0.5421875 0.015625 0.0171875
2 0.50625 0.56875 0.0171875 0.0359375
0 0.5078125 0.5546875 0.00625 0.00625
2 0.4984375 0.5609375 0.015625 0.0515625
0 0.5015625 0.5390625 0.00625 0.0078125
2 0.5296875 0.559375 0.0203125 0.04375
0 0.5265625 0.54375 0.00625 0.0078125
2 0.5203125 0.565625 0.0109375 0.034375
0 0.521875 0.553125 0.003125 0.0046875
2 0.515625 0.54375 0.0125 0.028125
0 0.5140625 0.5328125 0.0046875 0.0046875
2 0.55 0.5578125 0.0265625 0.05625
0 0.5484375 0.5375 0.00625 0.0078125
2 0.56875 0.5609375 0.0203125 0.065625
0 0.571875 0.534375 0.0109375 0.009375
2 0.5640625 0.5484375 0.0125 0.0390625
0 0.5640625 0.534375 0.00625 0.00625
2 0.559375 0.5546875 0.0109375 0.0296875
0 0.559375 0.54375 0.0046875 0.0046875
2 0.578125 0.5578125 0.021875 0.0515625
0 0.571875 0.534375 0.0078125 0.0078125
2 0.584375 0.553125 0.01875 0.05
0 0.584375 0.534375 0.0078125 0.0078125
2 0.59375 0.5546875 0.015625 0.0484375
0 0.59375 0.534375 0.00625 0.0078125
2 0.5921875 0.5640625 0.0125 0.03125
0 0.5921875 0.5546875 0.0046875 0.00625
2 0.596875 0.5703125 0.015625 0.0390625
0 0.5984375 0.5546875 0.0078125 0.00625
2 0.6046875 0.5578125 0.021875 0.05
0 0.609375 0.5375 0.0078125 0.0078125
2 0.6296875 0.5453125 0.0109375 0.0234375
0 0.628125 0.5390625 0.0046875 0.00625
2 0.646875 0.540625 0.0078125 0.0234375
0 0.646875 0.53125 0.003125 0.003125
2 0.659375 0.5546875 0.025 0.0703125
0 0.6609375 0.525 0.009375 0.0078125
2 0.66875 0.5484375 0.0140625 0.053125
0 0.66875 0.5265625 0.00625 0.0078125
2 0.6828125 0.5484375 0.0125 0.046875
0 0.6828125 0.5296875 0.00625 0.0078125
2 0.6890625 0.5453125 0.0140625 0.0390625
0 0.6890625 0.53125 0.0046875 0.00625
2 0.6890625 0.559375 0.015625 0.0328125
0 0.6921875 0.5484375 0.00625 0.0046875
2 0.690625 0.5421875 0.0109375 0.0296875
0 0.6890625 0.53125 0.0046875 0.00625
2 0.7109375 0.5828125 0.0203125 0.040625
0 0.709375 0.5671875 0.0078125 0.0078125
2 0.7109375 0.5765625 0.0265625 0.0421875
0 0.7125 0.5625 0.0078125 0.009375
2 0.7296875 0.5671875 0.03125 0.0703125
0 0.7203125 0.5421875 0.009375 0.0125
2 0.715625 0.5453125 0.0078125 0.0234375
0 0.715625 0.5375 0.003125 0.0046875
2 0.728125 0.546875 0.0125 0.0359375
0 0.7265625 0.5328125 0.0046875 0.00625
2 0.7703125 0.56875 0.0234375 0.046875
0 0.7765625 0.5515625 0.0078125 0.009375
2 0.840625 0.5734375 0.046875 0.05625
0 0.840625 0.5515625 0.009375 0.0125
2 0.8046875 0.5703125 0.0375 0.05
0 0.8171875 0.5515625 0.0078125 0.009375
2 0.790625 0.5640625 0.0140625 0.0578125
0 0.7921875 0.54375 0.009375 0.009375
2 0.8 0.5578125 0.01875 0.0421875
0 0.7984375 0.5421875 0.0078125 0.0078125
2 0.784375 0.5515625 0.0125 0.0453125
0 0.7828125 0.5328125 0.0046875 0.00625
2 0.4609375 0.559375 0.015625 0.0234375
0 0.4625 0.55 0.0046875 0.00625
2 0.4359375 0.553125 0.0171875 0.04375
0 0.434375 0.5375 0.00625 0.0078125
2 0.440625 0.5484375 0.0109375 0.04375
0 0.4421875 0.53125 0.003125 0.0046875