2 0.753125 0.5234375 0.10625 0.31875
0 0.7359375 0.403125 0.0390625 0.0484375
2 0.73125 0.5265625 0.096875 0.3046875
0 0.7359375 0.40625 0.03125 0.0390625
2 0.684375 0.534375 0.096875 0.2859375
0 0.6734375 0.4203125 0.0359375 0.0453125
2 0.5984375 0.5328125 0.103125 0.3
0 0.603125 0.4109375 0.0359375 0.0453125
2 0.56875 0.525 0.075 0.2828125
0 0.5625 0.4078125 0.0359375 0.0390625
2 0.621875 0.525 0.0734375 0.2546875
0 0.621875 0.4203125 0.0296875 0.0359375
2 0.528125 0.5140625 0.0890625 0.2453125
0 0.5359375 0.415625 0.025 0.0328125
2 0.453125 0.5375 0.103125 0.2359375
0 0.465625 0.4421875 0.03125 0.0390625
2 0.3578125 0.503125 0.1265625 0.3375
0 0.3828125 0.3640625 0.0421875 0.05
2 0.44375 0.5140625 0.071875 0.203125
0 0.4421875 0.434375 0.025 0.0296875
2 0.4359375 0.49375 0.0625 0.190625
0 0.4390625 0.4140625 0.0234375 0.0265625
2 0.29375 0.515625 0.090625 0.2390625
0 0.296875 0.41875 0.028125 0.034375
2 0.2359375 0.5109375 0.0828125 0.2421875
0 0.2390625 0.4109375 0.0265625 0.03125
2 0.159375 0.51875 0.0515625 0.178125
0 0.1578125 0.4453125 0.028125 0.03125
2 0.1828125 0.5109375 0.0578125 0.15625
0 0.1765625 0.4453125 0.01875 0.0234375