2 0.015625 0.53828125 0.03125 0.1421875
0 0.0078125 0.48203125 0.015625 0.0234375
2 0.0703125 0.5796875 0.1078125 0.2734375
0 0.0578125 0.4640625 0.0328125 0.034375
2 0.0703125 0.4734375 0.0484375 0.078125
0 0.0703125 0.446875 0.0171875 0.0203125
2 0.096875 0.4609375 0.040625 0.1109375
0 0.0984375 0.4203125 0.0140625 0.01875
2 0.109375 0.5890625 0.059375 0.1921875
0 0.1171875 0.509375 0.0234375 0.0265625
2 0.1390625 0.5765625 0.0421875 0.146875
0 0.140625 0.51875 0.0140625 0.01875
2 0.15 0.490625 0.0390625 0.1046875
0 0.1515625 0.4515625 0.0171875 0.021875
2 0.1859375 0.578125 0.1109375 0.2578125
0 0.1703125 0.4734375 0.0359375 0.040625
2 0.20625 0.4328125 0.059375 0.128125
0 0.20625 0.38125 0.015625 0.0203125
2 0.2703125 0.6109375 0.0546875 0.1703125
0 0.2640625 0.54375 0.021875 0.0265625
2 0.2765625 0.5953125 0.0765625 0.1921875
0 0.2734375 0.5203125 0.0265625 0.0328125
2 0.265625 0.56875 0.0640625 0.2046875
0 0.26875 0.4875 0.0234375 0.0296875
2 0.321875 0.5734375 0.0734375 0.2203125
0 0.3234375 0.4828125 0.0265625 0.0296875
2 0.365625 0.625 0.0765625 0.20625
0 0.36875 0.5375 0.0296875 0.028125
2 0.3625 0.603125 0.065625 0.1953125
0 0.365625 0.5203125 0.0265625 0.0265625
2 0.365625 0.58125 0.071875 0.2
0 0.3625 0.4984375 0.0234375 0.0265625
2 0.3796875 0.503125 0.0484375 0.165625
0 0.3796875 0.4421875 0.0234375 0.0234375
2 0.43125 0.4953125 0.0484375 0.1328125
0 0.4265625 0.440625 0.01875 0.01875
2 0.421875 0.56875 0.0609375 0.2296875
0 0.4390625 0.4703125 0.0234375 0.0203125
2 0.4765625 0.6125 0.0984375 0.25625
0 0.4765625 0.509375 0.0296875 0.0328125
2 0.4453125 0.596875 0.1203125 0.24375
0 0.4703125 0.5 0.0328125 0.0390625
2 0.484375 0.575 0.075 0.2171875
0 0.478125 0.484375 0.0265625 0.0265625
2 0.5203125 0.5875 0.08125 0.234375
0 0.525 0.4890625 0.0265625 0.0328125
0 0.58125 0.4734375 0.0421875 0.046875
2 0.621875 0.6140625 0.0828125 0.259375
0 0.6296875 0.5078125 0.03125 0.0359375
2 0.6609375 0.64375 0.0734375 0.184375
0 0.6625 0.5734375 0.0265625 0.03125
0 0.7484375 0.4875 0.0390625 0.0484375
2 0.7671875 0.6140625 0.1609375 0.309375
0 0.78125 0.484375 0.0359375 0.04375
2 0.7078125 0.5890625 0.09375 0.2421875
0 0.709375 0.490625 0.028125 0.0375
2 0.7375 0.6234375 0.1265625 0.309375
0 0.7359375 0.4921875 0.0328125 0.040625
2 0.8875 0.4140625 0.053125 0.1375
0 0.884375 0.3625 0.0234375 0.0296875
2 0.7921875 0.428125 0.0640625 0.15
0 0.79375 0.3671875 0.015625 0.021875
2 0.7734375 0.41875 0.0421875 0.1203125
0 0.771875 0.371875 0.0171875 0.0234375
2 0.7203125 0.4515625 0.0828125 0.1015625
0 0.7203125 0.41875 0.0234375 0.028125
2 0.653125 0.4171875 0.0609375 0.1640625
0 0.665625 0.3484375 0.0203125 0.0234375
2 0.7203125 0.4203125 0.0703125 0.1484375
0 0.725 0.359375 0.01875 0.0203125
2 0.5484375 0.4375 0.0390625 0.1078125
0 0.55 0.3890625 0.0125 0.0109375
2 0.50625 0.43125 0.0515625 0.1203125
0 0.5078125 0.3796875 0.0140625 0.015625
2 0.315625 0.4359375 0.0546875 0.121875
0 0.31875 0.3765625 0.0109375 0.0109375
2 0.2734375 0.421875 0.0234375 0.0671875
0 0.275 0.3984375 0.0140625 0.015625
2 0.2546875 0.41875 0.0265625 0.0734375
0 0.2640625 0.39375 0.0125 0.0140625