2 0.1953125 0.7171875 0.0125 0.034375
0 0.19375 0.703125 0.0046875 0.00625
2 0.2375 0.7203125 0.0125 0.034375
0 0.2390625 0.7078125 0.0046875 0.0046875
2 0.3578125 0.7453125 0.0609375 0.153125
0 0.3609375 0.68125 0.0171875 0.021875
2 0.4109375 0.7484375 0.059375 0.1390625
0 0.4078125 0.6921875 0.015625 0.021875
2 0.4703125 0.746875 0.075 0.1390625
0 0.4671875 0.690625 0.0171875 0.0234375
2 0.5015625 0.740625 0.01875 0.0546875
0 0.5 0.71875 0.00625 0.0078125
2 0.440625 0.734375 0.015625 0.0453125
0 0.440625 0.7171875 0.0046875 0.00625