2 0.1125 0.6203125 0.046875 0.11875
0 0.1140625 0.5734375 0.0171875 0.0171875
2 0.146875 0.621875 0.040625 0.115625
0 0.1515625 0.5734375 0.015625 0.015625
2 0.2390625 0.6109375 0.0328125 0.1125
0 0.246875 0.565625 0.0125 0.0140625
2 0.29375 0.6046875 0.0390625 0.103125
0 0.2953125 0.5609375 0.0125 0.0125
2 0.4 0.5734375 0.021875 0.0640625
0 0.396875 0.5484375 0.009375 0.0109375
2 0.425 0.571875 0.0296875 0.065625
0 0.4265625 0.5453125 0.0078125 0.009375
2 0.4609375 0.5703125 0.0171875 0.059375
0 0.4609375 0.546875 0.0078125 0.0078125
2 0.4796875 0.571875 0.025 0.0546875
0 0.48125 0.55 0.0078125 0.0078125
2 0.5125 0.559375 0.01875 0.0515625
0 0.509375 0.5390625 0.00625 0.0078125
2 0.528125 0.5609375 0.01875 0.053125
0 0.5296875 0.5390625 0.00625 0.00625
2 0.5421875 0.571875 0.01875 0.0546875
0 0.54375 0.55 0.00625 0.00625
2 0.5578125 0.5625 0.0171875 0.0484375
0 0.55625 0.54375 0.0078125 0.0078125
2 0.5359375 0.5625 0.0125 0.0515625
0 0.5359375 0.5421875 0.00625 0.00625
2 0.54375 0.559375 0.01875 0.05625
0 0.54375 0.5359375 0.00625 0.00625
2 0.559375 0.5578125 0.0203125 0.0515625
0 0.5609375 0.5359375 0.00625 0.00625
2 0.6640625 0.5359375 0.0109375 0.028125
0 0.665625 0.525 0.003125 0.003125