2 0.9515625 0.7578125 0.025 0.0484375
0 0.9515625 0.740625 0.009375 0.0125
2 0.940625 0.7390625 0.0296875 0.0734375
0 0.94375 0.7140625 0.0109375 0.0125
2 0.9296875 0.7265625 0.028125 0.0734375
0 0.9328125 0.7015625 0.009375 0.0125
2 0.89375 0.7609375 0.034375 0.05625
0 0.89375 0.7421875 0.0109375 0.0109375
2 0.8703125 0.7609375 0.0265625 0.0671875
0 0.8671875 0.734375 0.0078125 0.0078125
2 0.7296875 0.6625 0.0171875 0.059375
0 0.73125 0.640625 0.0078125 0.0078125
2 0.7171875 0.6625 0.021875 0.0640625
0 0.7171875 0.6375 0.00625 0.0078125
2 0.6640625 0.6625 0.025 0.0640625
0 0.6609375 0.6359375 0.0078125 0.009375
2 0.6453125 0.6390625 0.0171875 0.0484375
0 0.6484375 0.6234375 0.0078125 0.0078125
2 0.6234375 0.678125 0.025 0.065625
0 0.6234375 0.6515625 0.009375 0.009375
2 0.6203125 0.6515625 0.0171875 0.0453125
0 0.6171875 0.6328125 0.00625 0.00625
2 0.6390625 0.690625 0.0203125 0.071875
0 0.6390625 0.6609375 0.009375 0.009375
2 0.6828125 0.734375 0.040625 0.0703125
0 0.6765625 0.7046875 0.009375 0.009375
2 0.721875 0.7375 0.0328125 0.075
0 0.7203125 0.7078125 0.0078125 0.0125
2 0.6125 0.7796875 0.028125 0.0765625
0 0.609375 0.75 0.009375 0.0125
2 0.59375 0.7796875 0.028125 0.078125
0 0.596875 0.7484375 0.0109375 0.0109375
2 0.534375 0.7734375 0.034375 0.0734375
0 0.534375 0.7453125 0.0109375 0.0125
2 0.525 0.775 0.0296875 0.0765625
0 0.525 0.74375 0.0109375 0.0109375
2 0.4796875 0.784375 0.028125 0.0796875
0 0.4796875 0.753125 0.009375 0.0125
2 0.4578125 0.7859375 0.0234375 0.078125
0 0.4578125 0.75625 0.009375 0.0109375
2 0.4125 0.659375 0.0328125 0.0578125
0 0.40625 0.6375 0.0078125 0.009375
2 0.40625 0.6265625 0.01875 0.046875
0 0.40625 0.609375 0.0078125 0.009375
2 0.365625 0.7109375 0.025 0.0671875
0 0.3640625 0.684375 0.009375 0.0109375
2 0.3453125 0.7109375 0.03125 0.071875
0 0.3453125 0.68125 0.0109375 0.0109375
2 0.2453125 0.7671875 0.0265625 0.08125
0 0.25 0.7375 0.009375 0.0109375
2 0.228125 0.775 0.03125 0.075
0 0.228125 0.7453125 0.0109375 0.0125
2 0.00625 0.78203125 0.0125 0.0703125
0 0.0015625 0.7515625 0.003125 0.009375
2 0.0109375 0.7515625 0.0203125 0.0734375
0 0.0078125 0.721875 0.0109375 0.0125
2 0.0390625 0.7 0.025 0.059375
0 0.0375 0.6765625 0.0078125 0.0109375
2 0.0421875 0.6875 0.028125 0.06875
0 0.040625 0.659375 0.0078125 0.0109375
2 0.1265625 0.659375 0.021875 0.05625
0 0.121875 0.6375 0.009375 0.009375
2 0.1359375 0.6375 0.021875 0.0578125
0 0.134375 0.6140625 0.009375 0.009375
2 0.28125 0.6984375 0.0234375 0.0625
0 0.284375 0.675 0.009375 0.0109375
2 0.296875 0.696875 0.0234375 0.0625
0 0.296875 0.671875 0.0078125 0.0109375
2 0.2765625 0.6578125 0.015625 0.034375
0 0.278125 0.646875 0.00625 0.0078125
2 0.31875 0.6375 0.025 0.059375
0 0.3171875 0.6140625 0.00625 0.0078125
2 0.3265625 0.6375 0.021875 0.05625
0 0.3265625 0.6140625 0.0078125 0.0078125
2 0.3421875 0.625 0.01875 0.0515625
0 0.34375 0.6046875 0.0078125 0.0078125
2 0.359375 0.621875 0.01875 0.05625
0 0.3578125 0.6015625 0.00625 0.0078125
2 0.34375 0.5984375 0.01875 0.04375
0 0.34375 0.58125 0.00625 0.0078125
2 0.3609375 0.58125 0.0140625 0.0484375
0 0.3625 0.5625 0.00625 0.0078125
2 0.375 0.5828125 0.01875 0.0453125
0 0.3734375 0.5640625 0.0078125 0.00625
2 0.3796875 0.5546875 0.015625 0.0390625
0 0.3796875 0.540625 0.0046875 0.00625
2 0.36875 0.553125 0.015625 0.0390625
0 0.36875 0.5375 0.00625 0.0078125
2 0.3953125 0.5203125 0.009375 0.0359375
0 0.396875 0.5078125 0.0046875 0.0046875
2 0.375 0.521875 0.0140625 0.0328125
0 0.3765625 0.509375 0.00625 0.00625
2 0.3765625 0.4984375 0.015625 0.034375
0 0.375 0.4859375 0.0046875 0.0046875
2 0.3671875 0.4984375 0.0125 0.034375
0 0.36875 0.4859375 0.0046875 0.0046875
2 0.3265625 0.4890625 0.0140625 0.0171875
0 0.325 0.484375 0.0046875 0.0046875
2 0.33125 0.5015625 0.009375 0.034375
0 0.3328125 0.4875 0.00625 0.0046875
2 0.340625 0.509375 0.0125 0.0328125
0 0.340625 0.496875 0.0046875 0.0046875
2 0.3421875 0.5296875 0.0171875 0.0390625
0 0.34375 0.515625 0.00625 0.00625
2 0.35625 0.53125 0.015625 0.0375
0 0.353125 0.5171875 0.00625 0.00625
2 0.315625 0.503125 0.0109375 0.0296875
0 0.315625 0.49375 0.0046875 0.003125
2 0.3234375 0.528125 0.0140625 0.0375
0 0.3234375 0.5140625 0.0046875 0.00625
2 0.3125 0.528125 0.0125 0.0359375
0 0.3109375 0.5140625 0.0046875 0.00625
2 0.2984375 0.5296875 0.0125 0.0375
0 0.2984375 0.515625 0.00625 0.00625
2 0.290625 0.5296875 0.0140625 0.0390625
0 0.290625 0.5140625 0.00625 0.00625
2 0.3015625 0.55 0.0125 0.040625
0 0.3 0.534375 0.0046875 0.00625
2 0.30625 0.5703125 0.0171875 0.0453125
0 0.30625 0.553125 0.00625 0.0078125
2 0.2828125 0.5515625 0.015625 0.03125
0 0.2828125 0.540625 0.00625 0.00625
2 0.2828125 0.5640625 0.0171875 0.040625
0 0.28125 0.5484375 0.00625 0.0078125
2 0.26875 0.603125 0.01875 0.05
0 0.2671875 0.5828125 0.00625 0.00625
2 0.2578125 0.603125 0.0171875 0.0515625
0 0.25625 0.584375 0.00625 0.00625
2 0.2453125 0.5953125 0.01875 0.053125
0 0.246875 0.5765625 0.00625 0.0078125
2 0.228125 0.5984375 0.01875 0.0484375
0 0.228125 0.5796875 0.00625 0.0078125
2 0.20625 0.603125 0.0203125 0.05
0 0.2046875 0.584375 0.00625 0.0078125
2 0.203125 0.5890625 0.0171875 0.040625
0 0.2015625 0.575 0.00625 0.00625
2 0.19375 0.60625 0.0171875 0.0453125
0 0.19375 0.5890625 0.00625 0.0078125
2 0.1890625 0.5921875 0.0171875 0.04375
0 0.190625 0.575 0.0078125 0.0078125
2 0.5765625 0.50625 0.0203125 0.0546875
0 0.5734375 0.484375 0.0078125 0.009375
2 0.59375 0.5015625 0.01875 0.0671875
0 0.5953125 0.4734375 0.009375 0.009375
2 0.5859375 0.496875 0.0171875 0.05625
0 0.5859375 0.478125 0.00625 0.00625
2 0.609375 0.503125 0.021875 0.0625
0 0.6046875 0.478125 0.0078125 0.009375
2 0.6546875 0.5 0.021875 0.05
0 0.6515625 0.4828125 0.0078125 0.0078125
2 0.7 0.5 0.0203125 0.065625
0 0.703125 0.48125 0.0078125 0.00625
2 0.7171875 0.496875 0.0171875 0.071875
0 0.71875 0.471875 0.009375 0.0109375
2 0.7359375 0.4984375 0.021875 0.071875
0 0.7359375 0.46875 0.009375 0.0109375
2 0.68125 0.4953125 0.021875 0.0625
0 0.6796875 0.471875 0.0078125 0.0078125
2 0.94375 0.2109375 0.009375 0.021875
0 0.9421875 0.203125 0.003125 0.003125