0 0.015625 0.51171875 0.03125 0.0921875
0 0.0234375 0.415625 0.046875 0.071875
0 0.128125 0.453125 0.0796875 0.0984375
0 0.228125 0.690625 0.1609375 0.2078125
2 0.28125 0.5375 0.121875 0.3703125
0 0.284375 0.403125 0.040625 0.0546875
2 0.328125 0.5515625 0.2078125 0.45
0 0.35625 0.4046875 0.0515625 0.0734375
0 0.459375 0.475 0.0609375 0.084375
2 0.4578125 0.4921875 0.0828125 0.221875
0 0.45 0.4046875 0.0265625 0.0375
2 0.5125 0.5671875 0.1453125 0.425
0 0.515625 0.4375 0.040625 0.05625
2 0.5484375 0.484375 0.0671875 0.184375
0 0.546875 0.4109375 0.0265625 0.034375
2 0.6109375 0.5 0.10625 0.3015625
0 0.6125 0.396875 0.0328125 0.0453125
0 0.6765625 0.5109375 0.0671875 0.0890625
2 0.696875 0.4734375 0.0765625 0.184375
0 0.696875 0.3984375 0.0234375 0.0328125
2 0.7453125 0.4796875 0.0640625 0.2046875
0 0.74375 0.3953125 0.0265625 0.03125
2 0.765625 0.5296875 0.121875 0.328125
0 0.775 0.3890625 0.0390625 0.040625
0 0.7703125 0.440625 0.065625 0.0796875
2 0.859375 0.5171875 0.1078125 0.3265625
0 0.8671875 0.384375 0.0390625 0.0484375
0 0.9578125 0.415625 0.04375 0.059375
0 0.775 0.715625 0.0953125 0.1171875