2 0.846875 0.525 0.2 0.4828125
0 0.85625 0.3265625 0.059375 0.075
0 0.9734375 0.48125 0.0375 0.046875
2 0.834375 0.521875 0.1671875 0.39375
0 0.8296875 0.359375 0.046875 0.0546875
2 0.76875 0.5078125 0.153125 0.346875
0 0.78125 0.365625 0.0421875 0.05625
2 0.709375 0.584375 0.1328125 0.3171875
0 0.7109375 0.459375 0.0484375 0.0578125
2 0.603125 0.534375 0.1375 0.353125
0 0.615625 0.3859375 0.05 0.046875
2 0.65 0.515625 0.1171875 0.3625
0 0.6484375 0.3640625 0.040625 0.053125
2 0.534375 0.5078125 0.125 0.35625
0 0.525 0.35625 0.040625 0.046875
2 0.434375 0.55 0.128125 0.290625
0 0.434375 0.4375 0.0421875 0.05625
2 0.3390625 0.5109375 0.115625 0.36875
0 0.353125 0.3640625 0.05 0.065625
2 0.2765625 0.534375 0.153125 0.3375
0 0.2703125 0.396875 0.04375 0.05625