2 0.4765625 0.6453125 0.0671875 0.146875
0 0.4765625 0.5859375 0.01875 0.021875
2 0.4546875 0.6390625 0.0546875 0.103125
0 0.453125 0.5984375 0.0140625 0.0140625
2 0.4328125 0.6421875 0.0390625 0.0953125
0 0.4359375 0.603125 0.0125 0.0140625
2 0.428125 0.6359375 0.028125 0.06875
0 0.428125 0.609375 0.009375 0.009375
2 0.2703125 0.6421875 0.040625 0.1140625
0 0.2703125 0.5953125 0.0140625 0.0140625
2 0.2390625 0.6421875 0.0359375 0.1109375
0 0.2421875 0.596875 0.0125 0.0125
2 0.1640625 0.65 0.084375 0.178125
0 0.16875 0.578125 0.021875 0.025
2 0.0953125 0.6375 0.0609375 0.1921875
0 0.0875 0.55625 0.021875 0.0234375