2 0.0734375 0.509375 0.1203125 0.3828125
0 0.075 0.3453125 0.04375 0.053125
2 0.153125 0.5140625 0.1140625 0.371875
0 0.153125 0.3625 0.0421875 0.053125
2 0.2046875 0.5 0.096875 0.3328125
0 0.2 0.3609375 0.040625 0.0453125
2 0.2375 0.5125 0.121875 0.35
0 0.2375 0.3703125 0.0421875 0.05
2 0.2296875 0.6015625 0.1375 0.2484375
0 0.221875 0.5109375 0.0421875 0.05625
2 0.334375 0.590625 0.1421875 0.2484375
0 0.325 0.4953125 0.0453125 0.05
2 0.3359375 0.5171875 0.1125 0.3421875
0 0.3328125 0.3734375 0.040625 0.0484375
2 0.3578125 0.46875 0.1046875 0.3390625
0 0.3546875 0.328125 0.0390625 0.0484375
2 0.4109375 0.4984375 0.15 0.378125
0 0.4046875 0.3421875 0.0484375 0.05625
2 0.4421875 0.48125 0.1 0.33125
0 0.440625 0.34375 0.0328125 0.046875
2 0.478125 0.46875 0.08125 0.2828125
0 0.48125 0.3484375 0.0296875 0.040625
2 0.496875 0.509375 0.1 0.3375
0 0.5 0.36875 0.040625 0.05
2 0.5546875 0.5859375 0.1546875 0.284375
0 0.559375 0.478125 0.04375 0.0640625
2 0.5515625 0.496875 0.10625 0.30625
0 0.5484375 0.3703125 0.0375 0.0484375
2 0.5890625 0.5171875 0.1140625 0.3625
0 0.584375 0.371875 0.0375 0.0515625
2 0.6828125 0.6046875 0.1375 0.290625
0 0.6875 0.4921875 0.0453125 0.0578125
2 0.64375 0.4984375 0.09375 0.353125
0 0.6390625 0.3546875 0.0421875 0.05625
2 0.728125 0.5171875 0.1390625 0.359375
0 0.7328125 0.36875 0.04375 0.05
2 0.565625 0.459375 0.090625 0.290625
0 0.5578125 0.340625 0.034375 0.046875
2 0.6359375 0.4578125 0.0875 0.3046875
0 0.6265625 0.3328125 0.03125 0.0390625
2 0.7046875 0.4734375 0.08125 0.3140625
0 0.703125 0.346875 0.0359375 0.0453125
2 0.7484375 0.478125 0.1 0.3171875
0 0.7625 0.35 0.0375 0.05
2 0.8359375 0.503125 0.121875 0.38125
0 0.8359375 0.346875 0.0453125 0.0546875
2 0.9296875 0.5109375 0.115625 0.4234375
0 0.9296875 0.3421875 0.0453125 0.059375
2 0.825 0.59375 0.1703125 0.3265625
0 0.7984375 0.46875 0.053125 0.065625
2 0.284375 0.5015625 0.103125 0.3171875
0 0.275 0.3703125 0.034375 0.0453125