2 0.94375 0.6125 0.0703125 0.203125
0 0.9328125 0.5265625 0.025 0.0265625
2 0.86875 0.5984375 0.0859375 0.2171875
0 0.8765625 0.50625 0.0265625 0.0296875
2 0.79375 0.6125 0.0890625 0.184375
0 0.771875 0.5328125 0.0234375 0.028125
2 0.9828125 0.5453125 0.0203125 0.096875
0 0.98125 0.5046875 0.0109375 0.0125
2 0.95 0.54375 0.028125 0.0984375
0 0.95 0.5046875 0.0125 0.0140625
2 0.90625 0.534375 0.021875 0.0734375
0 0.909375 0.503125 0.0078125 0.009375
2 0.89375 0.55 0.0234375 0.0984375
0 0.896875 0.5078125 0.0125 0.0125
2 0.8390625 0.578125 0.040625 0.1390625
0 0.8390625 0.5203125 0.0203125 0.0203125
2 0.8578125 0.5578125 0.0375 0.121875
0 0.8578125 0.5078125 0.015625 0.015625
2 0.8421875 0.546875 0.03125 0.10625
0 0.84375 0.503125 0.0109375 0.0140625
2 0.8109375 0.553125 0.0484375 0.1140625
0 0.8046875 0.50625 0.0140625 0.015625
2 0.7953125 0.56875 0.05 0.134375
0 0.7890625 0.5125 0.0140625 0.01875
2 0.784375 0.575 0.065625 0.1609375
0 0.7890625 0.5125 0.0171875 0.01875
2 0.7515625 0.615625 0.1078125 0.275
0 0.7625 0.4984375 0.03125 0.0390625
2 0.709375 0.590625 0.05 0.159375
0 0.7125 0.5265625 0.01875 0.025
2 0.6859375 0.5375 0.0359375 0.096875
0 0.68125 0.5 0.0125 0.0171875
2 0.678125 0.6296875 0.0390625 0.0828125
0 0.678125 0.5984375 0.01875 0.015625
2 0.6703125 0.5828125 0.040625 0.1328125
0 0.6703125 0.5328125 0.0203125 0.0234375
2 0.6390625 0.6296875 0.0859375 0.240625
0 0.646875 0.5296875 0.0296875 0.0390625
2 0.6375 0.5546875 0.05 0.1390625
0 0.634375 0.496875 0.015625 0.0203125
2 0.615625 0.55625 0.040625 0.1328125
0 0.61875 0.4984375 0.015625 0.0171875
2 0.5859375 0.565625 0.05 0.134375
0 0.5875 0.509375 0.0140625 0.01875
2 0.5453125 0.5828125 0.0640625 0.1703125
0 0.5421875 0.5140625 0.0203125 0.0265625
2 0.5671875 0.5828125 0.0546875 0.1625
0 0.5640625 0.5171875 0.0171875 0.021875
2 0.48125 0.5859375 0.0546875 0.153125
0 0.478125 0.521875 0.021875 0.0234375
2 0.4046875 0.5765625 0.08125 0.1765625
0 0.3984375 0.5015625 0.021875 0.025
2 0.36875 0.5765625 0.0734375 0.1875
0 0.36875 0.4953125 0.0203125 0.0203125
2 0.3328125 0.5765625 0.0765625 0.16875
0 0.315625 0.50625 0.01875 0.0265625
2 0.434375 0.5484375 0.0265625 0.1
0 0.4296875 0.5078125 0.009375 0.0109375
2 0.303125 0.56875 0.04375 0.15
0 0.30625 0.50625 0.01875 0.0234375
2 0.15 0.5671875 0.096875 0.1453125
0 0.115625 0.5078125 0.0203125 0.025