0 0.89375 0.4703125 0.0765625 0.0859375
0 0.7984375 0.51875 0.0609375 0.06875
0 0.7546875 0.515625 0.0515625 0.065625
0 0.6828125 0.5 0.04375 0.053125
0 0.4328125 0.4828125 0.065625 0.0796875
0 0.35 0.525 0.0671875 0.071875
0 0.121875 0.5765625 0.078125 0.0765625
0 0.18125 0.51875 0.075 0.075
0 0.025 0.528125 0.05 0.0671875
2 0.253125 0.6265625 0.090625 0.33125
0 0.2328125 0.4875 0.040625 0.0484375
2 0.3 0.60625 0.06875 0.275
0 0.2921875 0.4953125 0.040625 0.0453125
0 0.5921875 0.51875 0.0421875 0.04375
0 0.746875 0.496875 0.0453125 0.0578125
2 0.64375 0.6375 0.0890625 0.3734375
0 0.64375 0.5046875 0.0421875 0.040625
0 0.9671875 0.4625 0.0375 0.0453125