2 0.765625 0.753125 0.021875 0.0421875
0 0.765625 0.7359375 0.0046875 0.00625
2 0.740625 0.753125 0.0203125 0.046875
0 0.7359375 0.734375 0.00625 0.00625
2 0.725 0.75 0.0203125 0.0546875
0 0.725 0.7265625 0.00625 0.0078125
2 0.690625 0.7328125 0.053125 0.175
0 0.690625 0.6609375 0.021875 0.025
2 0.6515625 0.740625 0.0328125 0.1203125
0 0.653125 0.69375 0.0171875 0.021875
2 0.6 0.725 0.084375 0.1921875
0 0.6015625 0.640625 0.0203125 0.025
2 0.58125 0.759375 0.0125 0.0296875
0 0.5828125 0.746875 0.0046875 0.0046875
2 0.5453125 0.75 0.0234375 0.065625
0 0.54375 0.721875 0.0078125 0.009375
2 0.521875 0.7453125 0.0265625 0.0828125
0 0.525 0.7109375 0.0109375 0.0125
2 0.5453125 0.7484375 0.0265625 0.0640625
0 0.5421875 0.7203125 0.00625 0.0078125
2 0.4984375 0.7484375 0.028125 0.0703125
0 0.5 0.7203125 0.009375 0.0109375
2 0.475 0.746875 0.028125 0.0890625
0 0.478125 0.7125 0.0125 0.0125
2 0.45625 0.740625 0.0390625 0.1
0 0.4625 0.6984375 0.0109375 0.0125
2 0.43125 0.75 0.03125 0.0703125
0 0.434375 0.721875 0.009375 0.0125
2 0.41875 0.7515625 0.021875 0.0578125
0 0.425 0.7296875 0.0078125 0.009375
2 0.4015625 0.7546875 0.01875 0.0390625
0 0.403125 0.7390625 0.00625 0.0078125
2 0.3859375 0.753125 0.0125 0.0359375
0 0.384375 0.7390625 0.0046875 0.00625
2 0.3078125 0.8 0.178125 0.2015625
0 0.33125 0.7296875 0.046875 0.053125
2 0.3140625 0.8 0.190625 0.146875
0 0.3625 0.7515625 0.034375 0.040625
2 0.2875 0.75 0.0171875 0.046875
0 0.2875 0.73125 0.00625 0.0078125
2 0.2671875 0.7359375 0.04375 0.1234375
0 0.2640625 0.684375 0.015625 0.015625
2 0.2328125 0.73125 0.028125 0.13125
0 0.225 0.675 0.0140625 0.015625
2 0.2390625 0.746875 0.0328125 0.0796875
0 0.240625 0.7140625 0.009375 0.0125