2 0.178125 0.5859375 0.0796875 0.209375
0 0.175 0.5015625 0.03125 0.03125
2 0.2328125 0.546875 0.0359375 0.08125
0 0.2359375 0.515625 0.0109375 0.0125
2 0.5421875 0.5625 0.0453125 0.1140625
0 0.5453125 0.515625 0.0125 0.0140625
2 0.590625 0.553125 0.0390625 0.1140625
0 0.590625 0.5046875 0.015625 0.0171875
2 0.70625 0.5796875 0.1109375 0.1703125
0 0.6921875 0.509375 0.01875 0.0203125
2 0.7453125 0.559375 0.0890625 0.1328125
0 0.7265625 0.5109375 0.0171875 0.0171875
2 0.659375 0.5546875 0.046875 0.1171875
0 0.6609375 0.5078125 0.0125 0.0171875
2 0.6421875 0.546875 0.0328125 0.084375
0 0.6421875 0.515625 0.0125 0.0125
2 0.6 0.5359375 0.015625 0.0359375
0 0.6 0.521875 0.003125 0.0046875
2 0.503125 0.5390625 0.0296875 0.05625
0 0.5109375 0.51875 0.0078125 0.0078125
2 0.8546875 0.5484375 0.025 0.0890625
0 0.859375 0.515625 0.0109375 0.0140625
2 0.8265625 0.540625 0.01875 0.0484375
0 0.8296875 0.521875 0.009375 0.009375
2 0.8375 0.55 0.0171875 0.0671875
0 0.840625 0.5234375 0.009375 0.0109375
2 0.8453125 0.5453125 0.0171875 0.06875
0 0.85 0.51875 0.009375 0.0125