2 0.75625 0.2765625 0.078125 0.1140625
0 0.7734375 0.225 0.0234375 0.0109375
2 0.7765625 0.5546875 0.0484375 0.084375
0 0.784375 0.5234375 0.0171875 0.015625
2 0.78125 0.5265625 0.05625 0.0953125
0 0.790625 0.4890625 0.0171875 0.0171875
2 0.9140625 0.625 0.075 0.09375
0 0.9375 0.5875 0.01875 0.01875
2 0.9171875 0.6796875 0.059375 0.090625
0 0.9328125 0.646875 0.0171875 0.0171875
2 0.3015625 0.490625 0.05625 0.084375
0 0.2921875 0.4578125 0.0140625 0.0171875
2 0.2890625 0.51875 0.0484375 0.0953125
0 0.278125 0.4796875 0.015625 0.015625
2 0.271875 0.5671875 0.0421875 0.0859375
0 0.2671875 0.534375 0.0171875 0.015625
2 0.2546875 0.521875 0.04375 0.046875
0 0.240625 0.5078125 0.0125 0.0109375
2 0.2375 0.5421875 0.046875 0.065625
0 0.221875 0.51875 0.0109375 0.0125
2 0.340625 0.3875 0.0546875 0.09375
0 0.321875 0.3484375 0.0125 0.0140625
2 0.190625 0.4765625 0.0625 0.096875
0 0.171875 0.4375 0.01875 0.0171875
2 0.175 0.4515625 0.0484375 0.109375
0 0.1734375 0.403125 0.015625 0.0125
2 0.19375 0.4578125 0.0484375 0.090625
0 0.1875 0.4234375 0.0125 0.015625
2 0.059375 0.503125 0.0453125 0.128125
0 0.0484375 0.45 0.015625 0.0203125
2 0.0546875 0.4140625 0.065625 0.0859375
0 0.0421875 0.378125 0.0140625 0.0140625
0 0.48125 0.7078125 0.015625 0.01875