2 0.7234375 0.7203125 0.1453125 0.3265625
0 0.7578125 0.584375 0.0359375 0.046875
2 0.684375 0.7078125 0.0765625 0.2109375
0 0.6953125 0.61875 0.021875 0.028125
2 0.684375 0.69375 0.0796875 0.2
0 0.690625 0.609375 0.021875 0.0265625
2 0.6625 0.65 0.05 0.109375
0 0.6640625 0.6046875 0.0125 0.0125
2 0.6140625 0.7734375 0.1375 0.3125
0 0.5984375 0.640625 0.0359375 0.0421875
2 0.603125 0.696875 0.0828125 0.209375
0 0.6046875 0.6109375 0.0234375 0.03125
2 0.5265625 0.7328125 0.103125 0.2671875
0 0.5375 0.6265625 0.034375 0.0359375
2 0.4984375 0.6609375 0.0546875 0.1328125
0 0.5015625 0.60625 0.015625 0.01875
2 0.440625 0.7015625 0.078125 0.2109375
0 0.4421875 0.6125 0.0234375 0.028125
2 0.4453125 0.6640625 0.046875 0.134375
0 0.4484375 0.6109375 0.015625 0.0234375
2 0.40625 0.6984375 0.0625 0.178125
0 0.409375 0.625 0.0234375 0.0234375
2 0.3734375 0.70625 0.0953125 0.2125
0 0.3890625 0.6171875 0.025 0.0296875
2 0.34375 0.64375 0.034375 0.0828125
0 0.3421875 0.6109375 0.0109375 0.0140625
2 0.3140625 0.659375 0.046875 0.115625
0 0.3125 0.609375 0.0171875 0.0140625
2 0.2609375 0.6640625 0.0515625 0.13125
0 0.25625 0.6140625 0.0171875 0.01875
2 0.265625 0.6546875 0.05625 0.1234375
0 0.2609375 0.6046875 0.0171875 0.01875