2 0.24375 0.4640625 0.234375 0.5921875
0 0.2375 0.215625 0.0796875 0.090625
2 0.425 0.546875 0.25 0.6640625
0 0.4203125 0.28125 0.090625 0.115625
2 0.578125 0.45625 0.2140625 0.6625
0 0.5765625 0.1765625 0.0796875 0.0890625
2 0.4375 0.2 0.0296875 0.053125
0 0.4375 0.1828125 0.0078125 0.0078125
2 0.31875 0.2734375 0.034375 0.096875
0 0.3203125 0.2375 0.0125 0.015625
2 0.3484375 0.275 0.03125 0.0890625
0 0.346875 0.2421875 0.0125 0.015625
2 0.378125 0.278125 0.0328125 0.0921875
0 0.378125 0.2421875 0.0125 0.0125
2 0.4703125 0.2875 0.0359375 0.0984375
0 0.4703125 0.25 0.0140625 0.015625
2 0.4953125 0.2734375 0.028125 0.0859375
0 0.4953125 0.24375 0.009375 0.0125
2 0.675 0.2859375 0.028125 0.0828125
0 0.675 0.253125 0.0140625 0.0125
2 0.7234375 0.2078125 0.0390625 0.04375
0 0.715625 0.19375 0.009375 0.009375
2 0.7078125 0.28125 0.0359375 0.1046875
0 0.7140625 0.2390625 0.0140625 0.0140625
2 0.7265625 0.2828125 0.0375 0.0953125
0 0.7296875 0.2421875 0.0140625 0.0140625
2 0.75 0.28125 0.0390625 0.096875
0 0.7515625 0.2453125 0.0140625 0.0171875
0 0.8203125 0.2515625 0.046875 0.059375