2 0.196875 0.740625 0.0140625 0.078125
0 0.19375 0.709375 0.0078125 0.009375
2 0.2671875 0.740625 0.0203125 0.06875
0 0.271875 0.7140625 0.009375 0.009375
2 0.284375 0.7421875 0.025 0.065625
0 0.284375 0.715625 0.009375 0.009375
2 0.3046875 0.7390625 0.0296875 0.0703125
0 0.309375 0.7109375 0.009375 0.009375
2 0.3359375 0.7390625 0.0234375 0.0640625
0 0.3359375 0.7140625 0.0078125 0.009375
2 0.3453125 0.75 0.0328125 0.0984375
0 0.3484375 0.709375 0.0109375 0.0140625
2 0.365625 0.75 0.0421875 0.1046875
0 0.3625 0.7046875 0.0109375 0.0125
2 0.3796875 0.7484375 0.03125 0.096875
0 0.384375 0.7078125 0.0109375 0.0125
2 0.4125 0.759375 0.034375 0.1140625
0 0.4078125 0.7125 0.0140625 0.0171875
2 0.4046875 0.784375 0.05 0.1515625
0 0.4 0.7234375 0.01875 0.01875
2 0.425 0.753125 0.0328125 0.1015625
0 0.421875 0.709375 0.0125 0.0125
2 0.4296875 0.7359375 0.0234375 0.0734375
0 0.4296875 0.7046875 0.009375 0.009375
2 0.4421875 0.76875 0.04375 0.121875
0 0.446875 0.71875 0.015625 0.015625
2 0.45625 0.73125 0.021875 0.0703125
0 0.4546875 0.7015625 0.009375 0.009375
2 0.465625 0.73125 0.01875 0.0625
0 0.465625 0.70625 0.009375 0.009375
2 0.4765625 0.771875 0.0453125 0.1359375
0 0.4734375 0.7140625 0.015625 0.01875
2 0.50625 0.7828125 0.0578125 0.1703125
0 0.496875 0.709375 0.01875 0.0203125
2 0.525 0.765625 0.0234375 0.0796875
0 0.525 0.7328125 0.0109375 0.0125
2 0.5484375 0.753125 0.0296875 0.1
0 0.5453125 0.7109375 0.0140625 0.015625
2 0.565625 0.7765625 0.059375 0.1609375
0 0.5703125 0.7078125 0.0171875 0.0203125
2 0.5875 0.8015625 0.0796875 0.2265625
0 0.5953125 0.7078125 0.0265625 0.0296875
2 0.659375 0.8109375 0.06875 0.20625
0 0.6640625 0.7265625 0.0265625 0.0265625
2 0.69375 0.8140625 0.0875 0.2671875
0 0.68125 0.7015625 0.0265625 0.0375
2 0.703125 0.753125 0.05 0.1328125
0 0.7 0.6984375 0.0140625 0.0171875
0 0.775 0.7375 0.0265625 0.0359375