0 0.8328125 0.4890625 0.1078125 0.0796875
0 0.696875 0.5234375 0.05 0.0546875
2 0.6546875 0.6171875 0.075 0.1625
0 0.65625 0.546875 0.0171875 0.0203125
0 0.60625 0.534375 0.0421875 0.059375
2 0.5375 0.5890625 0.0453125 0.1046875
0 0.5390625 0.54375 0.0109375 0.0125
2 0.5109375 0.6140625 0.0578125 0.15
0 0.50625 0.5484375 0.01875 0.0203125
2 0.48125 0.64375 0.103125 0.26875
0 0.475 0.5265625 0.028125 0.03125
0 0.4109375 0.528125 0.05625 0.0546875
0 0.3046875 0.4671875 0.0875 0.0984375
0 0.1390625 0.5109375 0.05 0.0515625