2 0.1125 0.5890625 0.11875 0.2203125
0 0.0859375 0.5 0.0296875 0.0328125
2 0.209375 0.596875 0.1109375 0.321875
0 0.2171875 0.4609375 0.0375 0.0421875
2 0.290625 0.60625 0.096875 0.2890625
0 0.2953125 0.484375 0.03125 0.0421875
2 0.3515625 0.6703125 0.05625 0.178125
0 0.3546875 0.5984375 0.021875 0.0265625
2 0.371875 0.5796875 0.08125 0.2640625
0 0.3765625 0.46875 0.0265625 0.034375
2 0.4 0.6046875 0.0921875 0.271875
0 0.4015625 0.490625 0.0296875 0.0328125
2 0.4515625 0.5875 0.0734375 0.246875
0 0.45 0.484375 0.025 0.034375
2 0.4859375 0.6140625 0.103125 0.2625
0 0.4828125 0.503125 0.028125 0.0328125
2 0.5109375 0.5953125 0.071875 0.2703125
0 0.5078125 0.48125 0.0328125 0.040625
2 0.5328125 0.5875 0.053125 0.253125
0 0.5359375 0.4859375 0.0328125 0.040625
2 0.5609375 0.6078125 0.1171875 0.2921875
0 0.5640625 0.484375 0.028125 0.0375
2 0.646875 0.7125 0.0609375 0.1140625
0 0.64375 0.665625 0.0171875 0.021875
2 0.6828125 0.5921875 0.1015625 0.2609375
0 0.69375 0.4859375 0.0328125 0.0390625
2 0.71875 0.6171875 0.08125 0.19375
0 0.7125 0.5390625 0.025 0.021875
2 0.80625 0.5953125 0.125 0.36875
0 0.8015625 0.440625 0.04375 0.0546875