0 0.65625 0.496875 0.0390625 0.0421875
0 0.4953125 0.4703125 0.0328125 0.0421875
0 0.3484375 0.51875 0.0484375 0.046875
0 0.3703125 0.521875 0.0375 0.0375
2 0.4234375 0.578125 0.0859375 0.2546875
0 0.4203125 0.4765625 0.021875 0.0265625
2 0.4203125 0.55 0.08125 0.2625
0 0.421875 0.4421875 0.025 0.0359375
2 0.440625 0.5328125 0.0609375 0.2046875
0 0.440625 0.4578125 0.0234375 0.0296875
2 0.503125 0.534375 0.078125 0.240625
0 0.5015625 0.440625 0.021875 0.0203125
2 0.615625 0.5453125 0.0765625 0.2015625
0 0.6171875 0.4609375 0.0203125 0.028125
2 0.6203125 0.5375 0.065625 0.1890625
0 0.61875 0.4578125 0.0203125 0.0234375
0 0.625 0.5015625 0.0375 0.046875
0 0.6453125 0.4921875 0.03125 0.034375