2 0.3203125 0.6140625 0.171875 0.5765625
0 0.3375 0.365625 0.059375 0.0734375
2 0.378125 0.5828125 0.1515625 0.5078125
0 0.36875 0.365625 0.0484375 0.0640625
2 0.425 0.56875 0.1171875 0.48125
0 0.409375 0.3703125 0.053125 0.071875
2 0.44375 0.5484375 0.1078125 0.4515625
0 0.4515625 0.3609375 0.0390625 0.0609375
2 0.528125 0.4984375 0.15 0.4234375
0 0.5015625 0.3140625 0.0375 0.0515625
2 0.5171875 0.45 0.103125 0.378125
0 0.51875 0.2890625 0.0359375 0.046875
2 0.5671875 0.4234375 0.09375 0.3703125
0 0.565625 0.2734375 0.03125 0.046875
2 0.5890625 0.375 0.0828125 0.29375
0 0.5875 0.253125 0.0296875 0.040625
2 0.6140625 0.35 0.0859375 0.2734375
0 0.603125 0.2375 0.0296875 0.0390625
2 0.63125 0.3421875 0.0703125 0.2703125
0 0.6296875 0.2328125 0.028125 0.0390625
2 0.653125 0.334375 0.05625 0.2578125
0 0.6484375 0.228125 0.0265625 0.034375
2 0.665625 0.3078125 0.0546875 0.2375
0 0.6609375 0.2109375 0.025 0.034375