2 0.5828125 0.5421875 0.2578125 0.5296875
0 0.5796875 0.340625 0.05625 0.0703125
2 0.3890625 0.5359375 0.08125 0.1734375
0 0.4 0.465625 0.0296875 0.028125
2 0.365625 0.509375 0.06875 0.1765625
0 0.3828125 0.4375 0.021875 0.0234375
2 0.3953125 0.515625 0.075 0.1796875
0 0.390625 0.4453125 0.0203125 0.028125
2 0.309375 0.5046875 0.025 0.0703125
0 0.3140625 0.478125 0.009375 0.0109375
2 0.2078125 0.5140625 0.03125 0.071875
0 0.2015625 0.4875 0.0125 0.0125
2 0.0515625 0.51875 0.0453125 0.1296875
0 0.05 0.46875 0.015625 0.0140625
2 0.1203125 0.5171875 0.046875 0.115625
0 0.115625 0.4703125 0.015625 0.0171875
2 0.1234375 0.515625 0.0375 0.1109375
0 0.125 0.4703125 0.0125 0.0171875
2 0.146875 0.515625 0.025 0.0640625
0 0.146875 0.4890625 0.009375 0.009375