2 0.271875 0.5671875 0.0984375 0.115625
0 0.2390625 0.5234375 0.0203125 0.0203125
2 0.2765625 0.56875 0.084375 0.109375
0 0.2578125 0.528125 0.015625 0.0203125
2 0.3171875 0.5578125 0.078125 0.090625
0 0.31875 0.521875 0.0125 0.0140625
2 0.3328125 0.5515625 0.0578125 0.078125
0 0.31875 0.521875 0.0140625 0.0140625
2 0.36875 0.5359375 0.025 0.046875
0 0.3671875 0.5171875 0.00625 0.0078125
2 0.396875 0.53125 0.025 0.06875
0 0.4 0.503125 0.0078125 0.0078125
2 0.421875 0.5375 0.040625 0.06875
0 0.421875 0.509375 0.0078125 0.0109375
2 0.421875 0.53125 0.0296875 0.06875
0 0.421875 0.5046875 0.0078125 0.009375
2 0.4375 0.5234375 0.0140625 0.034375
0 0.4390625 0.5125 0.0046875 0.00625
2 0.4625 0.503125 0.009375 0.0125
0 0.4625 0.5046875 0.003125 0.003125
2 0.4515625 0.5328125 0.025 0.0796875
0 0.453125 0.5015625 0.0078125 0.0125
2 0.4546875 0.53125 0.0296875 0.0640625
0 0.45625 0.5109375 0.0078125 0.0078125
2 0.475 0.5265625 0.021875 0.0515625
0 0.475 0.5078125 0.00625 0.0078125
2 0.4796875 0.534375 0.0265625 0.0640625
0 0.4796875 0.509375 0.0078125 0.0109375
2 0.4984375 0.5296875 0.0203125 0.0515625
0 0.5 0.5078125 0.00625 0.00625
2 0.5078125 0.528125 0.01875 0.05
0 0.509375 0.509375 0.00625 0.00625
2 0.521875 0.5265625 0.01875 0.0515625
0 0.5234375 0.50625 0.00625 0.00625
2 0.53125 0.5234375 0.0125 0.0359375
0 0.53125 0.5125 0.003125 0.0046875
2 0.5546875 0.5359375 0.0359375 0.0390625
0 0.5625 0.5234375 0.00625 0.00625
2 0.6171875 0.53125 0.028125 0.071875
0 0.61875 0.503125 0.0078125 0.009375
2 0.63125 0.55625 0.0796875 0.08125
0 0.6578125 0.525 0.015625 0.015625
2 0.65 0.5640625 0.0734375 0.0734375
0 0.65625 0.5359375 0.0140625 0.015625
2 0.678125 0.565625 0.0703125 0.0890625
0 0.671875 0.534375 0.0171875 0.0171875
2 0.7453125 0.5828125 0.078125 0.1203125
0 0.746875 0.5375 0.021875 0.0265625