0 0.2046875 0.7046875 0.0265625 0.034375
2 0.2640625 0.65 0.05 0.1234375
0 0.265625 0.6 0.0140625 0.0171875
2 0.3453125 0.6578125 0.040625 0.13125
0 0.340625 0.60625 0.01875 0.021875
2 0.35625 0.6609375 0.0453125 0.1296875
0 0.353125 0.6078125 0.01875 0.01875
2 0.475 0.5796875 0.0328125 0.0609375
0 0.475 0.55625 0.009375 0.009375
2 0.5046875 0.5828125 0.034375 0.0625
0 0.50625 0.559375 0.009375 0.009375
2 0.434375 0.7265625 0.0703125 0.1921875
0 0.4375 0.6484375 0.025 0.034375
2 0.5328125 0.7140625 0.06875 0.1875
0 0.5359375 0.640625 0.0203125 0.0296875
2 0.6734375 0.659375 0.0625 0.15625
0 0.678125 0.5984375 0.0203125 0.0203125
2 0.74375 0.65625 0.053125 0.1546875
0 0.75625 0.5953125 0.0234375 0.0203125
2 0.5203125 0.3234375 0.0375 0.09375
0 0.521875 0.2890625 0.0171875 0.015625
2 0.6046875 0.328125 0.0328125 0.084375
0 0.6 0.296875 0.0140625 0.0171875