2 0.009375 0.6078125 0.0171875 0.096875
0 0.003125 0.565625 0.0046875 0.009375
2 0.0203125 0.615625 0.040625 0.10625
0 0.0234375 0.571875 0.0171875 0.0171875
2 0.0375 0.6109375 0.040625 0.1171875
0 0.034375 0.5640625 0.0171875 0.0203125
2 0.05625 0.6 0.034375 0.1203125
0 0.0578125 0.55 0.0140625 0.0171875
2 0.0703125 0.60625 0.0515625 0.121875
0 0.075 0.5578125 0.015625 0.01875
2 0.1203125 0.6078125 0.053125 0.109375
0 0.1171875 0.5625 0.0140625 0.015625
0 0.1921875 0.384375 0.065625 0.0703125
2 0.440625 0.5984375 0.053125 0.140625
0 0.4390625 0.5421875 0.015625 0.0171875
2 0.4765625 0.5828125 0.0484375 0.14375
0 0.478125 0.525 0.01875 0.021875
2 0.5125 0.5953125 0.046875 0.1203125
0 0.5203125 0.546875 0.0140625 0.0171875
2 0.59375 0.590625 0.1359375 0.3515625
0 0.584375 0.4421875 0.040625 0.0546875
2 0.690625 0.603125 0.0609375 0.1578125
0 0.6890625 0.5390625 0.0203125 0.0234375
2 0.7390625 0.60625 0.0515625 0.1390625
0 0.7375 0.5484375 0.015625 0.0203125
2 0.7765625 0.5953125 0.0828125 0.221875
0 0.7734375 0.5015625 0.021875 0.03125
2 0.8546875 0.6234375 0.2234375 0.3453125
0 0.8375 0.48125 0.0484375 0.0484375
2 0.89375 0.6046875 0.0703125 0.2453125
0 0.890625 0.503125 0.0296875 0.0328125
2 0.9375 0.5734375 0.0421875 0.1109375
0 0.9328125 0.53125 0.015625 0.0171875