2 0.0359375 0.6234375 0.0703125 0.21875
0 0.015625 0.534375 0.0296875 0.03125
2 0.0296875 0.6 0.0578125 0.2359375
0 0.0125 0.503125 0.0234375 0.03125
2 0.0953125 0.63125 0.0546875 0.265625
0 0.096875 0.5203125 0.025 0.03125
2 0.09375 0.6375 0.0734375 0.271875
0 0.1015625 0.521875 0.03125 0.0390625
2 0.1515625 0.6109375 0.1203125 0.25625
0 0.15 0.5046875 0.0265625 0.0375
2 0.18125 0.6453125 0.0765625 0.2390625
0 0.2 0.5453125 0.0296875 0.0328125
2 0.2125 0.65 0.0765625 0.25625
0 0.2171875 0.540625 0.03125 0.034375
2 0.2765625 0.5546875 0.0953125 0.2140625
0 0.275 0.4671875 0.0265625 0.03125
2 0.290625 0.6453125 0.0765625 0.240625
0 0.3015625 0.5453125 0.0296875 0.034375
2 0.3109375 0.653125 0.0609375 0.2375
0 0.315625 0.5546875 0.0296875 0.034375
2 0.3375 0.625 0.05625 0.2265625
0 0.3390625 0.528125 0.0265625 0.0296875
2 0.3578125 0.6484375 0.0609375 0.23125
0 0.3609375 0.5515625 0.0296875 0.03125
2 0.3828125 0.6265625 0.0640625 0.2203125
0 0.384375 0.534375 0.0234375 0.03125
2 0.428125 0.653125 0.0890625 0.2484375
0 0.43125 0.5515625 0.0375 0.0359375
2 0.4296875 0.6453125 0.0640625 0.2296875
0 0.44375 0.5546875 0.0265625 0.0375
2 0.4953125 0.6390625 0.0921875 0.2671875
0 0.4984375 0.528125 0.028125 0.0375
2 0.5390625 0.634375 0.0671875 0.2109375
0 0.53125 0.546875 0.028125 0.0296875
2 0.5828125 0.6546875 0.08125 0.2578125
0 0.5828125 0.5484375 0.0296875 0.0359375
2 0.615625 0.628125 0.084375 0.2296875
0 0.60625 0.5328125 0.025 0.0296875
2 0.65625 0.6609375 0.0953125 0.2265625
0 0.653125 0.5671875 0.028125 0.034375
2 0.6921875 0.6609375 0.0953125 0.25
0 0.7078125 0.5578125 0.040625 0.0390625
2 0.7859375 0.6421875 0.0734375 0.2125
0 0.79375 0.5546875 0.03125 0.03125
2 0.8265625 0.65 0.0796875 0.2375
0 0.83125 0.5515625 0.0265625 0.03125
2 0.8984375 0.665625 0.0765625 0.2453125
0 0.9015625 0.565625 0.03125 0.0375