2 0.69375 0.6125 0.18125 0.396875
0 0.6859375 0.4546875 0.04375 0.0609375
2 0.753125 0.565625 0.1484375 0.38125
0 0.73125 0.4203125 0.0421875 0.0515625
2 0.4984375 0.5921875 0.15 0.3828125
0 0.471875 0.44375 0.040625 0.046875
2 0.5484375 0.540625 0.1546875 0.3734375
0 0.5296875 0.396875 0.0390625 0.0515625
2 0.3171875 0.5625 0.175 0.39375
0 0.290625 0.4125 0.04375 0.05
2 0.14375 0.5109375 0.165625 0.3234375
0 0.1125 0.378125 0.0453125 0.04375
0 0.953125 0.3390625 0.0453125 0.0484375
2 0.875 0.4234375 0.1265625 0.3328125
0 0.896875 0.2984375 0.0421875 0.05
2 0.7203125 0.4234375 0.128125 0.321875
0 0.7109375 0.2921875 0.040625 0.046875
2 0.7328125 0.378125 0.1375 0.3015625
0 0.7109375 0.2921875 0.040625 0.046875
2 0.5875 0.3453125 0.1125 0.2921875
0 0.5921875 0.2296875 0.0375 0.04375
2 0.553125 0.3984375 0.1171875 0.31875
0 0.55 0.2875 0.04375 0.0421875
2 0.4625 0.4953125 0.171875 0.315625
0 0.4421875 0.3875 0.04375 0.053125
2 0.2875 0.4625 0.140625 0.3
0 0.2640625 0.3609375 0.040625 0.0515625
2 0.3546875 0.53125 0.165625 0.284375
0 0.30625 0.41875 0.0328125 0.034375
2 0.3484375 0.3828125 0.1578125 0.253125
0 0.3234375 0.290625 0.0390625 0.0453125
2 0.109375 0.434375 0.1515625 0.2859375
0 0.0765625 0.334375 0.040625 0.0515625
2 0.1609375 0.378125 0.1453125 0.2765625
0 0.1328125 0.2703125 0.04375 0.05
2 0.1671875 0.3234375 0.1390625 0.2890625
0 0.1390625 0.2234375 0.0375 0.0390625
2 0.2234375 0.3 0.13125 0.23125
0 0.209375 0.2140625 0.040625 0.0421875
2 0.3515625 0.334375 0.1375 0.2375
0 0.3375 0.2578125 0.04375 0.046875
2 0.434375 0.30625 0.109375 0.2609375
0 0.415625 0.234375 0.040625 0.040625