2 0.05 0.721875 0.08125 0.184375
0 0.053125 0.6453125 0.0265625 0.028125
2 0.0515625 0.7 0.05 0.171875
0 0.05625 0.6296875 0.0234375 0.0234375
2 0.0828125 0.7125 0.05 0.1671875
0 0.084375 0.64375 0.021875 0.0234375
2 0.1015625 0.7203125 0.075 0.1765625
0 0.1 0.646875 0.0234375 0.0265625
2 0.1359375 0.7078125 0.04375 0.1515625
0 0.1390625 0.6453125 0.0203125 0.0203125
2 0.128125 0.6875 0.0375 0.1609375
0 0.13125 0.6328125 0.015625 0.0203125
2 0.1578125 0.6703125 0.028125 0.0828125
0 0.1640625 0.6359375 0.0109375 0.0109375
2 0.1703125 0.7125 0.059375 0.1859375
0 0.178125 0.6328125 0.021875 0.0234375
2 0.1921875 0.7171875 0.0953125 0.2171875
0 0.1984375 0.625 0.025 0.0265625
2 0.2265625 0.703125 0.0453125 0.1671875
0 0.23125 0.634375 0.0234375 0.0234375
2 0.215625 0.71875 0.0421875 0.1703125
0 0.2140625 0.6453125 0.01875 0.0203125
2 0.2609375 0.7125 0.0484375 0.178125
0 0.2625 0.640625 0.0234375 0.025
0 0.275 0.6296875 0.034375 0.0375
2 0.3 0.7125 0.0515625 0.1828125
0 0.3015625 0.6359375 0.0234375 0.0265625
2 0.3328125 0.7140625 0.084375 0.2140625
0 0.3453125 0.621875 0.0234375 0.025
2 0.3453125 0.7 0.0703125 0.2109375
0 0.3421875 0.6140625 0.0234375 0.028125
2 0.40625 0.69375 0.0515625 0.1796875
0 0.403125 0.615625 0.01875 0.0203125
2 0.3578125 0.73125 0.040625 0.15
0 0.3625 0.6703125 0.015625 0.015625
2 0.4171875 0.721875 0.0609375 0.2234375
0 0.4171875 0.63125 0.0234375 0.0265625
0 0.4640625 0.6171875 0.0296875 0.034375
0 0.509375 0.640625 0.028125 0.0296875
2 0.5078125 0.71875 0.065625 0.20625
0 0.509375 0.640625 0.0265625 0.028125
0 0.553125 0.621875 0.03125 0.040625
2 0.5796875 0.69375 0.046875 0.16875
0 0.578125 0.625 0.0234375 0.0265625
2 0.6 0.7078125 0.0625 0.21875
0 0.5984375 0.6171875 0.0234375 0.0296875
0 0.6203125 0.621875 0.03125 0.034375
0 0.625 0.64375 0.034375 0.040625
0 0.659375 0.63125 0.03125 0.0359375
0 0.696875 0.6140625 0.0296875 0.040625
0 0.78125 0.6203125 0.0328125 0.04375
0 0.8140625 0.6125 0.0296875 0.0328125
2 0.871875 0.6921875 0.0625 0.2140625
0 0.86875 0.6078125 0.03125 0.0375
0 0.909375 0.6140625 0.0359375 0.0421875
0 0.9421875 0.615625 0.034375 0.0390625
0 0.9671875 0.6140625 0.0359375 0.040625