0 0.109375 0.4625 0.0875 0.1125
0 0.275 0.384375 0.071875 0.0984375
2 0.4 0.56875 0.15625 0.4453125
0 0.4 0.39375 0.0625 0.09375
2 0.4125 0.434375 0.3140625 0.390625
0 0.440625 0.29375 0.0609375 0.078125
2 0.5109375 0.5484375 0.3296875 0.4703125
0 0.509375 0.371875 0.06875 0.090625
2 0.6203125 0.5875 0.1671875 0.38125
0 0.6328125 0.45625 0.071875 0.0984375
0 0.771875 0.45625 0.071875 0.0953125
2 0.8484375 0.375 0.1515625 0.3453125
0 0.8640625 0.225 0.059375 0.0421875
2 0.8671875 0.3390625 0.203125 0.271875
0 0.9359375 0.215625 0.0484375 0.0265625
2 0.728125 0.296875 0.1109375 0.1859375
0 0.7140625 0.2109375 0.028125 0.015625
2 0.7578125 0.2703125 0.096875 0.134375
0 0.7421875 0.2109375 0.0265625 0.0171875