2 0.096875 0.5625 0.0625 0.2328125
0 0.096875 0.4625 0.025 0.028125
0 0.215625 0.4 0.0625 0.0703125
2 0.3328125 0.56875 0.11875 0.3296875
0 0.3109375 0.421875 0.0328125 0.034375
2 0.39375 0.5734375 0.134375 0.359375
0 0.4125 0.4171875 0.0375 0.0421875
2 0.5296875 0.546875 0.084375 0.2296875
0 0.5265625 0.4484375 0.0265625 0.028125
0 0.603125 0.453125 0.0546875 0.0640625
2 0.659375 0.5375 0.0609375 0.2109375
0 0.659375 0.45 0.0234375 0.0234375
2 0.6953125 0.509375 0.046875 0.109375
0 0.696875 0.4703125 0.015625 0.015625
0 0.9546875 0.4359375 0.0546875 0.0625