2 0.1828125 0.5421875 0.0328125 0.0375
0 0.190625 0.5296875 0.00625 0.00625
2 0.15 0.5359375 0.0125 0.0296875
0 0.15 0.5234375 0.003125 0.00625
2 0.01875 0.60859375 0.0375 0.1828125
0 0.0078125 0.5421875 0.0140625 0.028125
2 0.0390625 0.6015625 0.071875 0.1609375
0 0.0578125 0.5390625 0.021875 0.0203125
2 0.16875 0.5359375 0.0078125 0.0234375
0 0.16875 0.5265625 0.003125 0.003125
2 0.25625 0.5390625 0.009375 0.0234375
0 0.2578125 0.5296875 0.003125 0.003125
2 0.3171875 0.6546875 0.103125 0.3046875
0 0.3265625 0.525 0.0328125 0.0375
2 0.3984375 0.6375 0.1140625 0.35
0 0.3921875 0.4921875 0.0421875 0.05
2 0.5 0.5609375 0.028125 0.0515625
0 0.5015625 0.5390625 0.00625 0.009375
2 0.5078125 0.55625 0.0125 0.0390625
0 0.5078125 0.540625 0.0046875 0.0046875
2 0.521875 0.571875 0.0390625 0.0875
0 0.528125 0.534375 0.0109375 0.0109375
2 0.53125 0.5625 0.0171875 0.05
0 0.5328125 0.5421875 0.00625 0.0078125
2 0.5484375 0.5640625 0.0234375 0.0578125
0 0.546875 0.540625 0.00625 0.00625
2 0.5515625 0.559375 0.015625 0.04375
0 0.5515625 0.5421875 0.00625 0.00625
2 0.5609375 0.559375 0.0109375 0.0390625
0 0.5625 0.54375 0.00625 0.00625
2 0.565625 0.5515625 0.009375 0.0265625
0 0.5671875 0.540625 0.003125 0.0046875
2 0.5890625 0.553125 0.0078125 0.021875
0 0.5890625 0.5453125 0.003125 0.0046875
2 0.584375 0.5515625 0.0078125 0.021875
0 0.584375 0.54375 0.003125 0.0046875
2 0.596875 0.55625 0.0140625 0.0390625
0 0.596875 0.540625 0.0046875 0.00625
2 0.6296875 0.5859375 0.0265625 0.059375
0 0.6296875 0.5625 0.009375 0.0109375
2 0.575 0.590625 0.05 0.1265625
0 0.575 0.5375 0.0171875 0.0171875
0 0.8578125 0.578125 0.1203125 0.1359375
2 0.009375 0.2734375 0.0171875 0.1625
0 0.0078125 0.20625 0.0125 0.021875