2 0.765625 0.628125 0.0875 0.2015625
0 0.759375 0.54375 0.0265625 0.0296875
2 0.6484375 0.640625 0.0828125 0.246875
0 0.65 0.5375 0.03125 0.0328125
2 0.596875 0.5734375 0.075 0.0953125
0 0.584375 0.5359375 0.0171875 0.01875
2 0.521875 0.5796875 0.05 0.1234375
0 0.53125 0.5296875 0.0171875 0.01875
2 0.490625 0.6015625 0.05 0.14375
0 0.484375 0.5421875 0.0171875 0.0171875
2 0.471875 0.571875 0.0390625 0.1109375
0 0.4640625 0.5265625 0.015625 0.0171875
2 0.4375 0.5765625 0.0484375 0.096875
0 0.4328125 0.5359375 0.0125 0.0140625
2 0.4046875 0.5828125 0.03125 0.096875
0 0.4015625 0.5421875 0.0109375 0.0140625
2 0.3921875 0.5796875 0.0390625 0.1078125
0 0.3875 0.534375 0.0125 0.0140625
2 0.4234375 0.603125 0.059375 0.14375
0 0.4203125 0.5453125 0.0171875 0.0203125
2 0.3515625 0.5484375 0.0140625 0.05
0 0.3515625 0.528125 0.0046875 0.00625
2 0.3328125 0.546875 0.0203125 0.0515625
0 0.3375 0.5265625 0.00625 0.0078125
2 0.3171875 0.546875 0.015625 0.0546875
0 0.3171875 0.5265625 0.0078125 0.009375
2 0.290625 0.5734375 0.03125 0.0828125
0 0.2890625 0.5375 0.009375 0.009375
2 0.2796875 0.603125 0.05625 0.1375
0 0.278125 0.546875 0.01875 0.0203125
2 0.25625 0.5640625 0.021875 0.065625
0 0.2546875 0.5375 0.0078125 0.009375
2 0.24375 0.5671875 0.0234375 0.0796875
0 0.24375 0.534375 0.0109375 0.009375
2 0.2109375 0.56875 0.03125 0.078125
0 0.2125 0.5375 0.0109375 0.0109375
2 0.196875 0.5890625 0.0359375 0.1015625
0 0.1953125 0.5484375 0.0109375 0.0109375
2 0.184375 0.6046875 0.0421875 0.1421875
0 0.19375 0.5453125 0.0171875 0.0203125
2 0.1515625 0.553125 0.0203125 0.0484375
0 0.1515625 0.534375 0.00625 0.0078125