2 0.76875 0.5671875 0.096875 0.240625
0 0.765625 0.4671875 0.03125 0.0375
2 0.821875 0.5671875 0.1046875 0.2109375
0 0.8125 0.4796875 0.03125 0.0328125
2 0.73125 0.5671875 0.090625 0.1984375
0 0.7265625 0.4859375 0.0265625 0.028125
2 0.63125 0.5703125 0.078125 0.2046875
0 0.6265625 0.484375 0.021875 0.025
2 0.6421875 0.5578125 0.09375 0.2125
0 0.6375 0.465625 0.0234375 0.0234375
2 0.6265625 0.5546875 0.0609375 0.1890625
0 0.63125 0.475 0.0234375 0.0234375
2 0.553125 0.5703125 0.071875 0.2203125
0 0.559375 0.4796875 0.0296875 0.034375
2 0.5890625 0.553125 0.0484375 0.1453125
0 0.5828125 0.49375 0.01875 0.0203125
2 0.5390625 0.5515625 0.0578125 0.1828125
0 0.528125 0.4765625 0.0234375 0.0265625
2 0.4421875 0.5734375 0.115625 0.2140625
0 0.4390625 0.4859375 0.0265625 0.034375
2 0.4875 0.5671875 0.0734375 0.1875
0 0.48125 0.490625 0.0265625 0.03125
2 0.503125 0.5515625 0.0484375 0.1546875
0 0.5 0.4859375 0.0203125 0.0234375
2 0.4734375 0.546875 0.05625 0.1625
0 0.475 0.478125 0.0203125 0.0265625
2 0.3734375 0.5625 0.0734375 0.1859375
0 0.38125 0.4828125 0.0203125 0.025
2 0.4046875 0.55625 0.0515625 0.1703125
0 0.4078125 0.4859375 0.0234375 0.0203125
2 0.4171875 0.5484375 0.0484375 0.1484375
0 0.4140625 0.4828125 0.0203125 0.0234375
2 0.34375 0.546875 0.053125 0.16875
0 0.35 0.475 0.01875 0.0203125
2 0.3 0.5515625 0.0578125 0.153125
0 0.3140625 0.4875 0.01875 0.021875
2 0.0453125 0.5515625 0.059375 0.11875
0 0.025 0.5015625 0.0171875 0.0171875
2 0.0578125 0.5421875 0.0546875 0.1234375
0 0.05 0.4921875 0.015625 0.0203125
2 0.01875 0.54375 0.0359375 0.1171875
0 0.0171875 0.4953125 0.015625 0.01875
2 0.0140625 0.6203125 0.028125 0.09375
0 0.0046875 0.584375 0.009375 0.0171875