2 0.10625 0.6078125 0.1859375 0.5
0 0.125 0.3921875 0.0578125 0.0609375
2 0.228125 0.6046875 0.1078125 0.4984375
0 0.2453125 0.3953125 0.0546875 0.0703125
2 0.3359375 0.5890625 0.1390625 0.51875
0 0.340625 0.3703125 0.0484375 0.0703125
2 0.4453125 0.5359375 0.1796875 0.6125
0 0.403125 0.3640625 0.053125 0.0703125
2 0.5109375 0.5875 0.13125 0.509375
0 0.5046875 0.3703125 0.0515625 0.06875
2 0.603125 0.5921875 0.1453125 0.484375
0 0.6328125 0.3890625 0.05 0.06875
2 0.715625 0.5421875 0.1390625 0.5890625
0 0.728125 0.378125 0.059375 0.06875
2 0.7890625 0.5765625 0.1984375 0.5109375
0 0.81875 0.3875 0.0625 0.0703125
2 0.8890625 0.584375 0.1390625 0.4890625
0 0.9109375 0.3828125 0.05625 0.0703125