0 0.725 0.39375 0.0890625 0.0953125
0 0.9078125 0.4 0.0578125 0.0625
2 0.85625 0.5859375 0.1625 0.3703125
0 0.84375 0.428125 0.05 0.0453125
2 0.6390625 0.5484375 0.1328125 0.3265625
0 0.63125 0.409375 0.0359375 0.046875
2 0.478125 0.5484375 0.09375 0.33125
0 0.4796875 0.40625 0.0375 0.0453125
2 0.39375 0.5734375 0.1046875 0.3734375
0 0.384375 0.415625 0.04375 0.0546875
2 0.3671875 0.540625 0.109375 0.2890625
0 0.3625 0.421875 0.034375 0.0421875
2 0.24375 0.584375 0.1453125 0.396875
0 0.2421875 0.41875 0.0515625 0.0578125
2 0.1765625 0.60625 0.2234375 0.4640625
0 0.1359375 0.409375 0.078125 0.0625
2 0.0640625 0.56875 0.125 0.2953125
0 0.040625 0.4484375 0.0390625 0.04375
0 0.3015625 0.3828125 0.10625 0.1078125
2 0.1546875 0.5578125 0.0734375 0.2859375
0 0.1578125 0.440625 0.028125 0.034375