2 0.23125 0.3671875 0.059375 0.1421875
0 0.234375 0.315625 0.021875 0.028125
2 0.109375 0.4453125 0.0921875 0.3203125
0 0.1125 0.3140625 0.0375 0.046875
2 0.1859375 0.4625 0.1328125 0.3765625
0 0.1796875 0.3078125 0.0421875 0.0515625
0 0.0203125 0.28359375 0.040625 0.0578125
2 0.2859375 0.453125 0.1328125 0.353125
0 0.2734375 0.3109375 0.04375 0.0453125
2 0.3515625 0.4828125 0.1234375 0.4046875
0 0.35625 0.31875 0.04375 0.0609375
0 0.159375 0.365625 0.0546875 0.08125
0 0.3125 0.390625 0.0578125 0.078125
2 0.4171875 0.453125 0.14375 0.4328125
0 0.415625 0.2671875 0.0453125 0.059375
0 0.4171875 0.3421875 0.0578125 0.0765625
0 0.515625 0.3171875 0.0640625 0.078125
0 0.634375 0.321875 0.059375 0.071875
2 0.690625 0.484375 0.153125 0.371875
0 0.6671875 0.3328125 0.046875 0.0546875
2 0.753125 0.503125 0.14375 0.390625
0 0.728125 0.3359375 0.04375 0.05
2 0.7453125 0.4484375 0.115625 0.3828125
0 0.740625 0.290625 0.040625 0.05
2 0.7828125 0.4546875 0.125 0.390625
0 0.7875 0.290625 0.053125 0.065625
2 0.9203125 0.446875 0.103125 0.365625
0 0.91875 0.3 0.0453125 0.0671875
0 0.8890625 0.3671875 0.0609375 0.084375