2 0.046875 0.5515625 0.090625 0.25
0 0.0421875 0.446875 0.0296875 0.0375
2 0.084375 0.5546875 0.08125 0.2453125
0 0.06875 0.45 0.028125 0.034375
2 0.153125 0.534375 0.059375 0.2171875
0 0.153125 0.4421875 0.025 0.03125
2 0.25625 0.54375 0.0484375 0.2125
0 0.2609375 0.4546875 0.0265625 0.0296875
2 0.4234375 0.5640625 0.0703125 0.28125
0 0.415625 0.446875 0.040625 0.0453125
2 0.396875 0.5828125 0.103125 0.2734375
0 0.409375 0.4671875 0.034375 0.0375
2 0.5234375 0.540625 0.05625 0.2140625
0 0.528125 0.45 0.0234375 0.028125
2 0.559375 0.5421875 0.0546875 0.209375
0 0.5546875 0.45 0.0203125 0.021875
2 0.56875 0.5921875 0.10625 0.325
0 0.5734375 0.4515625 0.0421875 0.0421875
2 0.6390625 0.55625 0.075 0.2703125
0 0.6515625 0.440625 0.0359375 0.0375
2 0.6859375 0.55625 0.1234375 0.28125
0 0.6921875 0.4359375 0.0390625 0.0359375
2 0.7578125 0.5515625 0.0890625 0.25
0 0.7484375 0.4546875 0.028125 0.034375
2 0.7703125 0.5515625 0.0953125 0.2578125
0 0.7765625 0.4453125 0.034375 0.040625
2 0.8328125 0.5375 0.1140625 0.2765625
0 0.8046875 0.421875 0.034375 0.03125
2 0.8109375 0.5703125 0.15 0.2953125
0 0.7984375 0.4453125 0.0390625 0.04375
2 0.9 0.53125 0.05 0.2140625
0 0.9046875 0.440625 0.028125 0.028125
2 0.9359375 0.5328125 0.06875 0.2171875
0 0.9375 0.4453125 0.028125 0.03125