2 0.4 0.5328125 0.128125 0.484375
0 0.4234375 0.334375 0.05 0.0578125
2 0.509375 0.5171875 0.175 0.459375
0 0.503125 0.3203125 0.05 0.0609375
2 0.5703125 0.4875 0.20625 0.2921875
0 0.4921875 0.365625 0.0328125 0.03125
2 0.69375 0.4515625 0.096875 0.1734375
0 0.6984375 0.3828125 0.0234375 0.0296875
2 0.7546875 0.44375 0.1078125 0.2140625
0 0.753125 0.35625 0.025 0.0375
2 0.83125 0.465625 0.115625 0.2875
0 0.828125 0.3484375 0.034375 0.0515625
2 0.271875 0.434375 0.0875 0.2078125
0 0.2796875 0.353125 0.025 0.03125
2 0.94375 0.425 0.065625 0.178125
0 0.9421875 0.3546875 0.0203125 0.025
0 0.9859375 0.35 0.0265625 0.0328125