2 0.9265625 0.559375 0.0515625 0.1359375
0 0.9296875 0.5 0.0140625 0.015625
2 0.928125 0.5515625 0.05625 0.125
0 0.91875 0.5015625 0.015625 0.0203125
2 0.8640625 0.5421875 0.0453125 0.1203125
0 0.8640625 0.49375 0.0140625 0.01875
2 0.809375 0.5578125 0.0484375 0.159375
0 0.81875 0.49375 0.021875 0.0265625
2 0.7984375 0.56875 0.065625 0.1953125
0 0.8 0.4859375 0.0265625 0.0265625
2 0.771875 0.5390625 0.0296875 0.1
0 0.771875 0.496875 0.0125 0.0125
2 0.78125 0.534375 0.0265625 0.1
0 0.778125 0.49375 0.0125 0.015625
2 0.7546875 0.53125 0.0296875 0.0828125
0 0.7515625 0.496875 0.009375 0.0125
2 0.7375 0.571875 0.0578125 0.1859375
0 0.7296875 0.4921875 0.01875 0.0203125
2 0.6609375 0.578125 0.1 0.2546875
0 0.6578125 0.4671875 0.03125 0.0328125
2 0.60625 0.5328125 0.034375 0.1046875
0 0.6015625 0.4875 0.0109375 0.0125
2 0.590625 0.521875 0.028125 0.078125
0 0.59375 0.490625 0.009375 0.0109375
2 0.5703125 0.540625 0.0296875 0.0875
0 0.571875 0.50625 0.0109375 0.0140625
2 0.5546875 0.5296875 0.0265625 0.0703125
0 0.553125 0.5015625 0.0078125 0.0109375
2 0.534375 0.5390625 0.0375 0.13125
0 0.528125 0.484375 0.0171875 0.01875
2 0.5078125 0.5328125 0.0296875 0.08125
0 0.5078125 0.5015625 0.009375 0.0125
2 0.48125 0.534375 0.0625 0.1359375
0 0.4796875 0.478125 0.0171875 0.0203125
2 0.45625 0.51875 0.0140625 0.046875
0 0.4546875 0.5015625 0.00625 0.0078125
2 0.4125 0.6078125 0.1859375 0.3515625
0 0.4234375 0.459375 0.0453125 0.05
2 0.35 0.540625 0.034375 0.1125
0 0.35 0.49375 0.0125 0.0125
2 0.328125 0.54375 0.05 0.121875
0 0.3328125 0.49375 0.015625 0.0171875
2 0.3078125 0.5375 0.028125 0.0796875
0 0.3078125 0.5046875 0.0109375 0.0125
2 0.3015625 0.5265625 0.0234375 0.0546875
0 0.3015625 0.5046875 0.00625 0.0078125
2 0.2984375 0.51875 0.015625 0.053125
0 0.3015625 0.4984375 0.0078125 0.009375
2 0.2859375 0.521875 0.0203125 0.0640625
0 0.2859375 0.4953125 0.0078125 0.009375
2 0.2734375 0.521875 0.0234375 0.0578125
0 0.271875 0.4984375 0.00625 0.009375
2 0.25 0.54375 0.0359375 0.109375
0 0.2546875 0.4984375 0.015625 0.0140625
2 0.2375 0.53125 0.025 0.0875
0 0.2375 0.4953125 0.0109375 0.0125
2 0.225 0.55625 0.046875 0.1390625
0 0.2203125 0.4984375 0.015625 0.01875
2 0.2015625 0.5296875 0.028125 0.096875
0 0.203125 0.4875 0.0125 0.0125
2 0.1890625 0.5421875 0.0359375 0.1015625
0 0.1828125 0.5 0.0109375 0.0125
2 0.1515625 0.54375 0.0421875 0.1171875
0 0.15 0.4921875 0.0109375 0.0125
2 0.1375 0.5515625 0.0578125 0.184375
0 0.1390625 0.4765625 0.021875 0.028125
2 0.09375 0.621875 0.0953125 0.3
0 0.10625 0.496875 0.0375 0.046875
2 0.0765625 0.5328125 0.04375 0.1453125
0 0.078125 0.4734375 0.0203125 0.021875
2 0.040625 0.528125 0.0265625 0.075
0 0.040625 0.5 0.009375 0.0109375
2 0.0296875 0.525 0.0234375 0.078125
0 0.03125 0.49375 0.0109375 0.0109375
2 0.025 0.5171875 0.0265625 0.0765625
0 0.028125 0.4859375 0.009375 0.009375
2 0.0125 0.51875 0.025 0.071875
0 0.009375 0.4890625 0.009375 0.0109375
2 0.009375 0.528125 0.0171875 0.0875
0 0.003125 0.490625 0.0046875 0.009375
2 0.0578125 0.540625 0.0375 0.1109375
0 0.0625 0.49375 0.0125 0.0109375