2 0.04375 0.5265625 0.0875 0.4
0 0.01875 0.36875 0.0375 0.0640625
2 0.196875 0.521875 0.1375 0.39375
0 0.1890625 0.3609375 0.0484375 0.0640625
0 0.2375 0.51875 0.0765625 0.090625
0 0.5078125 0.4765625 0.0859375 0.078125
2 0.3328125 0.5515625 0.128125 0.4109375
0 0.334375 0.3765625 0.0546875 0.0578125
2 0.3375 0.4640625 0.103125 0.3234375
0 0.33125 0.3375 0.0375 0.0453125
2 0.4453125 0.49375 0.1078125 0.325
0 0.440625 0.3609375 0.040625 0.0484375
2 0.475 0.5046875 0.159375 0.3890625
0 0.475 0.3484375 0.0484375 0.0625
2 0.56875 0.4859375 0.1125 0.3703125
0 0.5578125 0.3375 0.040625 0.05625
2 0.6109375 0.5234375 0.1171875 0.3921875
0 0.61875 0.3625 0.0421875 0.0578125
2 0.7328125 0.5171875 0.125 0.409375
0 0.721875 0.353125 0.0484375 0.0625
2 0.828125 0.540625 0.171875 0.375
0 0.8109375 0.3828125 0.05 0.0578125
2 0.8921875 0.5125 0.1328125 0.3765625
0 0.8921875 0.359375 0.0453125 0.0578125
2 0.921875 0.453125 0.08125 0.1546875
0 0.9 0.365625 0.025 0.0296875