0 0.93125 0.290625 0.0625 0.0671875
2 0.5109375 0.55625 0.1796875 0.425
0 0.5078125 0.3796875 0.0421875 0.0578125
2 0.6078125 0.5328125 0.1390625 0.2765625
0 0.6078125 0.415625 0.03125 0.0375
2 0.4375 0.5328125 0.125 0.340625
0 0.4171875 0.3921875 0.0390625 0.0453125
2 0.4 0.540625 0.103125 0.2875
0 0.3984375 0.4234375 0.028125 0.0359375
2 0.4421875 0.525 0.09375 0.2875
0 0.4421875 0.4046875 0.0265625 0.0375
2 0.0296875 0.5640625 0.0578125 0.284375
0 0.0140625 0.44375 0.028125 0.0375
2 0.0421875 0.5640625 0.084375 0.25625
0 0.0265625 0.4578125 0.0203125 0.028125
2 0.1203125 0.546875 0.103125 0.2953125
0 0.1046875 0.425 0.0328125 0.0390625
2 0.146875 0.5625 0.065625 0.225
0 0.1453125 0.46875 0.021875 0.025
2 0.2 0.5546875 0.0953125 0.225
0 0.203125 0.4625 0.0328125 0.0359375
2 0.25 0.546875 0.0828125 0.2125
0 0.2484375 0.459375 0.025 0.0265625
2 0.28125 0.540625 0.10625 0.240625
0 0.26875 0.4453125 0.0234375 0.03125
2 0.321875 0.54375 0.0765625 0.1765625
0 0.3125 0.471875 0.0234375 0.0265625
2 0.340625 0.5484375 0.075 0.196875
0 0.3484375 0.4703125 0.0234375 0.0296875