2 0.0453125 0.4109375 0.0375 0.096875
0 0.0453125 0.371875 0.0125 0.0140625
2 0.078125 0.4140625 0.0375 0.09375
0 0.0765625 0.375 0.0125 0.0125
2 0.203125 0.59375 0.1703125 0.428125
0 0.19375 0.4203125 0.0671875 0.0765625
2 0.309375 0.628125 0.121875 0.325
0 0.3078125 0.496875 0.04375 0.053125
2 0.378125 0.6484375 0.090625 0.265625
0 0.375 0.54375 0.040625 0.0453125
2 0.4015625 0.540625 0.1515625 0.4
0 0.3984375 0.365625 0.0515625 0.0578125
2 0.4671875 0.41875 0.03125 0.0828125
0 0.46875 0.3859375 0.009375 0.0125
2 0.6359375 0.490625 0.090625 0.3453125
0 0.6421875 0.353125 0.0390625 0.04375
2 0.70625 0.49375 0.090625 0.2875
0 0.7125 0.3796875 0.0375 0.0375
2 0.75 0.4828125 0.078125 0.2515625
0 0.7609375 0.384375 0.0328125 0.0375
2 0.7765625 0.48125 0.065625 0.2265625
0 0.784375 0.390625 0.0296875 0.0359375
2 0.825 0.478125 0.0671875 0.20625
0 0.834375 0.396875 0.0296875 0.0328125
2 0.875 0.465625 0.084375 0.2203125
0 0.865625 0.38125 0.0296875 0.028125
2 0.8984375 0.4609375 0.0734375 0.19375
0 0.9015625 0.384375 0.0203125 0.028125