2 0.9 0.6640625 0.0578125 0.1171875
0 0.89375 0.6171875 0.015625 0.0203125
2 0.753125 0.6328125 0.0359375 0.0453125
0 0.7546875 0.61875 0.0078125 0.009375
2 0.7234375 0.6421875 0.0296875 0.0890625
0 0.721875 0.6046875 0.0109375 0.009375
2 0.715625 0.625 0.0234375 0.0296875
0 0.715625 0.625 0.0234375 0.0296875
2 0.6703125 0.603125 0.0078125 0.015625
0 0.66875 0.596875 0.0015625 0.0015625
2 0.65625 0.621875 0.0140625 0.0203125
0 0.65625 0.615625 0.0046875 0.00625
2 0.640625 0.603125 0.0109375 0.01875
0 0.640625 0.5953125 0.003125 0.003125
2 0.6375 0.6453125 0.0515625 0.0875
0 0.6390625 0.609375 0.009375 0.0109375
2 0.609375 0.6234375 0.025 0.0359375
0 0.6125 0.609375 0.00625 0.00625
2 0.5765625 0.6234375 0.0203125 0.05625
0 0.575 0.6015625 0.00625 0.009375
2 0.55625 0.6625 0.0453125 0.115625
0 0.559375 0.6125 0.0140625 0.015625
2 0.5515625 0.6359375 0.028125 0.0890625
0 0.55 0.6 0.009375 0.009375
2 0.5625 0.6171875 0.0171875 0.0453125
0 0.5609375 0.5984375 0.0046875 0.00625
2 0.5296875 0.6390625 0.0265625 0.084375
0 0.5265625 0.603125 0.009375 0.009375
2 0.5046875 0.6578125 0.0296875 0.1140625
0 0.5078125 0.609375 0.0109375 0.0140625
2 0.496875 0.6140625 0.0125 0.0296875
0 0.496875 0.603125 0.0046875 0.003125
2 0.4796875 0.6171875 0.0140625 0.0390625
0 0.4828125 0.603125 0.0046875 0.0046875
2 0.478125 0.6078125 0.009375 0.0234375
0 0.4796875 0.6 0.0046875 0.003125
2 0.4671875 0.6171875 0.0125 0.0390625
0 0.4703125 0.6015625 0.0046875 0.00625
2 0.4640625 0.615625 0.021875 0.040625
0 0.4625 0.6 0.0046875 0.0046875
2 0.4515625 0.6109375 0.0109375 0.03125
0 0.453125 0.5984375 0.0046875 0.0046875
2 0.421875 0.6109375 0.0125 0.028125
0 0.4234375 0.6 0.0046875 0.00625
2 0.4359375 0.671875 0.0484375 0.1484375
0 0.434375 0.609375 0.0140625 0.0203125
2 0.425 0.646875 0.0359375 0.084375
0 0.4265625 0.6109375 0.009375 0.0109375
2 0.39375 0.6640625 0.046875 0.134375
0 0.3984375 0.6078125 0.015625 0.0171875
2 0.3796875 0.6234375 0.0171875 0.0453125
0 0.38125 0.60625 0.00625 0.0046875
2 0.33125 0.6140625 0.0140625 0.040625
0 0.33125 0.5984375 0.0046875 0.0046875
2 0.28125 0.6171875 0.0171875 0.0375
0 0.2875 0.603125 0.00625 0.00625
2 0.23125 0.6140625 0.0203125 0.0453125
0 0.2328125 0.5984375 0.00625 0.0078125
2 0.175 0.615625 0.0203125 0.0453125
0 0.1765625 0.5984375 0.00625 0.00625
2 0.1265625 0.625 0.015625 0.034375
0 0.1265625 0.6140625 0.00625 0.00625
2 0.1109375 0.6265625 0.01875 0.0296875
0 0.1140625 0.615625 0.00625 0.00625