0 0.8921875 0.534375 0.040625 0.05625
0 0.81875 0.5609375 0.059375 0.0625
0 0.7703125 0.646875 0.05625 0.05625
0 0.61875 0.6 0.05 0.0515625
2 0.540625 0.6359375 0.059375 0.175
0 0.540625 0.5625 0.021875 0.021875
2 0.4625 0.5953125 0.0375 0.10625
0 0.4640625 0.553125 0.009375 0.0125
2 0.4578125 0.596875 0.0328125 0.0875
0 0.459375 0.5625 0.009375 0.009375
2 0.4265625 0.603125 0.034375 0.0921875
0 0.43125 0.565625 0.0125 0.015625
2 0.4078125 0.590625 0.03125 0.090625
0 0.4046875 0.553125 0.009375 0.009375
2 0.3890625 0.6078125 0.0375 0.096875
0 0.390625 0.56875 0.0125 0.0125
2 0.365625 0.60625 0.0375 0.1078125
0 0.3734375 0.565625 0.015625 0.0171875
0 0.3265625 0.6125 0.05 0.05625
2 0.3109375 0.63125 0.053125 0.165625
0 0.3171875 0.565625 0.025 0.025
2 0.2671875 0.6125 0.0515625 0.128125
0 0.2703125 0.5578125 0.01875 0.0171875
0 0.1046875 0.5359375 0.034375 0.0265625
0 0.025 0.53125 0.034375 0.034375
2 0.1890625 0.60625 0.059375 0.153125
0 0.190625 0.5453125 0.0171875 0.0171875
2 0.2203125 0.590625 0.0375 0.078125
0 0.228125 0.5625 0.0109375 0.0125
2 0.3625 0.59375 0.021875 0.08125
0 0.365625 0.559375 0.009375 0.009375
2 0.784375 0.56875 0.0203125 0.053125
0 0.784375 0.546875 0.00625 0.0078125
0 0.640625 0.596875 0.028125 0.0375
2 0.771875 0.565625 0.015625 0.0359375
0 0.7703125 0.553125 0.00625 0.00625