0 0.8359375 0.6625 0.115625 0.1171875
0 0.5640625 0.5828125 0.08125 0.0953125
0 0.2796875 0.5 0.0546875 0.0609375
0 0.1 0.6328125 0.11875 0.10625
0 0.0921875 0.5578125 0.059375 0.065625
2 0.0375 0.6296875 0.075 0.278125
0 0.0171875 0.5140625 0.0328125 0.040625
2 0.121875 0.6375 0.1234375 0.2484375
0 0.1234375 0.53125 0.034375 0.03125
2 0.171875 0.5953125 0.0578125 0.1625
0 0.171875 0.53125 0.0203125 0.028125
2 0.225 0.65 0.0828125 0.2765625
0 0.221875 0.5390625 0.034375 0.04375
2 0.20625 0.596875 0.065625 0.1828125
0 0.2109375 0.5203125 0.0203125 0.0234375
2 0.14375 0.5703125 0.0625 0.18125
0 0.14375 0.496875 0.0234375 0.028125
2 0.0375 0.603125 0.071875 0.1984375
0 0.034375 0.521875 0.0203125 0.028125
2 0.0734375 0.5859375 0.0609375 0.1875
0 0.0765625 0.5109375 0.0265625 0.025
2 0.1859375 0.5609375 0.053125 0.1546875
0 0.19375 0.4953125 0.0171875 0.0203125
2 0.2109375 0.553125 0.0390625 0.1359375
0 0.215625 0.49375 0.0140625 0.0140625
2 0.240625 0.56875 0.053125 0.1546875
0 0.240625 0.503125 0.0140625 0.0171875
2 0.2375 0.5453125 0.0390625 0.11875
0 0.2375 0.496875 0.0140625 0.015625
2 0.25 0.5359375 0.0390625 0.1140625
0 0.253125 0.4890625 0.0140625 0.0171875
2 0.325 0.640625 0.0953125 0.3234375
0 0.328125 0.509375 0.0359375 0.040625
2 0.3578125 0.5578125 0.0421875 0.1375
0 0.35625 0.5015625 0.0140625 0.0171875
2 0.378125 0.5640625 0.0546875 0.14375
0 0.3875 0.5046875 0.0203125 0.021875
2 0.409375 0.590625 0.065625 0.2046875
0 0.409375 0.5046875 0.0234375 0.0265625
2 0.4453125 0.5796875 0.053125 0.159375
0 0.4453125 0.5109375 0.015625 0.01875
2 0.446875 0.5640625 0.05625 0.153125
0 0.44375 0.5 0.01875 0.0203125
2 0.4625 0.5515625 0.0453125 0.1328125
0 0.46875 0.496875 0.015625 0.015625
2 0.38125 0.5515625 0.0453125 0.1453125
0 0.3859375 0.4875 0.015625 0.0140625
2 0.4890625 0.528125 0.034375 0.090625
0 0.490625 0.4921875 0.0109375 0.0125
2 0.525 0.6046875 0.0671875 0.203125
0 0.525 0.521875 0.0234375 0.0296875
2 0.5265625 0.578125 0.0734375 0.2
0 0.5296875 0.490625 0.021875 0.01875
0 0.6015625 0.5390625 0.046875 0.046875
2 0.6515625 0.590625 0.0875 0.2640625
0 0.653125 0.478125 0.0265625 0.03125
2 0.59375 0.59375 0.06875 0.1890625
0 0.590625 0.5125 0.0234375 0.0265625
2 0.59375 0.5703125 0.05625 0.18125
0 0.59375 0.4921875 0.0171875 0.0203125
2 0.7015625 0.5203125 0.03125 0.0796875
0 0.7015625 0.4875 0.009375 0.0125
2 0.734375 0.5796875 0.065625 0.184375
0 0.7359375 0.503125 0.0234375 0.0234375
2 0.79375 0.6625 0.146875 0.3765625
0 0.7875 0.503125 0.0390625 0.04375
2 0.8140625 0.6484375 0.1171875 0.35625
0 0.8203125 0.503125 0.0359375 0.04375
2 0.821875 0.6328125 0.096875 0.33125
0 0.8203125 0.5015625 0.0390625 0.04375
0 0.928125 0.5125 0.053125 0.0625
2 0.93046875 0.6734375 0.1390625 0.39375
0 0.921875 0.5046875 0.0421875 0.04375
2 0.896875 0.596875 0.0859375 0.2296875
0 0.8953125 0.5015625 0.025 0.0296875
0 0.9828125 0.5125 0.028125 0.028125
2 0.509375 0.5484375 0.0390625 0.109375
0 0.5078125 0.5046875 0.0171875 0.0171875