2 0.440625 0.7640625 0.0171875 0.0390625
0 0.4390625 0.75 0.00625 0.0078125
2 0.4359375 0.7828125 0.021875 0.0453125
0 0.4375 0.7671875 0.0078125 0.0078125
2 0.4546875 0.778125 0.0234375 0.0453125
0 0.4546875 0.7625 0.009375 0.0078125
2 0.528125 0.7859375 0.01875 0.05
0 0.528125 0.76875 0.0109375 0.009375
2 0.5546875 0.7765625 0.0171875 0.04375
0 0.5546875 0.7609375 0.00625 0.0078125
2 0.49375 0.8 0.021875 0.0671875
0 0.49375 0.7734375 0.0109375 0.0109375
2 0.48125 0.8015625 0.0203125 0.0640625
0 0.4796875 0.7765625 0.0109375 0.0125
2 0.5078125 0.790625 0.0203125 0.059375
0 0.5078125 0.76875 0.009375 0.0109375
2 0.5046875 0.7828125 0.0203125 0.0515625
0 0.5046875 0.7640625 0.0078125 0.0109375
2 0.528125 0.8078125 0.0234375 0.0640625
0 0.5296875 0.7859375 0.0109375 0.0125
2 0.5765625 0.8078125 0.0296875 0.0734375
0 0.578125 0.7796875 0.0109375 0.0125
2 0.6328125 0.8015625 0.0265625 0.0640625
0 0.6328125 0.778125 0.0078125 0.0109375
2 0.646875 0.8171875 0.0203125 0.0453125
0 0.64375 0.8015625 0.009375 0.0109375
2 0.5921875 0.8078125 0.0171875 0.0359375
0 0.5953125 0.796875 0.00625 0.0078125
2 0.6078125 0.8328125 0.021875 0.0640625
0 0.6046875 0.80625 0.0109375 0.0109375
2 0.7125 0.803125 0.0265625 0.078125
0 0.7140625 0.7703125 0.0109375 0.0125
2 0.7296875 0.778125 0.0265625 0.046875
0 0.73125 0.7625 0.009375 0.0109375
2 0.728125 0.8078125 0.0234375 0.078125
0 0.7265625 0.778125 0.0109375 0.0140625
2 0.7171875 0.8109375 0.0265625 0.0796875
0 0.7203125 0.7796875 0.0109375 0.0125
2 0.75 0.809375 0.0234375 0.071875
0 0.75 0.7796875 0.009375 0.0125
2 0.7421875 0.8046875 0.0203125 0.0828125
0 0.7453125 0.771875 0.0109375 0.0109375
2 0.7578125 0.8203125 0.01875 0.0546875
0 0.7609375 0.8015625 0.0078125 0.009375
2 0.778125 0.8125 0.021875 0.071875
0 0.7796875 0.7828125 0.0109375 0.0125
2 0.7921875 0.8125 0.0265625 0.0703125
0 0.7953125 0.7875 0.0109375 0.0140625
2 0.809375 0.81875 0.01875 0.0609375
0 0.8078125 0.796875 0.0078125 0.009375
2 0.8109375 0.8125 0.0234375 0.071875
0 0.8109375 0.784375 0.0078125 0.0109375
2 0.6921875 0.8171875 0.0296875 0.0546875
0 0.690625 0.8015625 0.009375 0.0109375
2 0.6875 0.8515625 0.0328125 0.084375
0 0.684375 0.81875 0.0125 0.0125
2 0.6640625 0.853125 0.021875 0.0609375
0 0.665625 0.828125 0.009375 0.0109375
2 0.690625 0.86875 0.0328125 0.090625
0 0.69375 0.8328125 0.0109375 0.0140625
2 0.7828125 0.8578125 0.0234375 0.0921875
0 0.7796875 0.821875 0.0125 0.0140625
2 0.8125 0.8546875 0.0265625 0.09375
0 0.8109375 0.81875 0.0109375 0.0140625
2 0.803125 0.9046875 0.0546875 0.1515625
0 0.8046875 0.8453125 0.01875 0.025
0 0.76875 0.9125 0.0484375 0.0609375
0 0.7421875 0.865625 0.0421875 0.0625
0 0.6671875 0.925 0.071875 0.0765625
0 0.5765625 0.9046875 0.0515625 0.0671875
0 0.5 0.9109375 0.05 0.0625
0 0.6171875 0.8453125 0.0265625 0.03125
2 0.6515625 0.8890625 0.0484375 0.1328125
0 0.65 0.828125 0.0203125 0.0234375
0 0.590625 0.825 0.0265625 0.0265625
0 0.515625 0.846875 0.0265625 0.0328125
2 0.559375 0.884375 0.04375 0.1296875
0 0.5625 0.834375 0.0171875 0.01875
2 0.5359375 0.8828125 0.0375 0.125
0 0.5390625 0.83125 0.0140625 0.021875
2 0.496875 0.8953125 0.046875 0.1578125
0 0.4953125 0.828125 0.0171875 0.01875
2 0.465625 0.9109375 0.0359375 0.0984375
0 0.46875 0.871875 0.0125 0.015625
2 0.4328125 0.9 0.0578125 0.165625
0 0.4375 0.8328125 0.0203125 0.0265625
0 0.41875 0.878125 0.0171875 0.0234375
2 0.534375 0.9140625 0.046875 0.15625
0 0.5296875 0.853125 0.0203125 0.025
0 0.515625 0.846875 0.0265625 0.03125
2 0.5109375 0.859375 0.0296875 0.096875
0 0.509375 0.821875 0.0140625 0.015625
2 0.503125 0.8484375 0.0390625 0.1015625
0 0.50625 0.80625 0.0140625 0.0125
2 0.4890625 0.8203125 0.0296875 0.0796875
0 0.490625 0.790625 0.0109375 0.0109375
2 0.4734375 0.840625 0.0265625 0.0890625
0 0.475 0.8046875 0.015625 0.015625
2 0.48125 0.865625 0.0390625 0.1046875
0 0.48125 0.825 0.0109375 0.0109375
2 0.440625 0.8609375 0.040625 0.1140625
0 0.4359375 0.8140625 0.0140625 0.015625
2 0.4359375 0.840625 0.0265625 0.071875
0 0.4359375 0.8125 0.0125 0.0140625
2 0.38125 0.90625 0.053125 0.1515625
0 0.3859375 0.84375 0.01875 0.0203125
2 0.403125 0.890625 0.0453125 0.1421875
0 0.4 0.83125 0.015625 0.0171875
2 0.4125 0.846875 0.0203125 0.0765625
0 0.4140625 0.8203125 0.0109375 0.0125
2 0.415625 0.8203125 0.0359375 0.0890625
0 0.4171875 0.7859375 0.0109375 0.0109375
2 0.3828125 0.8140625 0.03125 0.0890625
0 0.3875 0.778125 0.0140625 0.0140625
2 0.4078125 0.8390625 0.0265625 0.08125
0 0.4078125 0.8078125 0.0109375 0.0140625
2 0.3921875 0.840625 0.0296875 0.0921875
0 0.39375 0.80625 0.0125 0.015625
2 0.365625 0.8109375 0.025 0.0703125
0 0.365625 0.7828125 0.0109375 0.0125
2 0.3125 0.7671875 0.0203125 0.0421875
0 0.3140625 0.753125 0.009375 0.009375
2 0.3734375 0.8859375 0.03125 0.1046875
0 0.371875 0.84375 0.0140625 0.0171875
0 0.3484375 0.840625 0.0203125 0.0234375
0 0.3046875 0.9125 0.0578125 0.0796875
2 0.353125 0.8421875 0.0234375 0.0734375
0 0.3546875 0.8140625 0.0109375 0.0140625
2 0.3609375 0.80625 0.0203125 0.0640625
0 0.3671875 0.7859375 0.009375 0.0140625
2 0.3234375 0.88125 0.0421875 0.1453125
0 0.325 0.825 0.01875 0.0265625
2 0.2859375 0.8890625 0.0625 0.1703125
0 0.28125 0.8265625 0.0203125 0.0234375
0 0.2640625 0.840625 0.0234375 0.034375
0 0.275 0.846875 0.0171875 0.021875
0 0.2328125 0.828125 0.025 0.0296875
2 0.1921875 0.86875 0.0359375 0.103125
0 0.190625 0.8265625 0.015625 0.0171875
2 0.2140625 0.8890625 0.0328125 0.1140625
0 0.2125 0.8421875 0.0140625 0.01875
2 0.2234375 0.828125 0.0203125 0.0609375
0 0.221875 0.80625 0.0078125 0.009375
2 0.2546875 0.8390625 0.0234375 0.0703125
0 0.25625 0.8125 0.0125 0.0140625
2 0.265625 0.825 0.0171875 0.0609375
0 0.26875 0.8015625 0.00625 0.0078125
2 0.240625 0.8078125 0.0125 0.0265625
0 0.2390625 0.7984375 0.00625 0.00625