2 0.8375 0.58125 0.2265625 0.3734375
0 0.846875 0.425 0.059375 0.05625
0 0.6953125 0.396875 0.075 0.0875
2 0.7359375 0.565625 0.0859375 0.30625
0 0.7359375 0.4359375 0.0328125 0.0375
2 0.609375 0.5609375 0.0953125 0.3046875
0 0.6046875 0.4390625 0.03125 0.040625
0 0.4859375 0.415625 0.1109375 0.1
2 0.4390625 0.540625 0.078125 0.253125
0 0.4359375 0.4390625 0.025 0.03125
2 0.3734375 0.546875 0.0953125 0.2359375
0 0.3859375 0.4484375 0.0296875 0.0359375
2 0.2046875 0.5671875 0.090625 0.3046875
0 0.196875 0.440625 0.0328125 0.040625
0 0.1375 0.415625 0.0765625 0.084375
0 0.0265625 0.4390625 0.0515625 0.0765625
2 0.0703125 0.59375 0.140625 0.43125
0 0.06875 0.4109375 0.05 0.0515625