0 0.76875 0.6484375 0.0375 0.05625
2 0.93125 0.6734375 0.08125 0.1109375
0 0.9515625 0.6328125 0.021875 0.021875
2 0.85 0.6578125 0.0703125 0.125
0 0.8625 0.6109375 0.021875 0.025
2 0.784375 0.65625 0.05625 0.1328125
0 0.7875 0.6015625 0.01875 0.021875
2 0.8375 0.6234375 0.04375 0.096875
0 0.8453125 0.5859375 0.0125 0.015625
2 0.88125 0.6125 0.028125 0.071875
0 0.884375 0.5890625 0.0125 0.0125
2 0.9328125 0.5375 0.0203125 0.0421875
0 0.9375 0.5203125 0.0078125 0.0078125
2 0.896875 0.5390625 0.0203125 0.0359375
0 0.8984375 0.525 0.00625 0.009375
2 0.875 0.540625 0.021875 0.0375
0 0.8796875 0.5265625 0.0078125 0.0078125