0 0.8234375 0.5109375 0.1015625 0.1125
2 0.9375 0.5953125 0.0953125 0.2609375
0 0.9421875 0.4890625 0.040625 0.040625
0 0.68125 0.4921875 0.05625 0.0609375
0 0.7015625 0.50625 0.040625 0.0484375
2 0.6359375 0.5859375 0.0640625 0.20625
0 0.6390625 0.4984375 0.0265625 0.028125
0 0.478125 0.54375 0.090625 0.1
0 0.403125 0.5734375 0.0609375 0.06875
0 0.484375 0.515625 0.06875 0.075
0 0.34375 0.5 0.040625 0.053125
2 0.371875 0.5359375 0.1015625 0.259375
0 0.3859375 0.43125 0.034375 0.0453125
0 0.153125 0.5015625 0.059375 0.0625
0 0.0578125 0.578125 0.096875 0.103125
2 0.175 0.475 0.0140625 0.053125
0 0.175 0.453125 0.00625 0.00625
2 0.159375 0.4734375 0.021875 0.05
0 0.159375 0.4515625 0.0078125 0.00625