0 0.0765625 0.4015625 0.109375 0.1203125
0 0.1859375 0.33125 0.08125 0.0921875
0 0.3 0.3328125 0.0578125 0.078125
0 0.4046875 0.3625 0.071875 0.0859375
2 0.4703125 0.5421875 0.159375 0.4046875
0 0.4703125 0.384375 0.0484375 0.0671875
2 0.4140625 0.5453125 0.1015625 0.36875
0 0.4359375 0.39375 0.03125 0.0484375
2 0.5078125 0.5046875 0.125 0.3078125
0 0.50625 0.378125 0.0328125 0.04375
2 0.484375 0.4421875 0.1125 0.2421875
0 0.4890625 0.346875 0.034375 0.0421875
2 0.821875 0.5171875 0.1484375 0.2953125
0 0.8171875 0.403125 0.0390625 0.0515625