2 0.1609375 0.621875 0.059375 0.2765625
0 0.1671875 0.5078125 0.025 0.0296875
2 0.2171875 0.6421875 0.09375 0.25
0 0.2203125 0.5421875 0.0296875 0.03125
2 0.2734375 0.546875 0.0734375 0.1765625
0 0.2875 0.475 0.0234375 0.028125
2 0.2671875 0.528125 0.065625 0.178125
0 0.2796875 0.4515625 0.01875 0.0234375
2 0.3234375 0.51875 0.0625 0.1484375
0 0.315625 0.4578125 0.0140625 0.01875
2 0.325 0.50625 0.0484375 0.121875
0 0.321875 0.4578125 0.015625 0.01875
2 0.3640625 0.5140625 0.053125 0.1359375
0 0.359375 0.4578125 0.0171875 0.01875
2 0.38125 0.5171875 0.0515625 0.146875
0 0.3765625 0.45625 0.0171875 0.01875
2 0.425 0.5171875 0.0546875 0.140625
0 0.428125 0.4671875 0.0140625 0.0140625
2 0.5140625 0.4828125 0.0328125 0.103125
0 0.5140625 0.4390625 0.0125 0.0125
2 0.7484375 0.4625 0.0265625 0.0765625
0 0.75 0.43125 0.0109375 0.0109375
2 0.7859375 0.4578125 0.0296875 0.0796875
0 0.7859375 0.4265625 0.0109375 0.0109375