2 0.046875 0.665625 0.03125 0.0875
0 0.046875 0.6296875 0.009375 0.0125
2 0.15625 0.65625 0.0625 0.18125
0 0.159375 0.58125 0.01875 0.01875
2 0.225 0.665625 0.0578125 0.1609375
0 0.228125 0.596875 0.0203125 0.01875
2 0.284375 0.65 0.075 0.225
0 0.2828125 0.5578125 0.028125 0.0265625
2 0.34375 0.6578125 0.0703125 0.19375
0 0.3421875 0.5765625 0.025 0.028125
2 0.4046875 0.6578125 0.046875 0.13125
0 0.409375 0.603125 0.021875 0.021875
2 0.459375 0.6453125 0.06875 0.1875
0 0.4515625 0.5640625 0.01875 0.01875
2 0.5921875 0.640625 0.059375 0.175
0 0.584375 0.5671875 0.0234375 0.021875
2 0.6609375 0.653125 0.059375 0.146875
0 0.659375 0.5921875 0.01875 0.01875
2 0.715625 0.64375 0.059375 0.165625
0 0.6984375 0.5734375 0.01875 0.021875
2 0.7296875 0.6453125 0.05 0.125
0 0.7203125 0.5953125 0.015625 0.015625
2 0.825 0.6390625 0.128125 0.234375
0 0.815625 0.5421875 0.0328125 0.0359375
2 0.840625 0.6265625 0.1234375 0.2375
0 0.815625 0.528125 0.0328125 0.034375
2 0.9390625 0.63125 0.090625 0.1953125
0 0.9171875 0.55625 0.0234375 0.028125
0 0.965625 0.5796875 0.021875 0.01875