2 0.24375 0.675 0.1390625 0.3109375
0 0.2609375 0.5484375 0.0375 0.053125
2 0.3640625 0.71875 0.0890625 0.1140625
0 0.34375 0.678125 0.021875 0.0265625
2 0.4953125 0.65 0.0859375 0.2375
0 0.496875 0.553125 0.028125 0.034375
2 0.528125 0.66875 0.1125 0.271875
0 0.5234375 0.553125 0.0296875 0.0359375
2 0.596875 0.6265625 0.0640625 0.1703125
0 0.6015625 0.55625 0.0203125 0.0234375
2 0.5859375 0.615625 0.0453125 0.1171875
0 0.5859375 0.56875 0.015625 0.01875
2 0.6390625 0.66875 0.040625 0.084375
0 0.6453125 0.6390625 0.0140625 0.0140625
2 0.6921875 0.6484375 0.0828125 0.215625
0 0.690625 0.55625 0.021875 0.025
2 0.721875 0.6140625 0.040625 0.13125
0 0.7234375 0.5625 0.01875 0.01875
2 0.75 0.6375 0.0390625 0.1015625
0 0.753125 0.6015625 0.0171875 0.0171875
2 0.7578125 0.6078125 0.0578125 0.1375
0 0.75625 0.55625 0.0140625 0.0203125
2 0.7859375 0.6421875 0.03125 0.0875
0 0.784375 0.6140625 0.0125 0.01875
2 0.8078125 0.61875 0.0296875 0.0765625
0 0.8125 0.5890625 0.0125 0.0109375
2 0.8671875 0.5890625 0.0359375 0.1
0 0.8734375 0.5515625 0.0125 0.015625
2 0.9171875 0.6515625 0.0734375 0.178125
0 0.9140625 0.5796875 0.025 0.025
2 0.9546875 0.60625 0.0453125 0.1078125
0 0.959375 0.5625 0.0125 0.015625
2 0.971875 0.625 0.025 0.065625
0 0.971875 0.6 0.0125 0.0140625
2 0.740625 0.6671875 0.0828125 0.1328125
0 0.7234375 0.615625 0.025 0.03125