2 0.4984375 0.496875 0.4203125 0.99375
0 0.4953125 0.0734375 0.1015625 0.134375
2 0.303125 0.384375 0.1609375 0.4421875
0 0.25 0.2203125 0.0546875 0.0921875
2 0.3 0.4265625 0.153125 0.425
0 0.2390625 0.25 0.03125 0.0671875
2 0.3046875 0.3859375 0.1625 0.43125
0 0.25 0.2203125 0.053125 0.0890625
2 0.3078125 0.3390625 0.1703125 0.4203125
0 0.2796875 0.178125 0.0671875 0.0796875
0 0.7484375 0.134375 0.05625 0.075
2 0.703125 0.2578125 0.121875 0.3203125
0 0.7046875 0.140625 0.046875 0.0640625
2 0.6375 0.328125 0.2453125 0.6515625
0 0.6046875 0.059375 0.0671875 0.09375