2 0.4140625 0.6296875 0.0484375 0.1296875
0 0.4109375 0.5765625 0.015625 0.0171875
2 0.3234375 0.6421875 0.05625 0.125
0 0.31875 0.590625 0.0140625 0.015625
2 0.3046875 0.6234375 0.0421875 0.09375
0 0.3078125 0.5828125 0.0109375 0.009375
2 0.215625 0.6140625 0.0359375 0.090625
0 0.215625 0.5796875 0.0109375 0.0125
2 0.24375 0.609375 0.034375 0.0953125
0 0.246875 0.5703125 0.0109375 0.0140625
2 0.271875 0.6125 0.03125 0.0890625
0 0.271875 0.5765625 0.0125 0.0125
2 0.3 0.609375 0.03125 0.0859375
0 0.2984375 0.5734375 0.009375 0.0109375
2 0.334375 0.6140625 0.028125 0.0796875
0 0.33125 0.5828125 0.009375 0.0125
2 0.859375 0.5859375 0.0125 0.0390625
0 0.8578125 0.571875 0.00625 0.00625
2 0.8484375 0.5875 0.015625 0.0390625
0 0.846875 0.5734375 0.0046875 0.00625
2 0.83125 0.5859375 0.0125 0.0375
0 0.8296875 0.5734375 0.0046875 0.00625
2 0.821875 0.5875 0.0203125 0.0375
0 0.8234375 0.5734375 0.00625 0.0046875
2 0.809375 0.5875 0.0171875 0.040625
0 0.8078125 0.5734375 0.0046875 0.00625
2 0.803125 0.5875 0.0140625 0.040625
0 0.803125 0.571875 0.0046875 0.00625
2 0.7875 0.5859375 0.015625 0.0390625
0 0.7890625 0.571875 0.0046875 0.00625
2 0.703125 0.5921875 0.0125 0.0328125
0 0.7046875 0.5796875 0.0046875 0.0046875
2 0.6796875 0.590625 0.0140625 0.0296875
0 0.6765625 0.5796875 0.0046875 0.0046875
2 0.6703125 0.5890625 0.0109375 0.03125
0 0.671875 0.578125 0.003125 0.0046875
2 0.6609375 0.5875 0.0109375 0.0328125
0 0.6609375 0.575 0.00625 0.0046875
2 0.5765625 0.5875 0.0109375 0.0265625
0 0.5765625 0.578125 0.003125 0.003125
2 0.565625 0.590625 0.009375 0.025
0 0.565625 0.58125 0.003125 0.0046875
2 0.5390625 0.590625 0.0109375 0.0234375
0 0.540625 0.58125 0.003125 0.003125
2 0.5296875 0.5890625 0.009375 0.0265625
0 0.53125 0.5796875 0.0046875 0.0046875
2 0.4984375 0.590625 0.0109375 0.0234375
0 0.4984375 0.58125 0.003125 0.003125
2 0.4921875 0.590625 0.009375 0.021875
0 0.4921875 0.5828125 0.0015625 0.003125