0 0.9375 0.4140625 0.05625 0.0828125
2 0.85625 0.5453125 0.10625 0.29375
0 0.8609375 0.43125 0.0390625 0.0515625
2 0.728125 0.5234375 0.134375 0.3453125
0 0.7265625 0.378125 0.040625 0.05
2 0.56875 0.5703125 0.2078125 0.5
0 0.5640625 0.3640625 0.0625 0.078125
2 0.596875 0.5 0.1453125 0.43125
0 0.5984375 0.3203125 0.0453125 0.0625
2 0.4984375 0.4765625 0.0765625 0.296875
0 0.5 0.3640625 0.0359375 0.0484375
2 0.51875 0.440625 0.059375 0.2140625
0 0.515625 0.3578125 0.028125 0.0375
2 0.4890625 0.4234375 0.0625 0.2046875
0 0.4921875 0.3390625 0.0265625 0.0328125
2 0.428125 0.5109375 0.1609375 0.4203125
0 0.4140625 0.3375 0.05 0.0671875
2 0.3296875 0.56875 0.184375 0.503125
0 0.3234375 0.359375 0.0484375 0.0734375
2 0.3796875 0.421875 0.08125 0.2375
0 0.390625 0.3328125 0.0421875 0.0515625
2 0.440625 0.4234375 0.0546875 0.203125
0 0.4421875 0.3390625 0.0171875 0.0234375
2 0.28125 0.46875 0.0875 0.2578125
0 0.2921875 0.3640625 0.0265625 0.034375
2 0.3546875 0.3984375 0.034375 0.1171875
0 0.3578125 0.35 0.015625 0.0171875
2 0.3546875 0.378125 0.0328125 0.109375
0 0.3546875 0.33125 0.009375 0.009375
2 0.24375 0.44375 0.0765625 0.2296875
0 0.24375 0.3484375 0.028125 0.0359375
2 0.275 0.396875 0.053125 0.165625
0 0.2765625 0.33125 0.01875 0.028125
2 0.253125 0.378125 0.04375 0.1390625
0 0.253125 0.3203125 0.0171875 0.021875
2 0.21875 0.421875 0.05 0.171875
0 0.2171875 0.353125 0.0265625 0.03125
2 0.1765625 0.45 0.1046875 0.25
0 0.175 0.3484375 0.0359375 0.04375
2 0.2 0.5125 0.103125 0.2921875
0 0.1984375 0.4 0.0359375 0.05
2 0.190625 0.3890625 0.0453125 0.165625
0 0.190625 0.31875 0.021875 0.021875
0 0.15625 0.390625 0.065625 0.0953125
2 0.08125 0.5859375 0.146875 0.490625
0 0.075 0.38125 0.05625 0.0734375
2 0.3984375 0.3125 0.0234375 0.06875
0 0.3953125 0.284375 0.009375 0.009375
2 0.4140625 0.3109375 0.01875 0.04375
0 0.4140625 0.29375 0.00625 0.00625
2 0.471875 0.3078125 0.03125 0.0734375
0 0.4703125 0.278125 0.0078125 0.0109375
2 0.4796875 0.29375 0.01875 0.05625
0 0.478125 0.2703125 0.0078125 0.0078125
2 0.4984375 0.29375 0.0171875 0.05
0 0.496875 0.2734375 0.00625 0.009375
2 0.51875 0.290625 0.01875 0.0578125
0 0.51875 0.26875 0.009375 0.009375
2 0.53125 0.284375 0.01875 0.0546875
0 0.53125 0.2625 0.0078125 0.009375
2 0.5359375 0.290625 0.0234375 0.0625
0 0.5375 0.265625 0.00625 0.0078125
2 0.5453125 0.28125 0.0171875 0.0453125
0 0.5453125 0.265625 0.00625 0.0078125
2 0.5578125 0.2828125 0.0203125 0.05625
0 0.55625 0.2625 0.00625 0.009375
2 0.5703125 0.2796875 0.01875 0.0515625
0 0.5703125 0.259375 0.0078125 0.0078125
2 0.5828125 0.2765625 0.0171875 0.04375
0 0.58125 0.2609375 0.0046875 0.00625
2 0.6046875 0.278125 0.0203125 0.0421875
0 0.60625 0.265625 0.00625 0.0078125