2 0.95625 0.6578125 0.0359375 0.09375
0 0.9515625 0.621875 0.0109375 0.0140625
2 0.928125 0.68125 0.046875 0.115625
0 0.928125 0.6375 0.0140625 0.015625
2 0.8921875 0.68125 0.04375 0.1265625
0 0.890625 0.63125 0.015625 0.015625
2 0.8765625 0.65625 0.0328125 0.084375
0 0.875 0.621875 0.015625 0.015625
2 0.8421875 0.6421875 0.025 0.0671875
0 0.84375 0.6171875 0.0078125 0.0078125
2 0.821875 0.640625 0.0171875 0.0546875
0 0.821875 0.6171875 0.003125 0.003125
2 0.79375 0.64375 0.0140625 0.046875
0 0.7921875 0.6234375 0.00625 0.0046875
2 0.8 0.6390625 0.01875 0.0515625
0 0.796875 0.61875 0.0078125 0.009375
2 0.7609375 0.6625 0.0359375 0.0875
0 0.7515625 0.6265625 0.0109375 0.0125
2 0.7234375 0.6640625 0.034375 0.0859375
0 0.7203125 0.6296875 0.009375 0.0109375
2 0.6515625 0.7078125 0.0421875 0.15
0 0.6515625 0.6453125 0.015625 0.01875
2 0.675 0.7046875 0.0515625 0.1234375
0 0.6734375 0.653125 0.015625 0.015625
2 0.6953125 0.665625 0.0296875 0.0796875
0 0.690625 0.6328125 0.0109375 0.0109375
2 0.68125 0.6734375 0.0328125 0.08125
0 0.68125 0.6390625 0.0078125 0.0078125
2 0.675 0.665625 0.03125 0.096875
0 0.6734375 0.625 0.0109375 0.0109375
2 0.6109375 0.7 0.05 0.14375
0 0.625 0.6390625 0.015625 0.021875
2 0.4859375 0.728125 0.0625 0.175
0 0.4953125 0.6546875 0.021875 0.021875
2 0.515625 0.715625 0.08125 0.1671875
0 0.515625 0.646875 0.0234375 0.025
2 0.5765625 0.6828125 0.0515625 0.103125
0 0.5796875 0.6390625 0.0125 0.015625
2 0.5734375 0.675 0.0375 0.1109375
0 0.578125 0.628125 0.0125 0.015625
2 0.571875 0.6484375 0.021875 0.0609375
0 0.5703125 0.6234375 0.009375 0.009375
2 0.5515625 0.6640625 0.0296875 0.071875
0 0.5578125 0.6328125 0.0109375 0.009375
2 0.45625 0.703125 0.046875 0.1453125
0 0.453125 0.6421875 0.0171875 0.021875
2 0.453125 0.6984375 0.04375 0.1078125
0 0.4515625 0.653125 0.0125 0.0140625
2 0.3828125 0.7125 0.0578125 0.134375
0 0.378125 0.6578125 0.0203125 0.0171875
2 0.3765625 0.709375 0.0625 0.1234375
0 0.371875 0.65625 0.0140625 0.0171875
2 0.1609375 0.74375 0.09375 0.2265625
0 0.15 0.653125 0.0328125 0.034375
2 0.225 0.71875 0.0734375 0.146875
0 0.221875 0.659375 0.01875 0.0203125
2 0.246875 0.7140625 0.065625 0.146875
0 0.234375 0.653125 0.0171875 0.0203125
2 0.2703125 0.70625 0.0578125 0.1171875
0 0.265625 0.65625 0.0140625 0.015625
2 0.2640625 0.69375 0.040625 0.1078125
0 0.2671875 0.646875 0.0109375 0.0125
2 0.184375 0.703125 0.053125 0.1453125
0 0.178125 0.6421875 0.01875 0.01875
2 0.0125 0.7078125 0.025 0.134375
0 0.0125 0.6515625 0.01875 0.0171875
2 0.0765625 0.7078125 0.0453125 0.1125
0 0.090625 0.659375 0.015625 0.015625
2 0.0671875 0.690625 0.0421875 0.103125
0 0.0703125 0.6484375 0.015625 0.015625
2 0.228125 0.6984375 0.0546875 0.1546875
0 0.2203125 0.6359375 0.0171875 0.021875
2 0.05625 0.6734375 0.0296875 0.0921875
0 0.0578125 0.6328125 0.0109375 0.0109375
2 0.0265625 0.6890625 0.0484375 0.121875
0 0.0328125 0.6484375 0.0140625 0.015625
2 0.021875 0.66875 0.034375 0.0953125
0 0.0265625 0.6328125 0.0125 0.0140625
2 0.1296875 0.6515625 0.0203125 0.05625
0 0.1296875 0.628125 0.0078125 0.009375
2 0.3265625 0.671875 0.0421875 0.0609375
0 0.31875 0.6515625 0.0140625 0.015625
2 0.3265625 0.6671875 0.021875 0.0703125
0 0.3234375 0.6375 0.0109375 0.0109375
2 0.4296875 0.6625 0.028125 0.0859375
0 0.428125 0.6265625 0.0109375 0.009375
2 0.409375 0.6625 0.0234375 0.078125
0 0.409375 0.6296875 0.00625 0.0078125
2 0.41875 0.65625 0.01875 0.075
0 0.4171875 0.6234375 0.0078125 0.009375