2 0.13125 0.621875 0.2609375 0.35
0 0.2109375 0.496875 0.0515625 0.0671875
2 0.3015625 0.65 0.1640625 0.290625
0 0.3234375 0.534375 0.04375 0.053125
2 0.3453125 0.5828125 0.2296875 0.284375
0 0.3375 0.48125 0.03125 0.04375
2 0.3828125 0.6296875 0.1421875 0.259375
0 0.409375 0.5265625 0.0359375 0.05
2 0.54375 0.60625 0.2125 0.45
0 0.496875 0.69375 0.0640625 0.06875
2 0.6484375 0.6015625 0.165625 0.2921875
0 0.6703125 0.4875 0.03125 0.0375
2 0.753125 0.6078125 0.178125 0.3265625
0 0.778125 0.471875 0.0390625 0.0453125
2 0.8109375 0.634375 0.30625 0.328125
0 0.75625 0.515625 0.04375 0.05
0 0.928125 0.5 0.065625 0.06875