2 0.609375 0.775 0.0421875 0.103125
0 0.6109375 0.7328125 0.0125 0.0140625
2 0.625 0.7671875 0.0296875 0.09375
0 0.625 0.7328125 0.015625 0.0171875
2 0.59375 0.7625 0.0453125 0.1265625
0 0.596875 0.7109375 0.015625 0.0171875
2 0.559375 0.759375 0.053125 0.1328125
0 0.571875 0.7046875 0.0140625 0.0171875
2 0.5359375 0.74375 0.0296875 0.084375
0 0.5359375 0.7125 0.0140625 0.0140625
2 0.55625 0.7421875 0.028125 0.096875
0 0.5578125 0.703125 0.0125 0.0140625
2 0.56875 0.75 0.0328125 0.1078125
0 0.575 0.70625 0.0109375 0.0171875
2 0.5796875 0.7453125 0.028125 0.0734375
0 0.58125 0.7171875 0.0109375 0.0125
2 0.5328125 0.7328125 0.03125 0.0734375
0 0.5359375 0.703125 0.0109375 0.009375
2 0.54375 0.7203125 0.0203125 0.0609375
0 0.546875 0.696875 0.0078125 0.009375
2 0.5203125 0.7234375 0.025 0.0796875
0 0.521875 0.6890625 0.009375 0.0109375
2 0.4984375 0.7296875 0.03125 0.084375
0 0.5 0.69375 0.009375 0.0109375
2 0.965625 0.7109375 0.009375 0.01875
0 0.965625 0.7046875 0.003125 0.003125