2 0.15 0.5890625 0.196875 0.240625
0 0.1640625 0.5078125 0.0625 0.071875
2 0.259375 0.5765625 0.1359375 0.25
0 0.253125 0.4828125 0.0484375 0.05625
2 0.446875 0.5703125 0.0984375 0.246875
0 0.440625 0.4828125 0.040625 0.059375
2 0.365625 0.58125 0.21875 0.2453125
0 0.4 0.496875 0.059375 0.075
2 0.628125 0.5640625 0.1015625 0.2171875
0 0.6265625 0.490625 0.046875 0.0640625
2 0.54375 0.5859375 0.1796875 0.2390625
0 0.54375 0.509375 0.053125 0.0640625
2 0.7109375 0.603125 0.184375 0.253125
0 0.7 0.5171875 0.0609375 0.0765625
0 0.89375 0.509375 0.06875 0.08125