2 0.8296875 0.596875 0.0859375 0.259375
0 0.825 0.4890625 0.03125 0.034375
2 0.746875 0.5875 0.0890625 0.25
0 0.7375 0.4796875 0.025 0.034375
2 0.6359375 0.5890625 0.0640625 0.2484375
0 0.6421875 0.4890625 0.0328125 0.0390625
2 0.475 0.5890625 0.0875 0.25625
0 0.4765625 0.4828125 0.0296875 0.0390625
2 0.34375 0.5828125 0.0875 0.26875
0 0.3453125 0.46875 0.028125 0.0375
2 0.25 0.6109375 0.090625 0.25
0 0.2453125 0.50625 0.0265625 0.0390625
2 0.2296875 0.5609375 0.0859375 0.2625
0 0.234375 0.4484375 0.028125 0.0359375
2 0.0734375 0.6203125 0.053125 0.1390625
0 0.071875 0.5640625 0.0234375 0.0265625
2 0.534375 0.4734375 0.0453125 0.1328125
0 0.5328125 0.421875 0.015625 0.0203125
2 0.5171875 0.453125 0.0390625 0.1015625
0 0.51875 0.409375 0.0125 0.015625
2 0.60625 0.45 0.04375 0.125
0 0.609375 0.3984375 0.015625 0.0171875
2 0.596875 0.45 0.03125 0.0953125
0 0.596875 0.4109375 0.0109375 0.0109375
2 0.6796875 0.4890625 0.053125 0.15625
0 0.6859375 0.4203125 0.0171875 0.01875
2 0.7515625 0.484375 0.0484375 0.128125
0 0.7546875 0.43125 0.0140625 0.0171875
2 0.85625 0.5015625 0.053125 0.1421875
0 0.8546875 0.44375 0.01875 0.0234375
2 0.815625 0.45625 0.046875 0.1109375
0 0.8140625 0.409375 0.015625 0.015625
2 0.8375 0.45625 0.03125 0.1046875
0 0.8375 0.4125 0.0125 0.0125
2 0.8640625 0.4453125 0.0453125 0.1296875
0 0.8671875 0.3921875 0.015625 0.0140625
2 0.903125 0.43125 0.028125 0.071875
0 0.9015625 0.4015625 0.009375 0.0109375
2 0.975 0.4171875 0.01875 0.053125
0 0.975 0.3953125 0.00625 0.00625
2 0.753125 0.421875 0.0171875 0.0515625
0 0.7546875 0.403125 0.0078125 0.0078125
2 0.734375 0.4296875 0.01875 0.0640625
0 0.734375 0.403125 0.0078125 0.009375
2 0.734375 0.4203125 0.0171875 0.05625
0 0.734375 0.396875 0.00625 0.0078125
2 0.765625 0.4125 0.01875 0.0453125
0 0.765625 0.3953125 0.00625 0.0078125
2 0.8 0.4078125 0.015625 0.04375
0 0.8 0.3921875 0.0046875 0.0046875
2 0.8078125 0.40625 0.0140625 0.0359375
0 0.809375 0.390625 0.0046875 0.0046875
2 0.815625 0.403125 0.0109375 0.0328125
0 0.815625 0.390625 0.0046875 0.00625
2 0.825 0.403125 0.0109375 0.03125
0 0.825 0.390625 0.003125 0.0046875
2 0.8359375 0.4015625 0.0125 0.03125
0 0.834375 0.390625 0.0046875 0.0046875
2 0.8578125 0.4 0.0109375 0.0265625
0 0.8578125 0.3875 0.003125 0.003125
2 0.8390625 0.396875 0.0125 0.028125
0 0.8421875 0.3859375 0.0046875 0.0046875
2 0.8484375 0.3953125 0.0109375 0.0296875
0 0.8484375 0.3859375 0.003125 0.0046875
2 0.90625 0.4 0.0140625 0.03125
0 0.9046875 0.3875 0.0046875 0.0046875
2 0.909375 0.39375 0.009375 0.025
0 0.909375 0.3859375 0.0046875 0.0046875
2 0.8921875 0.3921875 0.0109375 0.0265625
0 0.8890625 0.3828125 0.003125 0.0046875
2 0.8765625 0.4046875 0.0125 0.034375
0 0.8765625 0.390625 0.0046875 0.0046875
2 0.878125 0.39375 0.0140625 0.0296875
0 0.8765625 0.38125 0.0046875 0.0046875