2 0.8453125 0.6171875 0.15 0.415625
0 0.853125 0.4375 0.0515625 0.0578125
2 0.8140625 0.5265625 0.1546875 0.3625
0 0.8234375 0.3765625 0.053125 0.0515625
2 0.6859375 0.4765625 0.1015625 0.2703125
0 0.6875 0.359375 0.028125 0.03125
2 0.61875 0.4515625 0.0671875 0.18125
0 0.6203125 0.3765625 0.025 0.028125
2 0.5921875 0.4421875 0.053125 0.15
0 0.5953125 0.3796875 0.021875 0.0203125
2 0.54375 0.4328125 0.065625 0.159375
0 0.546875 0.3671875 0.0203125 0.0203125
2 0.5046875 0.43125 0.0453125 0.125
0 0.509375 0.3796875 0.0140625 0.015625
2 0.4109375 0.421875 0.034375 0.109375
0 0.4125 0.3765625 0.015625 0.015625
2 0.4171875 0.4078125 0.0328125 0.0984375
0 0.4125 0.3671875 0.0109375 0.0125
2 0.3953125 0.425 0.0234375 0.090625
0 0.396875 0.390625 0.0109375 0.0109375
2 0.35 0.4109375 0.0484375 0.1125
0 0.3453125 0.3671875 0.0140625 0.0171875
2 0.359375 0.4125 0.0375 0.1
0 0.359375 0.3703125 0.0125 0.0125
2 0.25625 0.4171875 0.03125 0.096875
0 0.253125 0.38125 0.015625 0.0171875
2 0.1984375 0.4171875 0.05 0.1
0 0.19375 0.378125 0.0140625 0.0140625
2 0.1109375 0.4125 0.034375 0.090625
0 0.10625 0.3796875 0.0109375 0.0125
2 0.0671875 0.4296875 0.03125 0.0828125
0 0.0671875 0.3953125 0.0140625 0.0140625
2 0.053125 0.4296875 0.053125 0.1078125
0 0.046875 0.3875 0.0140625 0.0171875
2 0.025 0.421875 0.0265625 0.0734375
0 0.025 0.39375 0.0109375 0.009375
2 0.0140625 0.4265625 0.0234375 0.0765625
0 0.0109375 0.396875 0.0109375 0.0109375
2 0.296875 0.740625 0.015625 0.0421875
0 0.3 0.7234375 0.00625 0.0078125
2 0.3015625 0.7375 0.015625 0.040625
0 0.3 0.721875 0.0046875 0.00625
2 0.33125 0.734375 0.0203125 0.040625
0 0.33125 0.71875 0.00625 0.00625
2 0.3375 0.734375 0.0125 0.0390625
0 0.3359375 0.7203125 0.00625 0.00625