2 0.1765625 0.5484375 0.1984375 0.5234375
0 0.1859375 0.328125 0.0578125 0.0640625
2 0.246875 0.4828125 0.0984375 0.3390625
0 0.2421875 0.34375 0.040625 0.05
2 0.3046875 0.5328125 0.1703125 0.3640625
0 0.2765625 0.3796875 0.0484375 0.0546875
2 0.3953125 0.478125 0.1140625 0.2625
0 0.384375 0.3671875 0.0328125 0.03125
2 0.4328125 0.46875 0.10625 0.2921875
0 0.41875 0.3484375 0.034375 0.0453125
2 0.4765625 0.5171875 0.1703125 0.375
0 0.4671875 0.3703125 0.053125 0.0578125
2 0.5171875 0.4375 0.0859375 0.21875
0 0.5171875 0.34375 0.0296875 0.0265625
2 0.5671875 0.421875 0.0765625 0.240625
0 0.56875 0.325 0.025 0.034375
2 0.6 0.528125 0.159375 0.4703125
0 0.6125 0.3375 0.0484375 0.065625
2 0.615625 0.5015625 0.153125 0.4125
0 0.6046875 0.31875 0.04375 0.0453125
2 0.715625 0.5234375 0.1453125 0.4203125
0 0.7203125 0.34375 0.059375 0.05625
0 0.8328125 0.346875 0.1 0.1140625
2 0.9453125 0.375 0.05625 0.171875
0 0.946875 0.3078125 0.021875 0.028125
0 0.9734375 0.3015625 0.01875 0.0234375
2 0.4984375 0.353125 0.028125 0.0796875
0 0.496875 0.321875 0.009375 0.0125