2 0.03125 0.58359375 0.0625 0.3890625
0 0.009375 0.4203125 0.0171875 0.0375
2 0.0359375 0.5625 0.071875 0.33125
0 0.0140625 0.43046875 0.028125 0.0609375
2 0.1171875 0.5703125 0.103125 0.321875
0 0.115625 0.4375 0.0453125 0.0453125
2 0.0875 0.546875 0.084375 0.2921875
0 0.0875 0.4234375 0.040625 0.0453125
2 0.0703125 0.5015625 0.1203125 0.34375
0 0.1015625 0.4140625 0.034375 0.0375
2 0.16875 0.5609375 0.0796875 0.2828125
0 0.1703125 0.44375 0.0390625 0.0484375
2 0.215625 0.56875 0.08125 0.325
0 0.2203125 0.434375 0.046875 0.05
2 0.3578125 0.5484375 0.0796875 0.2796875
0 0.3546875 0.434375 0.040625 0.046875
2 0.4015625 0.5453125 0.090625 0.24375
0 0.3890625 0.44375 0.034375 0.034375
2 0.4375 0.5390625 0.06875 0.225
0 0.4265625 0.44375 0.0296875 0.034375
2 0.4703125 0.51875 0.065625 0.19375
0 0.465625 0.4375 0.0296875 0.0296875
2 0.48125 0.515625 0.04375 0.1546875
0 0.48125 0.4640625 0.025 0.0265625
2 0.5140625 0.5109375 0.0703125 0.2125
0 0.5046875 0.421875 0.0296875 0.0328125
2 0.503125 0.5828125 0.0921875 0.121875
0 0.521875 0.5375 0.028125 0.03125
2 0.55 0.515625 0.059375 0.209375
0 0.5484375 0.4296875 0.0296875 0.0328125
2 0.5640625 0.509375 0.0546875 0.1890625
0 0.559375 0.434375 0.021875 0.03125
2 0.5984375 0.515625 0.053125 0.1828125
0 0.6046875 0.440625 0.025 0.028125
2 0.6 0.5078125 0.0578125 0.165625
0 0.60625 0.44375 0.0234375 0.025
0 0.2984375 0.3671875 0.08125 0.084375
2 0.640625 0.5625 0.103125 0.3703125
0 0.6453125 0.403125 0.0359375 0.0484375
2 0.8015625 0.4140625 0.0453125 0.1328125
0 0.8 0.359375 0.015625 0.0203125
2 0.846875 0.5203125 0.0609375 0.203125
0 0.8453125 0.4359375 0.0234375 0.0265625
2 0.89375 0.4671875 0.0609375 0.153125
0 0.9 0.403125 0.0171875 0.0234375
2 0.9109375 0.4328125 0.05 0.14375
0 0.915625 0.371875 0.0171875 0.01875
2 0.9390625 0.4046875 0.0484375 0.128125
0 0.9375 0.3515625 0.0171875 0.01875
2 0.878125 0.3609375 0.0328125 0.0734375
0 0.8828125 0.3328125 0.009375 0.0109375
2 0.9046875 0.359375 0.028125 0.071875
0 0.90625 0.33125 0.0109375 0.0109375
2 0.9609375 0.353125 0.0328125 0.065625
0 0.959375 0.3296875 0.0125 0.0140625
2 0.9328125 0.353125 0.03125 0.075
0 0.9390625 0.325 0.0125 0.0125
2 0.953125 0.315625 0.025 0.0515625
0 0.95625 0.296875 0.009375 0.009375
2 0.9046875 0.3265625 0.025 0.0484375
0 0.9078125 0.3109375 0.009375 0.0125
2 0.9328125 0.3421875 0.0265625 0.0609375
0 0.934375 0.31875 0.0125 0.0109375
2 0.9203125 0.30625 0.0203125 0.05
0 0.921875 0.2875 0.009375 0.009375
2 0.9328125 0.3125 0.021875 0.0484375
0 0.9328125 0.29375 0.009375 0.009375
2 0.925 0.2890625 0.01875 0.04375
0 0.9265625 0.2734375 0.00625 0.009375
2 0.9359375 0.29375 0.01875 0.0421875
0 0.9359375 0.2796875 0.0078125 0.009375
2 0.9515625 0.290625 0.01875 0.0375
0 0.953125 0.278125 0.0078125 0.009375
2 0.965625 0.2890625 0.015625 0.0328125
0 0.9640625 0.2796875 0.00625 0.0078125
2 0.965625 0.3296875 0.0203125 0.0484375
0 0.965625 0.3125 0.0109375 0.0109375
2 0.98125 0.31875 0.0203125 0.0453125
0 0.9796875 0.3015625 0.0109375 0.009375
2 0.9828125 0.309375 0.025 0.046875
0 0.98125 0.290625 0.009375 0.009375
0 0.98125 0.265625 0.009375 0.0078125