0 0.071875 0.66875 0.04375 0.040625
2 0.246875 0.740625 0.071875 0.171875
0 0.2484375 0.6703125 0.021875 0.025
2 0.30625 0.746875 0.0828125 0.171875
0 0.296875 0.671875 0.0203125 0.01875
2 0.334375 0.7453125 0.053125 0.165625
0 0.3328125 0.675 0.015625 0.0203125
2 0.4265625 0.725 0.046875 0.128125
0 0.428125 0.66875 0.015625 0.0140625
2 0.459375 0.7265625 0.0453125 0.125
0 0.4578125 0.671875 0.015625 0.015625
2 0.5171875 0.7578125 0.08125 0.203125
0 0.5171875 0.671875 0.025 0.0265625
2 0.496875 0.7390625 0.0515625 0.140625
0 0.5 0.6828125 0.015625 0.021875
2 0.58125 0.7671875 0.090625 0.19375
0 0.5640625 0.6875 0.0265625 0.025
2 0.59375 0.7421875 0.0609375 0.15
0 0.5875 0.6828125 0.01875 0.0234375
2 0.61875 0.7296875 0.05 0.11875
0 0.6125 0.68125 0.0171875 0.01875
2 0.6953125 0.728125 0.0625 0.1375
0 0.6875 0.6734375 0.015625 0.01875
2 0.65 0.715625 0.0375 0.10625
0 0.646875 0.6703125 0.0125 0.0140625
2 0.71875 0.7078125 0.03125 0.0984375
0 0.71875 0.6671875 0.0125 0.0125
2 0.7796875 0.7078125 0.0375 0.0875
0 0.784375 0.671875 0.0109375 0.0125
2 0.8046875 0.70625 0.0375 0.090625
0 0.8046875 0.6671875 0.0109375 0.009375
2 0.8453125 0.715625 0.053125 0.109375
0 0.846875 0.66875 0.0125 0.0125
2 0.834375 0.7140625 0.034375 0.0921875
0 0.83125 0.6765625 0.0125 0.0125
2 0.8703125 0.70625 0.03125 0.090625
0 0.86875 0.671875 0.0125 0.0125
2 0.8890625 0.715625 0.040625 0.096875
0 0.8859375 0.675 0.0125 0.0125
2 0.9625 0.74375 0.0671875 0.14375
0 0.9609375 0.684375 0.015625 0.015625
2 0.9796875 0.715625 0.0375 0.1046875
0 0.9765625 0.671875 0.0125 0.0109375
2 0.740625 0.7109375 0.034375 0.0890625
0 0.740625 0.6734375 0.009375 0.0125
2 0.75625 0.703125 0.025 0.078125
0 0.7546875 0.6703125 0.009375 0.009375
2 0.665625 0.70625 0.0234375 0.0875
0 0.665625 0.66875 0.00625 0.0078125