2 0.1359375 0.4375 0.271875 0.4375
0 0.025 0.24375 0.05 0.0484375
2 0.184375 0.4765625 0.3078125 0.490625
0 0.1125 0.2828125 0.0625 0.084375
2 0.2 0.4390625 0.2171875 0.440625
0 0.1796875 0.259375 0.065625 0.0765625
2 0.36875 0.446875 0.1890625 0.45625
0 0.38125 0.271875 0.075 0.0953125
2 0.4421875 0.41875 0.2 0.4015625
0 0.496875 0.23125 0.04375 0.025
2 0.534375 0.3703125 0.0859375 0.2171875
0 0.559375 0.2828125 0.034375 0.034375
2 0.628125 0.43125 0.140625 0.425
0 0.6375 0.23125 0.04375 0.025
2 0.73125 0.434375 0.14375 0.303125
0 0.7359375 0.3203125 0.046875 0.053125
2 0.821875 0.46875 0.228125 0.4296875
0 0.8015625 0.309375 0.071875 0.0765625