2 0.8796875 0.5625 0.2 0.1953125
0 0.8828125 0.4890625 0.040625 0.0421875
2 0.5203125 0.4953125 0.1875 0.409375
0 0.525 0.3234375 0.0484375 0.0546875
2 0.275 0.5328125 0.225 0.4875
0 0.2828125 0.3234375 0.05625 0.06875
2 0.4578125 0.4734375 0.0546875 0.1390625
0 0.45625 0.4140625 0.015625 0.015625
2 0.403125 0.4796875 0.0578125 0.14375
0 0.4046875 0.41875 0.01875 0.0203125
2 0.375 0.4765625 0.05 0.134375
0 0.38125 0.4203125 0.0171875 0.01875
2 0.346875 0.475 0.034375 0.090625
0 0.3453125 0.4375 0.0109375 0.0125
2 0.0203125 0.5078125 0.040625 0.178125
0 0.0078125 0.434375 0.015625 0.0265625