2 0.8859375 0.6171875 0.0265625 0.0859375
0 0.884375 0.5828125 0.0109375 0.0125
2 0.86875 0.6453125 0.053125 0.1453125
0 0.8671875 0.5828125 0.015625 0.0140625
2 0.85 0.6171875 0.028125 0.0734375
0 0.8546875 0.5890625 0.009375 0.0109375
2 0.83125 0.6203125 0.0328125 0.09375
0 0.8265625 0.5828125 0.0125 0.0140625
2 0.828125 0.6140625 0.0328125 0.0671875
0 0.8328125 0.584375 0.0078125 0.0078125
2 0.8 0.61875 0.0359375 0.09375
0 0.7984375 0.58125 0.0140625 0.0140625
2 0.7625 0.6078125 0.0203125 0.0609375
0 0.7609375 0.584375 0.0078125 0.009375
2 0.7421875 0.6234375 0.03125 0.1015625
0 0.74375 0.5828125 0.0140625 0.01875
2 0.71875 0.625 0.0296875 0.1015625
0 0.7203125 0.5828125 0.0125 0.0140625
2 0.696875 0.63125 0.0234375 0.0921875
0 0.696875 0.59375 0.0109375 0.015625
2 0.6765625 0.6375 0.0484375 0.1296875
0 0.671875 0.584375 0.0171875 0.0203125
2 0.65625 0.6109375 0.0234375 0.0578125
0 0.65625 0.5859375 0.0078125 0.0078125
2 0.65 0.61875 0.0171875 0.065625
0 0.6484375 0.590625 0.0078125 0.009375
2 0.63125 0.609375 0.028125 0.0640625
0 0.63125 0.5875 0.0078125 0.009375
2 0.596875 0.615625 0.0234375 0.0703125
0 0.596875 0.5890625 0.0109375 0.0109375
2 0.5609375 0.6375 0.0453125 0.1140625
0 0.559375 0.590625 0.0140625 0.0171875
2 0.5265625 0.6078125 0.0171875 0.04375
0 0.5265625 0.590625 0.00625 0.0078125
2 0.509375 0.6078125 0.0171875 0.0453125
0 0.509375 0.5921875 0.0078125 0.0078125
2 0.5 0.603125 0.0171875 0.0453125
0 0.4984375 0.584375 0.0078125 0.00625
2 0.4921875 0.5953125 0.0125 0.0296875
0 0.49375 0.5859375 0.0046875 0.0046875
2 0.4765625 0.60625 0.01875 0.0453125
0 0.475 0.5859375 0.0046875 0.0078125
2 0.453125 0.6015625 0.0109375 0.034375
0 0.453125 0.5890625 0.00625 0.00625
2 0.44375 0.60625 0.015625 0.0421875
0 0.4453125 0.590625 0.0078125 0.0078125
2 0.43125 0.6 0.0140625 0.0359375
0 0.43125 0.584375 0.0046875 0.0046875
2 0.415625 0.6125 0.028125 0.0609375
0 0.4078125 0.5890625 0.0078125 0.009375
2 0.38125 0.6328125 0.0375 0.1171875
0 0.3859375 0.5859375 0.0171875 0.0171875
2 0.3625 0.6359375 0.0265625 0.1171875
0 0.3671875 0.584375 0.0171875 0.0109375
2 0.353125 0.61875 0.0328125 0.0921875
0 0.3484375 0.5828125 0.0109375 0.0109375
2 0.153125 0.6203125 0.028125 0.0765625
0 0.153125 0.590625 0.0109375 0.0125
2 0.121875 0.6140625 0.0265625 0.0859375
0 0.1265625 0.58125 0.009375 0.0140625
2 0.1 0.61875 0.0234375 0.084375
0 0.10625 0.5828125 0.0109375 0.0125