2 0.3375 0.2 0.015625 0.0375
0 0.3375 0.1875 0.0046875 0.00625
2 0.409375 0.2171875 0.0125 0.0359375
0 0.409375 0.2046875 0.0046875 0.0046875
2 0.41875 0.21875 0.0171875 0.040625
0 0.41875 0.2046875 0.0046875 0.00625
2 0.43125 0.2234375 0.015625 0.0390625
0 0.43125 0.209375 0.0046875 0.0078125
2 0.4375 0.2203125 0.0140625 0.034375
0 0.4375 0.2078125 0.0046875 0.0046875
2 0.45 0.2203125 0.0171875 0.034375
0 0.45 0.209375 0.0046875 0.00625
2 0.4546875 0.225 0.015625 0.040625
0 0.4546875 0.209375 0.00625 0.00625
2 0.465625 0.2328125 0.01875 0.0453125
0 0.465625 0.2140625 0.00625 0.00625
2 0.46875 0.2109375 0.01875 0.053125
0 0.4703125 0.190625 0.0046875 0.00625
2 0.4484375 0.271875 0.025 0.0578125
0 0.4484375 0.2484375 0.0078125 0.0109375
2 0.4734375 0.26875 0.021875 0.0546875
0 0.475 0.2484375 0.0078125 0.009375
2 0.440625 0.303125 0.0234375 0.0390625
0 0.4390625 0.2875 0.0078125 0.00625
2 0.49375 0.3015625 0.0234375 0.0375
0 0.490625 0.2890625 0.00625 0.00625
2 0.5296875 0.3 0.01875 0.046875
0 0.5296875 0.28125 0.00625 0.0078125
2 0.496875 0.321875 0.021875 0.034375
0 0.49375 0.309375 0.0078125 0.00625
2 0.4796875 0.3484375 0.03125 0.0734375
0 0.48125 0.3171875 0.009375 0.0078125
2 0.425 0.378125 0.028125 0.0703125
0 0.4296875 0.353125 0.009375 0.0109375
2 0.4484375 0.38125 0.028125 0.075
0 0.4515625 0.353125 0.009375 0.0140625
2 0.4765625 0.378125 0.0265625 0.071875
0 0.478125 0.35 0.009375 0.0109375
2 0.4984375 0.3609375 0.0296875 0.0703125
0 0.50625 0.3328125 0.009375 0.009375
2 0.5109375 0.3515625 0.0265625 0.06875
0 0.5109375 0.3234375 0.009375 0.009375
2 0.53125 0.353125 0.0296875 0.0640625
0 0.5328125 0.328125 0.009375 0.009375
2 0.3390625 0.4890625 0.0390625 0.1109375
0 0.3375 0.44375 0.0140625 0.0171875
2 0.3421875 0.4859375 0.0375 0.109375
0 0.3390625 0.44375 0.0140625 0.0171875
2 0.36875 0.49375 0.0375 0.1046875
0 0.3703125 0.45 0.0140625 0.0171875
2 0.3703125 0.509375 0.0453125 0.078125
0 0.3703125 0.4796875 0.0125 0.015625
2 0.375 0.4765625 0.0359375 0.0953125
0 0.38125 0.440625 0.015625 0.01875
2 0.403125 0.4890625 0.034375 0.1078125
0 0.403125 0.4453125 0.0140625 0.015625
2 0.3984375 0.496875 0.03125 0.0734375
0 0.4 0.46875 0.0109375 0.0140625
2 0.4140625 0.4625 0.034375 0.0890625
0 0.4125 0.428125 0.0140625 0.015625
2 0.4140625 0.4828125 0.0546875 0.1015625
0 0.4203125 0.440625 0.0125 0.015625
2 0.415625 0.496875 0.0546875 0.1015625
0 0.4234375 0.45625 0.0125 0.0171875
2 0.4515625 0.478125 0.0328125 0.1015625
0 0.4515625 0.4390625 0.0125 0.0171875
2 0.4671875 0.4828125 0.0359375 0.0890625
0 0.4671875 0.45 0.0140625 0.01875
2 0.528125 0.4625 0.0359375 0.09375
0 0.5296875 0.4234375 0.0125 0.0125
2 0.5359375 0.48125 0.0359375 0.103125
0 0.534375 0.4390625 0.0125 0.0125
2 0.496875 0.5171875 0.04375 0.1140625
0 0.5 0.471875 0.0140625 0.015625
2 0.5265625 0.5140625 0.0421875 0.115625
0 0.528125 0.465625 0.0125 0.0125
2 0.4609375 0.54375 0.0546875 0.1421875
0 0.4625 0.4859375 0.0171875 0.01875
2 0.4953125 0.5796875 0.0328125 0.0859375
0 0.496875 0.5453125 0.0140625 0.015625
2 0.378125 0.5625 0.040625 0.125
0 0.378125 0.5109375 0.015625 0.01875
2 0.396875 0.571875 0.04375 0.115625
0 0.4046875 0.5265625 0.0171875 0.01875
2 0.4171875 0.234375 0.015625 0.0359375
0 0.415625 0.2203125 0.0046875 0.0046875
2 0.425 0.2359375 0.0171875 0.0453125
0 0.421875 0.21875 0.00625 0.00625
2 0.4984375 0.53125 0.0421875 0.1234375
0 0.503125 0.48125 0.0140625 0.0171875