2 0.0375 0.35 0.034375 0.0734375
0 0.0328125 0.31875 0.0125 0.0109375
0 0.165625 0.34375 0.1765625 0.178125
2 0.309375 0.3796875 0.0734375 0.21875
0 0.296875 0.29375 0.025 0.0328125
2 0.3609375 0.3546875 0.0328125 0.0765625
0 0.3578125 0.328125 0.0109375 0.0109375
2 0.4484375 0.4375 0.2125 0.353125
0 0.45625 0.296875 0.040625 0.0484375
2 0.50625 0.48125 0.246875 0.5140625
0 0.525 0.2671875 0.0703125 0.0703125
2 0.6078125 0.39375 0.08125 0.2390625
0 0.6078125 0.3 0.03125 0.0359375
2 0.6671875 0.3515625 0.0234375 0.0578125
0 0.66875 0.3328125 0.00625 0.0078125
2 0.71875 0.36875 0.025 0.0625
0 0.721875 0.34375 0.0078125 0.009375
2 0.7171875 0.3578125 0.021875 0.0625
0 0.7203125 0.334375 0.00625 0.00625
2 0.7359375 0.375 0.0171875 0.04375
0 0.7359375 0.3609375 0.00625 0.00625
2 0.7546875 0.365625 0.0234375 0.0640625
0 0.7546875 0.3390625 0.00625 0.00625
2 0.775 0.365625 0.028125 0.034375
0 0.771875 0.3578125 0.009375 0.0109375
2 0.7984375 0.40625 0.14375 0.28125
0 0.8 0.2984375 0.0328125 0.046875
2 0.790625 0.53125 0.2609375 0.553125
0 0.85625 0.3046875 0.075 0.0890625
2 0.8875 0.3875 0.0609375 0.1890625
0 0.8953125 0.3171875 0.025 0.025
2 0.9328125 0.390625 0.059375 0.1890625
0 0.934375 0.31875 0.025 0.0296875