2 0.2109375 0.4046875 0.153125 0.2484375
0 0.1671875 0.3203125 0.05 0.0625
2 0.315625 0.3984375 0.2 0.2625
0 0.28125 0.3015625 0.0421875 0.05
2 0.253125 0.409375 0.1890625 0.284375
0 0.2171875 0.296875 0.0484375 0.0546875
2 0.0375 0.39375 0.075 0.25625
0 0.01875 0.29609375 0.0375 0.0609375
2 0.0328125 0.44609375 0.065625 0.3234375
0 0.0109375 0.321875 0.021875 0.053125
2 0.08125 0.4578125 0.1625 0.3390625
0 0.009375 0.31796875 0.01875 0.0515625
2 0.346875 0.540625 0.2484375 0.671875
0 0.3421875 0.265625 0.0703125 0.09375
2 0.5109375 0.653125 0.2015625 0.3890625
0 0.4953125 0.5109375 0.0625 0.084375
2 0.721875 0.509375 0.30625 0.734375
0 0.721875 0.228125 0.0796875 0.084375