2 0.19375 0.5890625 0.028125 0.0703125
0 0.1890625 0.559375 0.0078125 0.0078125
2 0.15625 0.6234375 0.0546875 0.175
0 0.15625 0.55 0.0171875 0.0203125
2 0.146875 0.6421875 0.0734375 0.221875
0 0.1453125 0.55 0.021875 0.0234375
2 0.1234375 0.6265625 0.053125 0.1703125
0 0.1171875 0.553125 0.0171875 0.01875
2 0.1015625 0.615625 0.05 0.13125
0 0.1046875 0.559375 0.015625 0.015625
2 0.075 0.646875 0.075 0.21875
0 0.0734375 0.5546875 0.021875 0.028125
2 0.01875 0.63125 0.0375 0.159375
0 0.0125 0.5609375 0.015625 0.015625
2 0.2109375 0.5859375 0.015625 0.0546875
0 0.2140625 0.5640625 0.00625 0.0078125