2 0.803125 0.66875 0.115625 0.3515625
0 0.78125 0.525 0.040625 0.0484375
2 0.71875 0.671875 0.11875 0.340625
0 0.7265625 0.53125 0.034375 0.046875
2 0.659375 0.653125 0.096875 0.3328125
0 0.653125 0.5125 0.034375 0.0484375
2 0.5859375 0.6484375 0.09375 0.321875
0 0.5859375 0.515625 0.034375 0.046875
2 0.503125 0.6421875 0.1015625 0.3296875
0 0.496875 0.5046875 0.034375 0.0453125
2 0.4296875 0.6546875 0.128125 0.3046875
0 0.4359375 0.528125 0.0328125 0.046875
2 0.3609375 0.653125 0.0921875 0.3140625
0 0.3640625 0.5234375 0.0375 0.046875
2 0.296875 0.6515625 0.0921875 0.3171875
0 0.2953125 0.521875 0.0390625 0.0484375
2 0.24375 0.6546875 0.103125 0.309375
0 0.240625 0.528125 0.040625 0.0453125
2 0.1671875 0.665625 0.1046875 0.346875
0 0.1671875 0.51875 0.040625 0.05
2 0.0703125 0.684375 0.1359375 0.371875
0 0.0875 0.5265625 0.0421875 0.046875
0 0.2578125 0.7203125 0.0515625 0.0609375
0 0.43125 0.66875 0.040625 0.053125
0 0.3859375 0.690625 0.046875 0.0609375
0 0.5125 0.65625 0.0484375 0.065625
2 0.5390625 0.575 0.096875 0.3109375
0 0.540625 0.44375 0.034375 0.040625
2 0.4484375 0.5625 0.096875 0.325
0 0.453125 0.425 0.034375 0.0421875
2 0.30625 0.578125 0.0953125 0.26875
0 0.3125 0.475 0.034375 0.05