0 0.2328125 0.4140625 0.0609375 0.0828125
0 0.4609375 0.4546875 0.078125 0.0828125
2 0.5390625 0.55625 0.090625 0.2875
0 0.5375 0.4328125 0.034375 0.0375
2 0.4703125 0.5421875 0.08125 0.2359375
0 0.4625 0.45 0.0390625 0.0375
2 0.603125 0.5328125 0.0796875 0.20625
0 0.5984375 0.446875 0.0265625 0.0328125
2 0.6390625 0.50625 0.04375 0.146875
0 0.6390625 0.446875 0.0203125 0.025
2 0.625 0.503125 0.0484375 0.1421875
0 0.6265625 0.4453125 0.01875 0.0234375
2 0.6609375 0.5328125 0.0890625 0.234375
0 0.6765625 0.4359375 0.0296875 0.0375
2 0.7078125 0.58125 0.1015625 0.3328125
0 0.7078125 0.4453125 0.034375 0.0421875
0 0.815625 0.4375 0.0671875 0.0890625
0 0.9765625 0.4359375 0.0390625 0.0484375
2 0.8546875 0.55 0.1 0.2546875
0 0.871875 0.4453125 0.034375 0.0390625
2 0.884375 0.4921875 0.040625 0.1140625
0 0.8859375 0.4484375 0.0140625 0.01875
2 0.734375 0.5015625 0.0453125 0.153125
0 0.74375 0.440625 0.0203125 0.0265625
2 0.7796875 0.546875 0.075 0.2390625
0 0.78125 0.4515625 0.0296875 0.0359375