2 0.31875 0.6046875 0.040625 0.10625
0 0.321875 0.5625 0.0171875 0.01875
2 0.2859375 0.6546875 0.065625 0.1890625
0 0.284375 0.5734375 0.021875 0.021875
2 0.334375 0.6796875 0.0828125 0.225
0 0.3328125 0.5890625 0.025 0.028125
2 0.409375 0.7375 0.121875 0.346875
0 0.41875 0.590625 0.034375 0.0484375
2 0.41875 0.684375 0.0984375 0.265625
0 0.4046875 0.571875 0.0265625 0.0359375
2 0.34375 0.5859375 0.0359375 0.0875
0 0.3390625 0.553125 0.0125 0.0140625
2 0.3515625 0.58125 0.028125 0.0671875
0 0.35 0.5546875 0.009375 0.009375
2 0.36875 0.5640625 0.0203125 0.0640625
0 0.365625 0.5375 0.0078125 0.009375
2 0.35625 0.565625 0.028125 0.065625
0 0.353125 0.540625 0.009375 0.009375
2 0.3234375 0.559375 0.028125 0.0671875
0 0.3234375 0.53125 0.0078125 0.009375
2 0.3046875 0.565625 0.0265625 0.065625
0 0.303125 0.540625 0.0078125 0.0078125
2 0.315625 0.5953125 0.0390625 0.084375
0 0.321875 0.5609375 0.015625 0.0140625
2 0.3296875 0.575 0.028125 0.06875
0 0.3296875 0.546875 0.009375 0.009375
2 0.3890625 0.56875 0.0203125 0.0625
0 0.3890625 0.5453125 0.0078125 0.009375
2 0.3984375 0.565625 0.025 0.065625
0 0.3984375 0.565625 0.025 0.065625
2 0.4078125 0.5609375 0.0265625 0.0578125
0 0.4078125 0.540625 0.0078125 0.0109375
2 0.43125 0.575 0.0359375 0.0796875
0 0.4296875 0.54375 0.0109375 0.0109375
2 0.421875 0.559375 0.0203125 0.0484375
0 0.421875 0.540625 0.00625 0.00625
2 0.475 0.5734375 0.0203125 0.0515625
0 0.478125 0.553125 0.00625 0.0078125