2 0.7578125 0.56875 0.059375 0.0921875
0 0.74375 0.5328125 0.015625 0.015625
2 0.790625 0.596875 0.0875 0.1734375
0 0.775 0.525 0.0203125 0.021875
2 0.5625 0.6 0.075 0.2046875
0 0.5640625 0.5140625 0.0203125 0.025
2 0.4921875 0.6171875 0.1046875 0.1875
0 0.5046875 0.5375 0.025 0.025
2 0.5109375 0.6 0.0625 0.178125
0 0.509375 0.5234375 0.01875 0.0203125
2 0.490625 0.584375 0.0421875 0.1203125
0 0.4953125 0.5359375 0.0140625 0.015625
2 0.5359375 0.584375 0.0390625 0.1359375
0 0.5359375 0.53125 0.0171875 0.0203125
2 0.5265625 0.54375 0.01875 0.0484375
0 0.525 0.5265625 0.0078125 0.0078125
2 0.440625 0.60625 0.06875 0.1703125
0 0.4296875 0.534375 0.01875 0.021875
2 0.45 0.5546875 0.0234375 0.05625
0 0.446875 0.5328125 0.0078125 0.009375
2 0.3578125 0.56875 0.0390625 0.0828125
0 0.3546875 0.5359375 0.0109375 0.0125