2 0.2484375 0.4203125 0.0609375 0.26875
0 0.2546875 0.3109375 0.0359375 0.0328125
2 0.3046875 0.425 0.06875 0.2953125
0 0.3078125 0.3078125 0.0359375 0.0375
2 0.3375 0.4375 0.0859375 0.328125
0 0.346875 0.3015625 0.0296875 0.034375
2 0.375 0.4578125 0.09375 0.3375
0 0.3859375 0.31875 0.04375 0.0421875
2 0.425 0.475 0.0890625 0.365625
0 0.4265625 0.3171875 0.03125 0.0390625
2 0.465625 0.490625 0.096875 0.4125
0 0.478125 0.3328125 0.046875 0.0515625
2 0.246875 0.3625 0.0515625 0.23125
0 0.24375 0.2671875 0.01875 0.028125
2 0.278125 0.403125 0.0859375 0.2515625
0 0.278125 0.290625 0.021875 0.028125
2 0.559375 0.428125 0.04375 0.1921875
0 0.5625 0.3453125 0.0296875 0.0328125
2 0.5890625 0.4171875 0.0546875 0.203125
0 0.5890625 0.3296875 0.021875 0.025
2 0.5984375 0.4078125 0.0484375 0.2109375
0 0.5953125 0.321875 0.0296875 0.03125
2 0.6125 0.3921875 0.05625 0.221875
0 0.609375 0.3 0.021875 0.03125
2 0.6421875 0.4171875 0.0625 0.209375
0 0.640625 0.3296875 0.0234375 0.028125
2 0.671875 0.4046875 0.0734375 0.2609375
0 0.678125 0.296875 0.028125 0.0296875
2 0.6953125 0.3890625 0.090625 0.2640625
0 0.6984375 0.2765625 0.0265625 0.0328125
2 0.70625 0.4265625 0.0890625 0.296875
0 0.721875 0.3078125 0.0328125 0.0390625
2 0.7375 0.3984375 0.0515625 0.234375
0 0.746875 0.3015625 0.0203125 0.03125
2 0.703125 0.4859375 0.1015625 0.4203125
0 0.7234375 0.3125 0.0453125 0.0484375
2 0.5328125 0.4515625 0.09375 0.3453125
0 0.509375 0.315625 0.05 0.0546875