2 0.1765625 0.578125 0.103125 0.125
0 0.1625 0.5375 0.0296875 0.0390625
2 0.215625 0.565625 0.0734375 0.121875
0 0.2015625 0.525 0.028125 0.034375
2 0.228125 0.5140625 0.059375 0.20625
0 0.2296875 0.428125 0.025 0.028125
2 0.26875 0.5015625 0.05625 0.178125
0 0.2734375 0.428125 0.025 0.028125
2 0.2484375 0.5703125 0.053125 0.1125
0 0.24375 0.5328125 0.028125 0.03125
2 0.2921875 0.559375 0.059375 0.10625
0 0.28125 0.5234375 0.025 0.0296875
2 0.2984375 0.58125 0.096875 0.1328125
0 0.3078125 0.5375 0.03125 0.0359375
2 0.3140625 0.5328125 0.065625 0.15
0 0.321875 0.4765625 0.0265625 0.03125
2 0.3484375 0.503125 0.0625 0.1640625
0 0.3484375 0.4375 0.0203125 0.0265625
2 0.35 0.5421875 0.0625 0.13125
0 0.35 0.49375 0.0234375 0.028125
2 0.378125 0.515625 0.05625 0.1390625
0 0.3796875 0.4625 0.0203125 0.025
2 0.4140625 0.51875 0.0640625 0.1453125
0 0.4171875 0.4625 0.021875 0.028125
2 0.4 0.5765625 0.096875 0.1296875
0 0.4 0.5296875 0.028125 0.0328125
2 0.3984375 0.565625 0.0984375 0.121875
0 0.4 0.5296875 0.028125 0.034375
2 0.459375 0.55625 0.0765625 0.1125
0 0.4640625 0.51875 0.025 0.0328125
2 0.440625 0.50625 0.0546875 0.13125
0 0.440625 0.4546875 0.021875 0.028125
2 0.471875 0.4984375 0.053125 0.1859375
0 0.4765625 0.425 0.0203125 0.0265625
2 0.5015625 0.540625 0.0625 0.1359375
0 0.4984375 0.4953125 0.021875 0.0296875
2 0.503125 0.496875 0.0546875 0.1640625
0 0.503125 0.4328125 0.021875 0.028125
2 0.521875 0.5703125 0.065625 0.1171875
0 0.528125 0.5296875 0.0234375 0.03125
2 0.55 0.565625 0.0859375 0.115625
0 0.553125 0.528125 0.025 0.028125
2 0.5484375 0.5078125 0.0625 0.1765625
0 0.5375 0.4359375 0.021875 0.0296875
2 0.6109375 0.575 0.0734375 0.10625
0 0.603125 0.540625 0.0265625 0.028125
2 0.609375 0.5296875 0.0703125 0.159375
0 0.590625 0.4703125 0.025 0.0296875
2 0.6 0.4984375 0.071875 0.1625
0 0.5796875 0.4375 0.025 0.028125
2 0.634375 0.49375 0.071875 0.1734375
0 0.6265625 0.428125 0.0234375 0.0296875
2 0.6546875 0.525 0.065625 0.1921875
0 0.6453125 0.4484375 0.028125 0.0328125
2 0.665625 0.5015625 0.0578125 0.19375
0 0.6640625 0.425 0.0234375 0.028125
2 0.6640625 0.5765625 0.071875 0.103125
0 0.653125 0.5453125 0.0234375 0.0328125
2 0.6765625 0.5921875 0.1453125 0.1296875
0 0.6890625 0.546875 0.028125 0.0328125
2 0.7484375 0.60625 0.084375 0.1359375
0 0.7296875 0.5578125 0.0328125 0.0328125
2 0.7078125 0.51875 0.0609375 0.178125
0 0.7015625 0.4484375 0.025 0.0296875
2 0.709375 0.5515625 0.065625 0.1625
0 0.7078125 0.4875 0.0234375 0.03125
2 0.7234375 0.5015625 0.0640625 0.146875
0 0.721875 0.44375 0.021875 0.0265625
2 0.75625 0.55625 0.096875 0.165625
0 0.75 0.49375 0.0265625 0.034375
2 0.7234375 0.5 0.059375 0.1421875
0 0.721875 0.44375 0.021875 0.0265625
2 0.7796875 0.5328125 0.075 0.2
0 0.765625 0.45 0.025 0.03125
2 0.81875 0.53125 0.071875 0.190625
0 0.8 0.4546875 0.025 0.0328125
2 0.565625 0.5265625 0.059375 0.1234375
0 0.5515625 0.4859375 0.0265625 0.034375
2 0.40625 0.4828125 0.053125 0.1703125
0 0.4078125 0.415625 0.025 0.0296875