2 0.0125 0.5421875 0.025 0.15625
0 0.00625 0.48359375 0.0125 0.0296875
2 0.059375 0.628125 0.11875 0.45
0 0.071875 0.4421875 0.0484375 0.0640625
2 0.121875 0.6609375 0.1234375 0.23125
0 0.1109375 0.5734375 0.034375 0.040625
0 0.1984375 0.475 0.0734375 0.0796875
2 0.3 0.6015625 0.09375 0.265625
0 0.2875 0.4875 0.0328125 0.03125
2 0.3109375 0.515625 0.0296875 0.078125
0 0.309375 0.490625 0.0109375 0.01875
2 0.3375 0.5125 0.0328125 0.0890625
0 0.3375 0.478125 0.0125 0.015625
2 0.35 0.5140625 0.040625 0.0890625
0 0.35625 0.48125 0.0125 0.0140625
2 0.3671875 0.6140625 0.0703125 0.1921875
0 0.3734375 0.553125 0.0203125 0.025
2 0.403125 0.5046875 0.0203125 0.0625
0 0.403125 0.4828125 0.0078125 0.009375
2 0.4265625 0.5265625 0.040625 0.1359375
0 0.421875 0.471875 0.01875 0.021875
2 0.440625 0.55625 0.0453125 0.1796875
0 0.434375 0.4828125 0.0234375 0.0296875
2 0.3875 0.5984375 0.0953125 0.25
0 0.371875 0.4921875 0.03125 0.034375
2 0.471875 0.596875 0.071875 0.2421875
0 0.4734375 0.4984375 0.03125 0.0390625
2 0.525 0.590625 0.103125 0.2765625
0 0.5265625 0.471875 0.028125 0.0359375
2 0.5625 0.5578125 0.0515625 0.15625
0 0.5640625 0.49375 0.0234375 0.0265625
2 0.5640625 0.534375 0.05 0.146875
0 0.5640625 0.4703125 0.0171875 0.0203125
2 0.625 0.6 0.1109375 0.2609375
0 0.609375 0.4921875 0.028125 0.0359375
2 0.6015625 0.6296875 0.1171875 0.296875
0 0.5953125 0.503125 0.034375 0.0375
2 0.63125 0.5234375 0.0421875 0.1234375
0 0.634375 0.4734375 0.015625 0.0203125
2 0.6328125 0.5328125 0.0390625 0.1171875
0 0.634375 0.490625 0.021875 0.0234375
2 0.6640625 0.5359375 0.046875 0.14375
0 0.6625 0.4796875 0.01875 0.021875
2 0.690625 0.5234375 0.0296875 0.08125
0 0.690625 0.490625 0.0109375 0.0109375
2 0.7125 0.50625 0.021875 0.0546875
0 0.715625 0.4828125 0.0109375 0.0109375
2 0.71875 0.51875 0.0359375 0.1109375
0 0.7171875 0.475 0.015625 0.015625
2 0.7265625 0.5578125 0.05 0.1078125
0 0.7265625 0.5125 0.0171875 0.0171875
2 0.7328125 0.553125 0.0421875 0.1015625
0 0.7390625 0.5140625 0.01875 0.021875
2 0.7828125 0.5921875 0.090625 0.31875
0 0.7671875 0.459375 0.0359375 0.046875
2 0.8515625 0.55625 0.1125 0.1484375
0 0.8328125 0.5046875 0.021875 0.0296875
2 0.86875 0.5703125 0.0765625 0.140625
0 0.8640625 0.51875 0.0234375 0.0265625
2 0.8578125 0.590625 0.1125 0.1390625
0 0.8703125 0.54375 0.0328125 0.0390625
2 0.86875 0.6 0.1078125 0.1609375
0 0.871875 0.54375 0.0296875 0.040625
2 0.93125 0.59375 0.0890625 0.1375
0 0.9234375 0.54375 0.0296875 0.03125
2 0.934375 0.5765625 0.0921875 0.1265625
0 0.9421875 0.5328125 0.0234375 0.0296875
2 0.965625 0.5328125 0.0546875 0.1625
0 0.9703125 0.46875 0.021875 0.028125
2 0.9375 0.659375 0.1234375 0.2265625
0 0.94375 0.5734375 0.0375 0.0484375
2 0.8921875 0.6796875 0.153125 0.259375
0 0.9109375 0.584375 0.0484375 0.059375
2 0.5140625 0.6140625 0.0984375 0.315625
0 0.5265625 0.48125 0.0359375 0.0484375