0 0.0640625 0.4984375 0.040625 0.028125
0 0.1015625 0.4890625 0.0515625 0.04375
0 0.1578125 0.4859375 0.0359375 0.0421875
0 0.1984375 0.46875 0.0359375 0.034375
0 0.2171875 0.45 0.0609375 0.0546875
0 0.271875 0.496875 0.0375 0.0375
0 0.3234375 0.5 0.0375 0.0296875
0 0.41875 0.4859375 0.0375 0.028125
0 0.4515625 0.490625 0.040625 0.028125
0 0.5265625 0.46875 0.04375 0.0328125
0 0.6109375 0.428125 0.0515625 0.0484375
0 0.6140625 0.484375 0.028125 0.0296875
0 0.6484375 0.471875 0.04375 0.034375
0 0.715625 0.4421875 0.0453125 0.028125
0 0.7609375 0.4375 0.05 0.0453125
0 0.7609375 0.4375 0.0265625 0.0296875
0 0.84375 0.40625 0.0671875 0.0515625
0 0.8359375 0.4296875 0.04375 0.046875
2 0.95625 0.5515625 0.0640625 0.0953125
0 0.940625 0.5171875 0.0234375 0.0234375
0 0.928125 0.4859375 0.021875 0.034375
2 0.9625 0.5703125 0.065625 0.1625
0 0.953125 0.5046875 0.025 0.025