2 0.3421875 0.5984375 0.0984375 0.2515625
0 0.340625 0.4921875 0.034375 0.034375
2 0.4203125 0.60625 0.109375 0.24375
0 0.4265625 0.503125 0.0296875 0.0375
2 0.4390625 0.58125 0.0703125 0.1859375
0 0.434375 0.5046875 0.0296875 0.034375
2 0.54375 0.603125 0.090625 0.2234375
0 0.5421875 0.5109375 0.0328125 0.034375
2 0.578125 0.584375 0.0546875 0.18125
0 0.5796875 0.5109375 0.0234375 0.0296875
2 0.6140625 0.5875 0.0515625 0.16875
0 0.6125 0.51875 0.0234375 0.0265625
2 0.6859375 0.5828125 0.0703125 0.1640625
0 0.696875 0.5140625 0.025 0.0265625
2 0.7359375 0.58125 0.04375 0.1296875
0 0.7375 0.53125 0.0234375 0.0265625
2 0.76875 0.5765625 0.0546875 0.16875
0 0.7671875 0.509375 0.0265625 0.03125
2 0.8546875 0.5546875 0.0359375 0.09375
0 0.8578125 0.5171875 0.0125 0.015625
2 0.896875 0.5671875 0.046875 0.11875
0 0.8984375 0.5171875 0.0140625 0.015625