2 0.95625 0.440625 0.028125 0.115625
0 0.9609375 0.3921875 0.01875 0.0171875
2 0.921875 0.4828125 0.0796875 0.2109375
0 0.9296875 0.390625 0.025 0.0265625
2 0.8390625 0.478125 0.06875 0.2125
0 0.834375 0.3859375 0.021875 0.0265625
2 0.6828125 0.53125 0.121875 0.3625
0 0.684375 0.378125 0.046875 0.053125
2 0.546875 0.4546875 0.0640625 0.203125
0 0.55 0.3703125 0.025 0.03125
0 0.578125 0.39375 0.05 0.0625
0 0.7421875 0.321875 0.071875 0.071875
2 0.490625 0.515625 0.1078125 0.3359375
0 0.4921875 0.371875 0.0375 0.05
2 0.453125 0.49375 0.084375 0.26875
0 0.4625 0.38125 0.034375 0.040625
2 0.3984375 0.4875 0.08125 0.278125
0 0.409375 0.3703125 0.034375 0.040625
2 0.2484375 0.4828125 0.1015625 0.265625
0 0.2484375 0.3765625 0.034375 0.040625
2 0.1 0.503125 0.121875 0.296875
0 0.0875 0.38125 0.046875 0.046875
2 0.3 0.5484375 0.14375 0.446875
0 0.28125 0.3609375 0.05625 0.0671875
0 0.35 0.38125 0.08125 0.103125
0 0.146875 0.38125 0.059375 0.06875