2 0.4203125 0.553125 0.2984375 0.490625
0 0.409375 0.3546875 0.0578125 0.078125
2 0.3296875 0.55 0.20625 0.48125
0 0.371875 0.35 0.046875 0.071875
2 0.53125 0.5703125 0.18125 0.453125
0 0.5078125 0.3828125 0.059375 0.06875
2 0.4171875 0.5203125 0.2828125 0.528125
0 0.4609375 0.290625 0.0578125 0.0578125
2 0.571875 0.5703125 0.121875 0.415625
0 0.5609375 0.3921875 0.0484375 0.0515625
2 0.6125 0.575 0.1140625 0.4015625
0 0.615625 0.4046875 0.04375 0.0546875
2 0.65625 0.5828125 0.103125 0.3796875
0 0.6578125 0.421875 0.0421875 0.05625
2 0.7265625 0.5671875 0.1234375 0.425
0 0.728125 0.390625 0.0484375 0.0625
2 0.8328125 0.584375 0.1375 0.3953125
0 0.821875 0.415625 0.0453125 0.0578125
2 0.8 0.5640625 0.103125 0.3390625
0 0.79375 0.4265625 0.0359375 0.05625
2 0.821875 0.5703125 0.121875 0.4015625
0 0.828125 0.4015625 0.04375 0.053125