0 0.9203125 0.6265625 0.025 0.0296875
2 0.03125 0.6875 0.0625 0.1484375
0 0.04375 0.628125 0.0203125 0.0203125
2 0.125 0.6890625 0.0546875 0.1203125
0 0.1328125 0.6375 0.015625 0.015625
2 0.284375 0.684375 0.0453125 0.1390625
0 0.290625 0.6265625 0.015625 0.015625
2 0.3234375 0.6859375 0.04375 0.1234375
0 0.321875 0.634375 0.0140625 0.0140625
2 0.371875 0.6859375 0.053125 0.1421875
0 0.3828125 0.625 0.0140625 0.0171875
2 0.428125 0.690625 0.0421875 0.13125
0 0.4234375 0.634375 0.015625 0.0171875
2 0.59375 0.6515625 0.0125 0.0359375
0 0.5953125 0.6390625 0.00625 0.00625
2 0.5890625 0.6421875 0.0125 0.0359375
0 0.590625 0.628125 0.00625 0.00625
2 0.55625 0.6390625 0.0125 0.0359375
0 0.5578125 0.6265625 0.0046875 0.00625
2 0.546875 0.64375 0.015625 0.04375
0 0.5453125 0.625 0.00625 0.00625
2 0.5125 0.640625 0.015625 0.040625
0 0.5125 0.625 0.00625 0.00625
2 0.503125 0.6390625 0.0125 0.040625
0 0.503125 0.621875 0.00625 0.00625
2 0.4875 0.640625 0.0140625 0.040625
0 0.4875 0.625 0.00625 0.0046875
2 0.7703125 0.7 0.06875 0.1625
0 0.7625 0.6328125 0.0171875 0.0171875