2 0.45625 0.803125 0.1078125 0.2859375
0 0.4609375 0.6828125 0.03125 0.040625
2 0.546875 0.8109375 0.1171875 0.278125
0 0.5453125 0.6921875 0.03125 0.0375
2 0.5953125 0.7703125 0.0640625 0.1765625
0 0.5921875 0.7 0.0171875 0.025
2 0.565625 0.70625 0.01875 0.0796875
0 0.5671875 0.6734375 0.009375 0.0109375
2 0.63125 0.7 0.0140625 0.0484375
0 0.6296875 0.6796875 0.00625 0.00625
2 0.6375 0.7265625 0.040625 0.1140625
0 0.640625 0.68125 0.0140625 0.01875
2 0.653125 0.7234375 0.0265625 0.096875
0 0.653125 0.6828125 0.0125 0.0140625
2 0.6640625 0.71875 0.01875 0.08125
0 0.6625 0.6859375 0.009375 0.0125
2 0.6765625 0.7296875 0.0390625 0.109375
0 0.678125 0.6828125 0.0125 0.015625
2 0.7375 0.7390625 0.040625 0.1203125
0 0.7390625 0.6875 0.0125 0.015625
2 0.7078125 0.7234375 0.0265625 0.08125
0 0.709375 0.690625 0.0109375 0.0125
2 0.2 0.7046875 0.0234375 0.078125
0 0.196875 0.6734375 0.0125 0.0125
2 0.225 0.696875 0.0234375 0.0515625
0 0.228125 0.6796875 0.009375 0.0125
2 0.24375 0.6953125 0.0171875 0.0484375
0 0.24375 0.678125 0.009375 0.0125
2 0.25 0.690625 0.01875 0.053125
0 0.2484375 0.671875 0.0078125 0.009375
2 0.26875 0.6875 0.0171875 0.05
0 0.2703125 0.66875 0.00625 0.009375
2 0.2796875 0.6875 0.0203125 0.05
0 0.2796875 0.66875 0.009375 0.009375
2 0.2953125 0.6921875 0.021875 0.05
0 0.2953125 0.6734375 0.009375 0.009375
2 0.309375 0.6875 0.01875 0.05625
0 0.3078125 0.665625 0.009375 0.009375
2 0.3140625 0.690625 0.021875 0.053125
0 0.3171875 0.6703125 0.0078125 0.009375
2 0.3203125 0.690625 0.025 0.0515625
0 0.328125 0.671875 0.009375 0.009375
2 0.33125 0.690625 0.0171875 0.05
0 0.3359375 0.6734375 0.0078125 0.009375
2 0.34375 0.690625 0.0140625 0.0421875
0 0.34375 0.675 0.0078125 0.0078125
2 0.3515625 0.6953125 0.0203125 0.0484375
0 0.3484375 0.6765625 0.009375 0.009375
2 0.36875 0.69375 0.021875 0.0546875
0 0.3703125 0.671875 0.0078125 0.009375