2 0.05625 0.3203125 0.046875 0.1140625
0 0.059375 0.2734375 0.015625 0.0171875
2 0.0984375 0.3375 0.0515625 0.115625
0 0.1015625 0.2953125 0.0171875 0.0203125
2 0.14375 0.3375 0.040625 0.1125
0 0.1484375 0.2921875 0.0171875 0.01875
2 0.1984375 0.3421875 0.0453125 0.1296875
0 0.2 0.290625 0.0140625 0.0171875
2 0.246875 0.371875 0.0484375 0.1390625
0 0.253125 0.3171875 0.0171875 0.0203125
2 0.3140625 0.375 0.0515625 0.1375
0 0.3203125 0.3203125 0.0171875 0.01875
2 0.3703125 0.396875 0.05625 0.1453125
0 0.3671875 0.3421875 0.0171875 0.01875
2 0.3703125 0.4234375 0.06875 0.1734375
0 0.375 0.353125 0.0203125 0.0234375
2 0.4046875 0.4671875 0.0765625 0.184375
0 0.4125 0.3921875 0.0234375 0.0296875
2 0.459375 0.41875 0.0671875 0.1453125
0 0.453125 0.3625 0.0203125 0.0265625
2 0.44375 0.48125 0.071875 0.19375
0 0.4453125 0.4 0.0234375 0.0296875
2 0.490625 0.446875 0.0640625 0.1765625
0 0.5 0.3765625 0.021875 0.025
2 0.5125 0.4765625 0.0703125 0.1765625
0 0.521875 0.4078125 0.021875 0.0265625
2 0.5453125 0.4796875 0.0765625 0.2
0 0.5484375 0.3984375 0.021875 0.0265625
2 0.571875 0.4671875 0.0734375 0.1703125
0 0.5640625 0.3953125 0.0234375 0.025
2 0.55 0.43125 0.0515625 0.15
0 0.5546875 0.3703125 0.0203125 0.0234375
2 0.5890625 0.446875 0.0578125 0.1609375
0 0.5859375 0.378125 0.0203125 0.021875
2 0.65 0.4609375 0.0546875 0.1609375
0 0.653125 0.396875 0.0203125 0.0265625
2 0.640625 0.4828125 0.0765625 0.2
0 0.640625 0.403125 0.0265625 0.0265625
2 0.73125 0.4859375 0.0578125 0.1828125
0 0.7359375 0.4109375 0.0234375 0.025
2 0.7984375 0.475 0.0703125 0.196875
0 0.8046875 0.396875 0.0203125 0.0265625
2 0.89375 0.253125 0.028125 0.0515625
0 0.8921875 0.2359375 0.0109375 0.0125