2 0.121875 0.5015625 0.24375 0.55
0 0.11875 0.2734375 0.075 0.0796875
2 0.053125 0.496875 0.10625 0.3828125
0 0.0484375 0.3375 0.0453125 0.0515625
2 0.2546875 0.5 0.21875 0.4625
0 0.2578125 0.3 0.05 0.053125
2 0.3171875 0.4703125 0.1109375 0.359375
0 0.3296875 0.31875 0.0359375 0.0453125
2 0.2296875 0.509375 0.0953125 0.30625
0 0.23125 0.3859375 0.0390625 0.046875
2 0.203125 0.4453125 0.109375 0.3359375
0 0.240625 0.30625 0.03125 0.046875
2 0.2453125 0.4546875 0.096875 0.3734375
0 0.259375 0.3015625 0.0515625 0.0546875
2 0.3796875 0.478125 0.13125 0.4171875
0 0.3640625 0.30625 0.05 0.05625
2 0.1734375 0.3984375 0.065625 0.215625
0 0.1828125 0.315625 0.0234375 0.034375
2 0.190625 0.3609375 0.0671875 0.209375
0 0.1890625 0.2796875 0.0296875 0.0328125
2 0.4078125 0.4296875 0.0921875 0.3671875
0 0.40625 0.28125 0.0453125 0.05
2 0.45625 0.453125 0.2046875 0.4078125
0 0.4984375 0.284375 0.0578125 0.0625
2 0.459375 0.44375 0.1140625 0.3796875
0 0.475 0.2859375 0.040625 0.0484375
2 0.5671875 0.5109375 0.240625 0.421875
0 0.5859375 0.3375 0.0578125 0.059375
2 0.559375 0.4390625 0.103125 0.365625
0 0.5671875 0.2875 0.0484375 0.0484375
2 0.584375 0.4265625 0.078125 0.3359375
0 0.5953125 0.2890625 0.040625 0.0546875
2 0.6453125 0.471875 0.2390625 0.4265625
0 0.6640625 0.2984375 0.0625 0.0609375
2 0.6953125 0.46875 0.115625 0.3984375
0 0.71875 0.3015625 0.0515625 0.05625
2 0.7546875 0.4625 0.096875 0.3375
0 0.7625 0.325 0.0390625 0.0484375
2 0.7875 0.4328125 0.0765625 0.30625
0 0.790625 0.3125 0.0421875 0.05
2 0.6421875 0.2953125 0.0390625 0.14375
0 0.64375 0.2390625 0.0203125 0.0234375
2 0.6984375 0.2984375 0.04375 0.134375
0 0.696875 0.246875 0.015625 0.01875
2 0.8 0.4703125 0.1796875 0.4546875
0 0.8265625 0.2796875 0.0515625 0.0578125
2 0.89375 0.471875 0.159375 0.490625
0 0.9125 0.26875 0.0609375 0.071875
0 0.9625 0.3265625 0.059375 0.0578125
0 0.9671875 0.278125 0.05 0.053125
2 0.2828125 0.475 0.1046875 0.378125
0 0.303125 0.3046875 0.05625 0.0640625