2 0.025 0.434375 0.01875 0.05
0 0.021875 0.4140625 0.00625 0.00625
2 0.0125 0.446875 0.0234375 0.06875
0 0.0125 0.4203125 0.0109375 0.0109375
2 0.05625 0.4875 0.0640625 0.1296875
0 0.059375 0.434375 0.01875 0.01875
2 0.05625 0.478125 0.0609375 0.13125
0 0.053125 0.4234375 0.015625 0.0171875
2 0.1359375 0.4875 0.0484375 0.1796875
0 0.1296875 0.4109375 0.021875 0.025
2 0.190625 0.475 0.0390625 0.109375
0 0.190625 0.434375 0.01875 0.01875
2 0.3296875 0.4734375 0.0421875 0.1109375
0 0.328125 0.4265625 0.015625 0.015625
0 0.9828125 0.45 0.03125 0.03125
0 0.925 0.46875 0.0453125 0.05
2 0.83125 0.5890625 0.121875 0.3828125
0 0.84375 0.425 0.04375 0.0546875
2 0.7515625 0.5609375 0.115625 0.3359375
0 0.7609375 0.4203125 0.0421875 0.0484375
2 0.7125 0.6 0.090625 0.3125
0 0.71875 0.4703125 0.0390625 0.046875
2 0.6359375 0.590625 0.125 0.39375
0 0.6234375 0.4265625 0.04375 0.059375
2 0.578125 0.6109375 0.1109375 0.3453125
0 0.55625 0.4640625 0.046875 0.05
2 0.49375 0.5765625 0.1203125 0.3625
0 0.4921875 0.4234375 0.0421875 0.0515625
2 0.471875 0.6609375 0.14375 0.3421875
0 0.503125 0.5265625 0.053125 0.0609375
2 0.4046875 0.590625 0.1046875 0.3859375
0 0.4046875 0.428125 0.0421875 0.05625
2 0.3578125 0.5953125 0.096875 0.3390625
0 0.3515625 0.45625 0.040625 0.05
2 0.284375 0.6125 0.1171875 0.3765625
0 0.284375 0.459375 0.04375 0.05625
2 0.25625 0.58125 0.121875 0.371875
0 0.2421875 0.425 0.04375 0.05625
2 0.171875 0.615625 0.10625 0.38125
0 0.1625 0.45625 0.0484375 0.053125
2 0.071875 0.6140625 0.128125 0.375
0 0.10625 0.45625 0.046875 0.05625
2 0.828125 0.5765625 0.08125 0.253125
0 0.8453125 0.4640625 0.0296875 0.025