2 0.471875 0.50625 0.5265625 0.940625
0 0.46875 0.1078125 0.10625 0.140625
2 0.078125 0.45625 0.1546875 0.840625
0 0.0796875 0.10625 0.096875 0.128125
2 0.121875 0.48125 0.2421875 0.865625
0 0.171875 0.1203125 0.09375 0.128125
2 0.19375 0.5 0.3109375 0.9
0 0.2734375 0.121875 0.0953125 0.1328125
2 0.29375 0.5015625 0.340625 0.8921875
0 0.3703125 0.125 0.096875 0.13125
2 0.6296875 0.5015625 0.353125 0.903125
0 0.56875 0.11875 0.1015625 0.13125
2 0.7515625 0.5125 0.3421875 0.9203125
0 0.678125 0.1234375 0.0984375 0.128125
0 0.7734375 0.109375 0.096875 0.13125
0 0.865625 0.10625 0.096875 0.1390625
0 0.93125 0.096875 0.0859375 0.128125