0 0.9375 0.3578125 0.078125 0.084375
0 0.9140625 0.3140625 0.0625 0.075
2 0.859375 0.5671875 0.1109375 0.290625
0 0.8609375 0.453125 0.0390625 0.046875
2 0.75 0.5671875 0.1984375 0.484375
0 0.7625 0.384375 0.0515625 0.059375
2 0.6359375 0.5390625 0.140625 0.4859375
0 0.634375 0.3546875 0.046875 0.059375
0 0.653125 0.5328125 0.0734375 0.06875
2 0.69375 0.45 0.08125 0.29375
0 0.690625 0.3375 0.028125 0.0328125
2 0.740625 0.465625 0.1140625 0.346875
0 0.7328125 0.35 0.0375 0.04375
0 0.4828125 0.3421875 0.05 0.065625
0 0.35625 0.525 0.0515625 0.053125
0 0.2234375 0.4359375 0.078125 0.075
2 0.075 0.4890625 0.15 0.36875
0 0.075 0.334375 0.040625 0.0484375
2 0.165625 0.5015625 0.1359375 0.3875
0 0.1828125 0.3546875 0.053125 0.05
2 0.03125 0.4359375 0.0625 0.278125
0 0.015625 0.3203125 0.0296875 0.04375
2 0.046875 0.403125 0.059375 0.25
0 0.053125 0.3046875 0.0328125 0.040625
2 0.015625 0.3140625 0.03125 0.1015625
0 0.009375 0.278125 0.01875 0.025
2 0.0328125 0.3609375 0.046875 0.1875
0 0.034375 0.2875 0.03125 0.0375
2 0.0859375 0.2796875 0.040625 0.10625
0 0.090625 0.24375 0.0234375 0.028125
2 0.0703125 0.353125 0.046875 0.1453125
0 0.08125 0.2984375 0.028125 0.0265625
2 0.0875 0.39375 0.0546875 0.1875
0 0.09375 0.3234375 0.028125 0.040625
2 0.1046875 0.365625 0.053125 0.19375
0 0.1125 0.2890625 0.0328125 0.03125
2 0.115625 0.359375 0.0515625 0.2
0 0.1203125 0.2875 0.03125 0.040625
2 0.1375 0.390625 0.06875 0.2203125
0 0.15 0.30625 0.034375 0.040625
2 0.1859375 0.409375 0.0625 0.228125
0 0.190625 0.31875 0.0375 0.040625
2 0.16875 0.3984375 0.0515625 0.228125
0 0.175 0.3078125 0.025 0.03125
2 0.215625 0.4046875 0.059375 0.1875
0 0.228125 0.3375 0.0296875 0.0390625
2 0.265625 0.415625 0.06875 0.2109375
0 0.2765625 0.3328125 0.0375 0.0375
2 0.3171875 0.4625 0.09375 0.29375
0 0.3140625 0.35 0.034375 0.0375
2 0.259375 0.290625 0.0546875 0.15
0 0.2609375 0.246875 0.03125 0.034375
2 0.3015625 0.3046875 0.053125 0.146875
0 0.3125 0.253125 0.028125 0.034375
2 0.3109375 0.4078125 0.06875 0.2625
0 0.321875 0.3 0.028125 0.0328125
2 0.3875 0.4296875 0.071875 0.246875
0 0.390625 0.3296875 0.0359375 0.040625
2 0.409375 0.465625 0.0984375 0.2953125
0 0.4125 0.3703125 0.040625 0.04375
2 0.40625 0.328125 0.046875 0.1203125
0 0.4109375 0.29375 0.025 0.025
2 0.584375 0.44375 0.090625 0.3
0 0.5859375 0.34375 0.0421875 0.046875
2 0.775 0.3140625 0.0546875 0.121875
0 0.775 0.2703125 0.025 0.021875