0 0.0140625 0.559375 0.028125 0.071875
0 0.246875 0.5984375 0.121875 0.109375
0 0.334375 0.5984375 0.0734375 0.0890625
0 0.48125 0.553125 0.046875 0.05625
0 0.35 0.5359375 0.05 0.0609375
2 0.3125 0.590625 0.103125 0.3140625
0 0.3171875 0.4625 0.0375 0.0453125
2 0.41875 0.5609375 0.084375 0.3015625
0 0.4140625 0.440625 0.040625 0.053125
2 0.5265625 0.6140625 0.15625 0.340625
0 0.5125 0.471875 0.04375 0.0421875
2 0.359375 0.51875 0.1015625 0.290625
0 0.35625 0.4 0.0359375 0.04375
2 0.3671875 0.446875 0.09375 0.2859375
0 0.359375 0.33125 0.0296875 0.0390625
2 0.4484375 0.4640625 0.1125 0.28125
0 0.4578125 0.34375 0.03125 0.0375
2 0.4890625 0.4375 0.075 0.24375
0 0.4703125 0.3390625 0.028125 0.034375
2 0.546875 0.5 0.1171875 0.2671875
0 0.5390625 0.390625 0.034375 0.0375
2 0.5546875 0.4765625 0.084375 0.25
0 0.5484375 0.3734375 0.0375 0.0375
2 0.5609375 0.4390625 0.0921875 0.25625
0 0.55625 0.328125 0.025 0.0203125
2 0.65 0.4484375 0.1109375 0.2625
0 0.6328125 0.3390625 0.03125 0.0375
2 0.640625 0.528125 0.1125 0.31875
0 0.634375 0.39375 0.034375 0.0390625
2 0.69375 0.60625 0.1375 0.3578125
0 0.68125 0.4515625 0.040625 0.0390625
2 0.95 0.4640625 0.09375 0.290625
0 0.925 0.340625 0.034375 0.0390625
2 0.803125 0.4234375 0.0703125 0.246875
0 0.790625 0.325 0.03125 0.040625
2 0.828125 0.4171875 0.09375 0.2546875
0 0.8203125 0.3140625 0.028125 0.040625
2 0.7890625 0.5515625 0.10625 0.35
0 0.78125 0.409375 0.046875 0.0515625
0 0.946875 0.4171875 0.0421875 0.05
0 0.8125 0.4859375 0.05625 0.06875
0 0.8484375 0.459375 0.0625 0.075