2 0.2109375 0.4703125 0.075 0.215625
0 0.215625 0.384375 0.0234375 0.028125
2 0.503125 0.4890625 0.0640625 0.2046875
0 0.49375 0.4046875 0.021875 0.025
2 0.5125 0.484375 0.053125 0.196875
0 0.50625 0.403125 0.021875 0.0234375
0 0.821875 0.4046875 0.0234375 0.0296875
2 0.734375 0.509375 0.1078125 0.3109375
0 0.7453125 0.38125 0.0359375 0.0453125
2 0.6328125 0.553125 0.2203125 0.6640625
0 0.6203125 0.2796875 0.071875 0.08125
2 0.4140625 0.559375 0.2375 0.640625
0 0.4046875 0.2921875 0.078125 0.096875