2 0.759375 0.534375 0.1015625 0.26875
0 0.7734375 0.4234375 0.040625 0.040625
2 0.64375 0.5453125 0.1203125 0.3
0 0.640625 0.4171875 0.034375 0.03125
2 0.6265625 0.4796875 0.059375 0.1640625
0 0.6234375 0.415625 0.0171875 0.01875
2 0.5625 0.490625 0.08125 0.209375
0 0.56875 0.403125 0.025 0.0296875
2 0.575 0.475 0.0546875 0.1515625
0 0.575 0.4171875 0.01875 0.0234375
2 0.4890625 0.484375 0.071875 0.15
0 0.4953125 0.4234375 0.01875 0.0203125
2 0.4109375 0.503125 0.103125 0.2234375
0 0.4328125 0.4078125 0.0265625 0.0296875
2 0.403125 0.4765625 0.0765625 0.2
0 0.4046875 0.3921875 0.0234375 0.025
2 0.35625 0.4515625 0.0390625 0.1046875
0 0.3640625 0.409375 0.0109375 0.0109375
2 0.3203125 0.43125 0.0234375 0.0609375
0 0.31875 0.40625 0.0078125 0.00625
2 0.365625 0.4375 0.028125 0.08125
0 0.36875 0.4046875 0.0078125 0.009375
2 0.3453125 0.440625 0.0296875 0.0828125
0 0.353125 0.4078125 0.0109375 0.0109375
2 0.4921875 0.4578125 0.04375 0.1171875
0 0.490625 0.4109375 0.0140625 0.0171875
2 0.4765625 0.446875 0.0296875 0.0890625
0 0.4765625 0.4109375 0.0125 0.0125
2 0.4640625 0.4375 0.028125 0.0703125
0 0.4625 0.4109375 0.0078125 0.009375
2 0.521875 0.453125 0.03125 0.0796875
0 0.521875 0.4203125 0.0109375 0.009375
2 0.3328125 0.4265625 0.0140625 0.040625
0 0.334375 0.4125 0.0046875 0.0046875