2 0.0484375 0.478125 0.028125 0.065625
0 0.0484375 0.4515625 0.0078125 0.0078125
2 0.1921875 0.4765625 0.021875 0.0640625
0 0.1953125 0.453125 0.009375 0.0078125
2 0.2015625 0.4875 0.0328125 0.090625
0 0.2046875 0.45 0.0125 0.0140625
2 0.246875 0.4796875 0.0265625 0.0703125
0 0.2484375 0.4546875 0.0078125 0.009375
2 0.265625 0.4796875 0.025 0.071875
0 0.2703125 0.4484375 0.009375 0.0109375
2 0.2859375 0.4765625 0.0171875 0.046875
0 0.2859375 0.4578125 0.00625 0.00625
2 0.3140625 0.50625 0.0375 0.109375
0 0.325 0.4609375 0.015625 0.0171875
2 0.33125 0.48125 0.01875 0.0640625
0 0.3328125 0.45625 0.0078125 0.009375
2 0.34375 0.5765625 0.0890625 0.278125
0 0.353125 0.4546875 0.0359375 0.034375
2 0.478125 0.559375 0.096875 0.2109375
0 0.4828125 0.471875 0.0265625 0.0296875
2 0.559375 0.546875 0.0546875 0.1765625
0 0.553125 0.475 0.0234375 0.0265625
2 0.603125 0.5546875 0.1 0.253125
0 0.6046875 0.446875 0.03125 0.034375
2 0.6359375 0.55 0.0625 0.2
0 0.6453125 0.465625 0.0265625 0.025
2 0.690625 0.5703125 0.1015625 0.240625
0 0.6890625 0.4671875 0.0265625 0.03125
2 0.70625 0.5515625 0.075 0.196875
0 0.7078125 0.4671875 0.0234375 0.021875