2 0.3484375 0.834375 0.0390625 0.1421875
0 0.3515625 0.775 0.0140625 0.01875
2 0.38125 0.8328125 0.0328125 0.1375
0 0.384375 0.7796875 0.0171875 0.0203125
2 0.390625 0.8328125 0.0390625 0.1359375
0 0.3953125 0.7765625 0.0203125 0.0234375
2 0.4015625 0.8296875 0.05 0.1453125
0 0.4109375 0.76875 0.01875 0.0203125
2 0.41875 0.840625 0.0546875 0.16875
0 0.4234375 0.7703125 0.01875 0.0234375
2 0.4671875 0.8328125 0.046875 0.14375
0 0.4640625 0.7734375 0.0171875 0.0203125
2 0.5046875 0.828125 0.0421875 0.15
0 0.5015625 0.765625 0.01875 0.0203125
2 0.5453125 0.834375 0.05 0.1453125
0 0.540625 0.7734375 0.015625 0.015625
2 0.575 0.8328125 0.0453125 0.1421875
0 0.5765625 0.771875 0.015625 0.0171875
2 0.58125 0.83125 0.040625 0.1375
0 0.5828125 0.7734375 0.0125 0.0203125
2 0.6328125 0.8296875 0.0578125 0.15
0 0.63125 0.76875 0.0171875 0.0234375
2 0.6640625 0.8140625 0.01875 0.059375
0 0.6640625 0.790625 0.009375 0.009375