2 0.096875 0.5234375 0.1921875 0.596875
0 0.090625 0.2703125 0.0640625 0.078125
2 0.1703125 0.496875 0.340625 0.665625
0 0.1859375 0.2125 0.0765625 0.096875
0 0.3359375 0.2703125 0.06875 0.1015625
2 0.4375 0.53125 0.396875 0.653125
0 0.4109375 0.2546875 0.0703125 0.096875
2 0.6421875 0.4890625 0.34375 0.61875
0 0.628125 0.2359375 0.0703125 0.0984375
2 0.5640625 0.5296875 0.215625 0.6015625
0 0.5359375 0.2765625 0.0671875 0.0796875
2 0.58125 0.45625 0.19375 0.1921875
0 0.64375 0.3890625 0.0671875 0.0546875
2 0.7546875 0.53125 0.2765625 0.575
0 0.734375 0.2921875 0.0671875 0.0828125
0 0.8828125 0.2109375 0.08125 0.1109375