2 0.290625 0.684375 0.071875 0.2125
0 0.2921875 0.5953125 0.0265625 0.03125
2 0.375 0.6796875 0.078125 0.2296875
0 0.375 0.58125 0.0234375 0.028125
2 0.290625 0.6203125 0.0640625 0.1453125
0 0.2875 0.5640625 0.015625 0.015625
2 0.2984375 0.540625 0.021875 0.0546875
0 0.3 0.51875 0.00625 0.00625
2 0.3265625 0.54375 0.0203125 0.0546875
0 0.3234375 0.521875 0.009375 0.0078125
2 0.3546875 0.5234375 0.015625 0.040625
0 0.35625 0.509375 0.00625 0.00625
2 0.36875 0.5171875 0.015625 0.03125
0 0.3671875 0.50625 0.0046875 0.00625