0 0.946875 0.5015625 0.0296875 0.034375
2 0.93125 0.596875 0.1203125 0.24375
0 0.9109375 0.503125 0.03125 0.0359375
2 0.871875 0.5546875 0.05625 0.1375
0 0.875 0.4953125 0.01875 0.01875
2 0.8203125 0.55 0.040625 0.0890625
0 0.8171875 0.515625 0.015625 0.0140625
2 0.8046875 0.546875 0.040625 0.084375
0 0.8 0.5125 0.0125 0.0125
2 0.7703125 0.540625 0.0375 0.084375
0 0.76875 0.5046875 0.0125 0.0109375
2 0.7203125 0.54375 0.040625 0.128125
0 0.71875 0.4921875 0.015625 0.01875
2 0.7125 0.540625 0.028125 0.0921875
0 0.715625 0.5046875 0.0125 0.0125
2 0.7359375 0.5609375 0.05625 0.14375
0 0.7390625 0.503125 0.01875 0.021875
2 0.6890625 0.546875 0.03125 0.109375
0 0.6859375 0.5015625 0.0125 0.0125
2 0.6765625 0.5640625 0.096875 0.18125
0 0.6703125 0.4875 0.025 0.0265625
2 0.6109375 0.5453125 0.040625 0.078125
0 0.6125 0.5125 0.0109375 0.009375
2 0.565625 0.5421875 0.025 0.0984375
0 0.571875 0.5015625 0.0125 0.0125
2 0.5765625 0.5546875 0.04375 0.115625
0 0.5875 0.509375 0.0171875 0.0203125
2 0.54375 0.55 0.03125 0.0953125
0 0.55 0.5109375 0.0125 0.0125
2 0.5265625 0.540625 0.034375 0.0734375
0 0.5265625 0.5125 0.009375 0.009375
2 0.50625 0.5625 0.1 0.203125
0 0.509375 0.4796875 0.025 0.03125
2 0.46875 0.5421875 0.0328125 0.0859375
0 0.4734375 0.50625 0.009375 0.009375
2 0.4609375 0.5359375 0.03125 0.084375
0 0.4671875 0.5 0.0125 0.0125
2 0.4125 0.5484375 0.065625 0.13125
0 0.4234375 0.490625 0.0171875 0.0171875
2 0.28125 0.5515625 0.0734375 0.159375
0 0.284375 0.4875 0.01875 0.0234375
2 0.278125 0.584375 0.128125 0.2609375
0 0.3109375 0.4734375 0.0375 0.034375
2 0.328125 0.590625 0.15625 0.303125
0 0.36875 0.465625 0.046875 0.04375
2 0.23125 0.565625 0.075 0.203125
0 0.2375 0.48125 0.028125 0.028125
2 0.178125 0.5609375 0.121875 0.196875
0 0.21875 0.4796875 0.0265625 0.03125
2 0.115625 0.534375 0.034375 0.0953125
0 0.115625 0.496875 0.01875 0.0171875
2 0.0875 0.534375 0.040625 0.084375
0 0.09375 0.5015625 0.015625 0.015625
2 0.0421875 0.5390625 0.0703125 0.125
0 0.053125 0.4875 0.01875 0.01875