2 0.871875 0.6578125 0.103125 0.265625
0 0.8828125 0.546875 0.0328125 0.034375
2 0.8546875 0.6140625 0.0484375 0.1375
0 0.85 0.5640625 0.0234375 0.0265625
2 0.7625 0.6328125 0.06875 0.1390625
0 0.775 0.58125 0.0203125 0.0265625
2 0.81875 0.596875 0.040625 0.0890625
0 0.8171875 0.5625 0.0125 0.0140625
2 0.75 0.60625 0.05 0.11875
0 0.7546875 0.5578125 0.0140625 0.0140625
2 0.7015625 0.59375 0.0453125 0.1046875
0 0.696875 0.553125 0.0125 0.0140625
2 0.715625 0.5890625 0.0328125 0.0953125
0 0.715625 0.5515625 0.0109375 0.0125
2 0.7453125 0.578125 0.025 0.0703125
0 0.74375 0.5515625 0.009375 0.0109375
2 0.7609375 0.575 0.021875 0.059375
0 0.7609375 0.5546875 0.009375 0.0109375
2 0.778125 0.5828125 0.0296875 0.090625
0 0.778125 0.5484375 0.0109375 0.0125
2 0.8203125 0.5734375 0.0296875 0.078125
0 0.821875 0.5421875 0.009375 0.0109375
0 0.9953125 0.5359375 0.0046875 0.003125
2 0.925 0.5421875 0.0140625 0.034375
0 0.921875 0.5296875 0.0046875 0.0046875
2 0.909375 0.5453125 0.015625 0.03125
0 0.909375 0.534375 0.003125 0.003125
2 0.9015625 0.5453125 0.009375 0.0296875
0 0.9015625 0.5328125 0.003125 0.003125
2 0.89375 0.5453125 0.0140625 0.034375
0 0.89375 0.53125 0.0046875 0.00625
2 0.90625 0.5421875 0.0109375 0.0296875
0 0.90625 0.53125 0.0046875 0.0046875
2 0.8671875 0.54375 0.015625 0.028125
0 0.8703125 0.53125 0.0046875 0.0046875
2 0.8171875 0.54375 0.0125 0.0328125
0 0.81875 0.53125 0.003125 0.003125
2 0.825 0.534375 0.009375 0.021875
0 0.825 0.528125 0.003125 0.003125
2 0.83125 0.5421875 0.0140625 0.028125
0 0.8296875 0.53125 0.003125 0.003125
2 0.79375 0.5484375 0.015625 0.034375
0 0.7953125 0.5359375 0.00625 0.00625
2 0.7859375 0.546875 0.0140625 0.040625
0 0.7890625 0.53125 0.0046875 0.00625
2 0.7734375 0.5359375 0.0125 0.0265625
0 0.7734375 0.5265625 0.0046875 0.0046875
2 0.76875 0.5390625 0.009375 0.021875
0 0.771875 0.53125 0.0046875 0.0046875
2 0.753125 0.54375 0.0125 0.0328125
0 0.7515625 0.53125 0.003125 0.003125
2 0.7625 0.5359375 0.009375 0.025
0 0.7609375 0.5265625 0.003125 0.003125
2 0.75 0.5375 0.0109375 0.025
0 0.75 0.5296875 0.0046875 0.0046875
2 0.734375 0.5359375 0.009375 0.025
0 0.7375 0.5265625 0.003125 0.003125
2 0.7421875 0.5390625 0.0109375 0.0265625
0 0.7421875 0.5296875 0.0046875 0.0046875
2 0.721875 0.5390625 0.0125 0.025
0 0.7234375 0.5296875 0.0046875 0.0046875
2 0.6328125 0.625 0.0640625 0.14375
0 0.625 0.5671875 0.0203125 0.021875
2 0.5671875 0.6203125 0.05625 0.15
0 0.5625 0.559375 0.01875 0.0234375
2 0.5203125 0.628125 0.0640625 0.1578125
0 0.528125 0.5625 0.01875 0.0203125
2 0.49375 0.6171875 0.05 0.1375
0 0.503125 0.5625 0.015625 0.01875
2 0.4921875 0.6046875 0.05625 0.11875
0 0.503125 0.55625 0.0125 0.015625
2 0.54375 0.6 0.034375 0.096875
0 0.5453125 0.5625 0.0125 0.0140625
2 0.603125 0.603125 0.0375 0.096875
0 0.603125 0.5640625 0.0109375 0.0125
2 0.65625 0.5921875 0.028125 0.0921875
0 0.6609375 0.5546875 0.0109375 0.0125
2 0.646875 0.58125 0.03125 0.084375
0 0.6453125 0.5484375 0.0125 0.0125
2 0.61875 0.5828125 0.0265625 0.0921875
0 0.6203125 0.546875 0.0125 0.0140625
2 0.6015625 0.578125 0.034375 0.090625
0 0.6046875 0.54375 0.0109375 0.009375
2 0.6796875 0.5625 0.01875 0.0484375
0 0.6796875 0.5453125 0.00625 0.0078125
2 0.665625 0.5609375 0.01875 0.0515625
0 0.665625 0.540625 0.0078125 0.0078125
2 0.6359375 0.553125 0.0140625 0.0375
0 0.6375 0.540625 0.00625 0.00625
2 0.575 0.553125 0.0140625 0.04375
0 0.575 0.534375 0.0046875 0.0046875
2 0.565625 0.546875 0.0140625 0.0296875
0 0.56875 0.534375 0.003125 0.003125
2 0.5828125 0.5515625 0.0109375 0.04375
0 0.58125 0.534375 0.00625 0.00625
2 0.5859375 0.54375 0.0125 0.0359375
0 0.5859375 0.53125 0.0046875 0.00625
2 0.546875 0.540625 0.01875 0.0296875
0 0.546875 0.5328125 0.0046875 0.0046875
2 0.5046875 0.584375 0.0359375 0.090625
0 0.5046875 0.55 0.009375 0.0125
2 0.484375 0.5828125 0.03125 0.084375
0 0.484375 0.5484375 0.0109375 0.0125
2 0.521875 0.575 0.03125 0.0796875
0 0.5234375 0.54375 0.0109375 0.0140625
2 0.5640625 0.5375 0.0109375 0.0265625
0 0.565625 0.528125 0.003125 0.003125
2 0.6390625 0.540625 0.0125 0.0265625
0 0.640625 0.53125 0.0046875 0.0046875
2 0.621875 0.5453125 0.0140625 0.0359375
0 0.6234375 0.53125 0.00625 0.00625
2 0.6078125 0.546875 0.0125 0.0359375
0 0.609375 0.5328125 0.0046875 0.00625
2 0.675 0.5453125 0.0140625 0.0328125
0 0.675 0.5328125 0.003125 0.003125
2 0.6625 0.5421875 0.0125 0.028125
0 0.6625 0.53125 0.0046875 0.0046875
2 0.6546875 0.54375 0.0125 0.03125
0 0.6546875 0.53125 0.0046875 0.0046875
2 0.6015625 0.5390625 0.009375 0.03125
0 0.603125 0.528125 0.003125 0.0046875
2 0.6109375 0.5375 0.0125 0.0296875
0 0.6109375 0.525 0.003125 0.0046875
2 0.5859375 0.53125 0.009375 0.01875
0 0.5859375 0.5234375 0.003125 0.003125
2 0.5828125 0.5125 0.009375 0.01875
0 0.584375 0.50625 0.003125 0.003125
2 0.5765625 0.503125 0.009375 0.0171875
0 0.5765625 0.4984375 0.003125 0.003125
2 0.4765625 0.5421875 0.0125 0.034375
0 0.478125 0.5296875 0.00625 0.00625
2 0.465625 0.54375 0.0125 0.0328125
0 0.46875 0.5296875 0.0046875 0.0046875
2 0.45625 0.546875 0.0171875 0.028125
0 0.4578125 0.534375 0.0046875 0.0046875
0 0.1375 0.765625 0.096875 0.13125
0 0.1625 0.5578125 0.0453125 0.0453125
0 0.3078125 0.5546875 0.0390625 0.04375
2 0.21875 0.6671875 0.096875 0.253125
0 0.2359375 0.5640625 0.0328125 0.0375
2 0.415625 0.5828125 0.04375 0.0953125
0 0.4171875 0.546875 0.0140625 0.0140625
2 0.025 0.5734375 0.0296875 0.0890625
0 0.0265625 0.5359375 0.009375 0.009375
2 0.034375 0.528125 0.0125 0.025
0 0.0359375 0.521875 0.003125 0.003125
2 0.090625 0.5296875 0.0109375 0.025
0 0.0921875 0.521875 0.003125 0.003125
2 0.1046875 0.53125 0.0109375 0.0234375
0 0.10625 0.521875 0.003125 0.003125
2 0.1203125 0.53125 0.0125 0.021875
0 0.121875 0.521875 0.003125 0.003125
2 0.128125 0.5296875 0.0109375 0.025
0 0.13125 0.521875 0.003125 0.003125
2 0.1484375 0.553125 0.025 0.053125
0 0.1515625 0.53125 0.00625 0.0078125
2 0.203125 0.5609375 0.01875 0.0515625
0 0.203125 0.540625 0.00625 0.00625
2 0.184375 0.53125 0.009375 0.021875
0 0.184375 0.521875 0.003125 0.003125
2 0.190625 0.5296875 0.0125 0.0234375
0 0.1921875 0.521875 0.0046875 0.0046875
2 0.24375 0.5453125 0.0171875 0.0359375
0 0.2453125 0.53125 0.00625 0.0046875
2 0.3546875 0.571875 0.025 0.06875
0 0.3578125 0.5453125 0.009375 0.009375
2 0.3375 0.55 0.0171875 0.0453125
0 0.3390625 0.5328125 0.00625 0.00625
2 0.3234375 0.5515625 0.01875 0.0453125
0 0.325 0.5328125 0.00625 0.00625
2 0.315625 0.55 0.0171875 0.04375
0 0.315625 0.53125 0.00625 0.00625
2 0.265625 0.5359375 0.0125 0.025
0 0.26875 0.5265625 0.003125 0.0046875
2 0.3796875 0.5453125 0.0171875 0.034375
0 0.3796875 0.53125 0.0046875 0.003125
2 0.390625 0.5703125 0.0265625 0.071875
0 0.39375 0.5421875 0.009375 0.009375
2 0.43125 0.5703125 0.025 0.0734375
0 0.428125 0.5390625 0.009375 0.009375