2 0.0546875 0.4875 0.065625 0.1296875
0 0.05 0.4421875 0.028125 0.03125
0 0.1859375 0.396875 0.1046875 0.1390625
2 0.2734375 0.5640625 0.0953125 0.3953125
0 0.2828125 0.4015625 0.0546875 0.0609375
0 0.340625 0.35 0.0546875 0.071875
2 0.4421875 0.5828125 0.1265625 0.3734375
0 0.4453125 0.428125 0.0453125 0.0484375
0 0.55625 0.3859375 0.0703125 0.08125
2 0.6125 0.51875 0.1078125 0.3359375
0 0.6203125 0.39375 0.0625 0.078125
0 0.753125 0.415625 0.0796875 0.084375
0 0.6453125 0.4328125 0.0484375 0.0625