2 0.028125 0.7140625 0.0546875 0.1578125
0 0.0140625 0.65625 0.028125 0.028125
2 0.2453125 0.6921875 0.065625 0.1515625
0 0.2578125 0.6375 0.0234375 0.0265625
2 0.3390625 0.6921875 0.071875 0.1515625
0 0.35625 0.625 0.021875 0.01875
2 0.3515625 0.690625 0.065625 0.1953125
0 0.3609375 0.609375 0.0203125 0.0296875
2 0.3796875 0.690625 0.0609375 0.1359375
0 0.38125 0.640625 0.021875 0.025
2 0.43125 0.696875 0.071875 0.1390625
0 0.4265625 0.6421875 0.021875 0.025
2 0.525 0.6875 0.0546875 0.125
0 0.528125 0.6390625 0.01875 0.0234375
2 0.5796875 0.6734375 0.0578125 0.203125
0 0.5828125 0.5890625 0.01875 0.0234375
2 0.6203125 0.628125 0.0390625 0.0671875
0 0.6125 0.6046875 0.0109375 0.0125
2 0.65625 0.671875 0.08125 0.190625
0 0.6546875 0.6 0.0203125 0.0265625
2 0.68125 0.6796875 0.08125 0.1890625
0 0.678125 0.5984375 0.021875 0.0234375
2 0.8203125 0.68125 0.059375 0.1125
0 0.828125 0.6421875 0.0171875 0.021875
2 0.85625 0.6671875 0.0625 0.16875
0 0.853125 0.6015625 0.021875 0.0265625
2 0.890625 0.678125 0.040625 0.1
0 0.8953125 0.6390625 0.0140625 0.0171875
2 0.9390625 0.6796875 0.0671875 0.159375
0 0.9296875 0.6140625 0.021875 0.0234375
2 0.953125 0.6734375 0.034375 0.103125
0 0.95625 0.6359375 0.0125 0.0203125
0 0.9828125 0.6328125 0.015625 0.0203125
2 0.7609375 0.315625 0.05625 0.134375
0 0.753125 0.2609375 0.015625 0.0203125