0 0.946875 0.4140625 0.0625 0.0765625
0 0.103125 0.3671875 0.084375 0.09375
0 0.290625 0.4 0.071875 0.0890625
0 0.609375 0.4125 0.0859375 0.103125
0 0.8 0.38125 0.05625 0.0765625
0 0.4375 0.365625 0.071875 0.096875
0 0.2703125 0.325 0.065625 0.0890625
0 0.1640625 0.359375 0.0578125 0.0765625
2 0.73125 0.45 0.040625 0.1109375
0 0.7375 0.40625 0.015625 0.01875
2 0.6953125 0.4421875 0.0265625 0.090625
0 0.6984375 0.40625 0.0109375 0.0140625
2 0.665625 0.4421875 0.0265625 0.0921875
0 0.665625 0.40625 0.0078125 0.009375
0 0.559375 0.375 0.0625 0.075
2 0.3390625 0.45625 0.05 0.1703125
0 0.3453125 0.3859375 0.015625 0.01875
2 0.353125 0.446875 0.0375 0.1203125
0 0.3546875 0.403125 0.0140625 0.0171875
2 0.040625 0.5515625 0.0796875 0.415625
0 0.0125 0.3734375 0.0234375 0.0484375
2 0.0359375 0.390625 0.01875 0.04375
0 0.034375 0.3734375 0.0078125 0.0078125