2 0.15625 0.5859375 0.1828125 0.3671875
0 0.1515625 0.4375 0.04375 0.05625
2 0.246875 0.55 0.2109375 0.421875
0 0.2484375 0.3765625 0.05 0.0578125
2 0.340625 0.575 0.1625 0.3890625
0 0.3359375 0.415625 0.0484375 0.0515625
2 0.4171875 0.5578125 0.1828125 0.44375
0 0.41875 0.375 0.046875 0.0640625
2 0.49375 0.559375 0.171875 0.4265625
0 0.49375 0.3890625 0.046875 0.0609375
2 0.6234375 0.553125 0.165625 0.4421875
0 0.6140625 0.375 0.046875 0.0609375
2 0.6890625 0.575 0.1453125 0.390625
0 0.703125 0.4203125 0.05625 0.065625
2 0.76875 0.56875 0.1921875 0.4109375
0 0.759375 0.4046875 0.0515625 0.065625
2 0.8640625 0.5640625 0.2046875 0.409375
0 0.8546875 0.4015625 0.046875 0.0671875