2 0.178125 0.6890625 0.13125 0.3140625
0 0.1609375 0.5578125 0.0390625 0.046875
2 0.0828125 0.65625 0.1125 0.25
0 0.0703125 0.553125 0.0359375 0.0421875
2 0.2828125 0.665625 0.0984375 0.240625
0 0.2765625 0.565625 0.0328125 0.0328125
2 0.50625 0.678125 0.128125 0.2859375
0 0.4921875 0.5625 0.0375 0.046875
2 0.4890625 0.6453125 0.078125 0.2234375
0 0.496875 0.5578125 0.034375 0.0375
2 0.5625 0.6453125 0.0609375 0.1625
0 0.56875 0.5796875 0.0234375 0.025
2 0.6453125 0.6609375 0.1078125 0.1875
0 0.65625 0.5921875 0.025 0.025
2 0.7453125 0.690625 0.1 0.309375
0 0.753125 0.559375 0.034375 0.0390625
2 0.825 0.7015625 0.096875 0.2890625
0 0.828125 0.58125 0.0359375 0.04375
0 0.9046875 0.58125 0.0515625 0.0703125
2 0.00625 0.5875 0.0125 0.0734375
0 0.003125 0.559375 0.00625 0.009375
2 0.0359375 0.5875 0.04375 0.0796875
0 0.04375 0.55625 0.0109375 0.0125
2 0.6015625 0.590625 0.025 0.0625
0 0.6015625 0.5671875 0.009375 0.009375
2 0.7921875 0.625 0.0390625 0.128125
0 0.7921875 0.571875 0.0171875 0.01875
2 0.86875 0.6390625 0.0609375 0.2078125
0 0.86875 0.5578125 0.03125 0.0390625
2 0.94375 0.6171875 0.0328125 0.096875
0 0.94375 0.5796875 0.0140625 0.0171875
2 0.971875 0.6359375 0.040625 0.1375
0 0.96875 0.58125 0.0171875 0.015625
2 0.6984375 0.5875 0.01875 0.059375
0 0.7 0.5671875 0.009375 0.0109375
2 0.7328125 0.646875 0.040625 0.1546875
0 0.728125 0.58125 0.0203125 0.0234375
2 0.475 0.5640625 0.021875 0.0609375
0 0.4765625 0.540625 0.0078125 0.0078125
2 0.4578125 0.584375 0.021875 0.0640625
0 0.4578125 0.5609375 0.009375 0.009375