2 0.7859375 0.746875 0.028125 0.0625
0 0.7875 0.725 0.009375 0.0109375
2 0.778125 0.7515625 0.0234375 0.05
0 0.778125 0.7328125 0.0078125 0.0078125
2 0.7578125 0.74375 0.0109375 0.034375
0 0.7578125 0.73125 0.0078125 0.009375
2 0.7484375 0.765625 0.0625 0.0921875
0 0.740625 0.7328125 0.0171875 0.0203125
2 0.734375 0.740625 0.0109375 0.0390625
0 0.734375 0.725 0.00625 0.00625
2 0.6796875 0.75 0.065625 0.15625
0 0.684375 0.6859375 0.01875 0.0203125
2 0.6515625 0.7453125 0.028125 0.0859375
0 0.6453125 0.7140625 0.009375 0.0109375
2 0.6359375 0.7484375 0.021875 0.0828125
0 0.6390625 0.7140625 0.009375 0.0109375
2 0.609375 0.7140625 0.1265625 0.35
0 0.6046875 0.5640625 0.0375 0.04375
2 0.471875 0.715625 0.13125 0.359375
0 0.478125 0.5640625 0.0359375 0.04375
2 0.5703125 0.7421875 0.021875 0.071875
0 0.5703125 0.71875 0.009375 0.009375
2 0.5765625 0.74375 0.015625 0.0515625
0 0.575 0.7234375 0.0046875 0.00625
2 0.521875 0.725 0.021875 0.053125
0 0.521875 0.70625 0.0078125 0.0078125
2 0.5078125 0.7375 0.021875 0.071875
0 0.509375 0.709375 0.009375 0.009375
2 0.4375 0.734375 0.034375 0.078125
0 0.44375 0.7046875 0.0109375 0.0109375
2 0.4140625 0.73125 0.0296875 0.0703125
0 0.425 0.7046875 0.009375 0.0109375
2 0.3 0.7125 0.134375 0.28125
0 0.328125 0.5984375 0.0328125 0.0359375
2 0.3296875 0.7234375 0.0578125 0.1859375
0 0.334375 0.6546875 0.0203125 0.0234375
2 0.3796875 0.734375 0.0609375 0.1484375
0 0.3859375 0.6734375 0.01875 0.0203125
2 0.4 0.7234375 0.0453125 0.14375
0 0.4 0.665625 0.0125 0.0203125
2 0.271875 0.725 0.0203125 0.065625
0 0.275 0.7046875 0.0078125 0.0078125
2 0.246875 0.725 0.025 0.0875
0 0.24375 0.6890625 0.0109375 0.0109375
2 0.21875 0.71875 0.046875 0.121875
0 0.234375 0.671875 0.0140625 0.01875
2 0.2046875 0.7265625 0.03125 0.1015625
0 0.2046875 0.6875 0.0125 0.0140625
2 0.2109375 0.725 0.028125 0.08125
0 0.2125 0.6921875 0.009375 0.0125