0 0.1515625 0.3875 0.08125 0.078125
0 0.34375 0.359375 0.065625 0.08125
2 0.39375 0.4734375 0.1296875 0.2875
0 0.3875 0.353125 0.0375 0.0421875
2 0.571875 0.440625 0.034375 0.096875
0 0.5734375 0.403125 0.0125 0.015625
2 0.6359375 0.475 0.096875 0.1765625
0 0.65625 0.4046875 0.0234375 0.025
2 0.7 0.465625 0.075 0.1953125
0 0.696875 0.3875 0.015625 0.0234375
0 0.709375 0.321875 0.0765625 0.0765625
0 0.8359375 0.3328125 0.0546875 0.06875
2 0.875 0.5140625 0.1359375 0.359375
0 0.8796875 0.3671875 0.0375 0.0546875