2 0.1421875 0.5390625 0.284375 0.73125
0 0.103125 0.2328125 0.084375 0.1015625
2 0.296875 0.503125 0.3078125 0.6984375
0 0.2953125 0.2140625 0.0890625 0.0921875
2 0.296875 0.4875 0.3015625 0.59375
0 0.2703125 0.23125 0.0578125 0.0640625
2 0.4234375 0.5171875 0.134375 0.521875
0 0.3984375 0.29375 0.0515625 0.0640625
2 0.5359375 0.5 0.2578125 0.6015625
0 0.5453125 0.24375 0.0703125 0.0703125
2 0.64375 0.51875 0.1453125 0.496875
0 0.621875 0.3078125 0.053125 0.046875
2 0.7765625 0.5015625 0.3625 0.7703125
0 0.7359375 0.1828125 0.1 0.103125
0 0.9171875 0.2984375 0.0734375 0.05625