2 0.1046875 0.6640625 0.0296875 0.065625
0 0.1078125 0.6390625 0.0109375 0.009375
2 0.15 0.6609375 0.0171875 0.0328125
0 0.1515625 0.65 0.00625 0.00625
2 0.1375 0.6859375 0.0375 0.065625
0 0.14375 0.6609375 0.0109375 0.0109375
2 0.1703125 0.68125 0.0328125 0.0703125
0 0.1796875 0.6546875 0.009375 0.0109375
2 0.1890625 0.6765625 0.0328125 0.0734375
0 0.1953125 0.6484375 0.009375 0.0109375
2 0.2203125 0.675 0.0203125 0.0578125
0 0.2203125 0.6515625 0.0078125 0.0078125
2 0.23125 0.671875 0.021875 0.0609375
0 0.234375 0.6484375 0.009375 0.0109375
2 0.2375 0.6796875 0.028125 0.0640625
0 0.240625 0.6546875 0.009375 0.009375
2 0.2984375 0.675 0.021875 0.0578125
0 0.3 0.653125 0.0078125 0.0078125
2 0.3078125 0.66875 0.0140625 0.0421875
0 0.3109375 0.6546875 0.0046875 0.00625
2 0.3203125 0.6765625 0.0203125 0.0546875
0 0.3234375 0.6546875 0.0078125 0.009375
2 0.3390625 0.6734375 0.0296875 0.0546875
0 0.3453125 0.653125 0.00625 0.0078125
2 0.359375 0.6765625 0.021875 0.0546875
0 0.3625 0.6546875 0.00625 0.00625
2 0.371875 0.675 0.01875 0.0484375
0 0.375 0.6546875 0.00625 0.00625
2 0.378125 0.6796875 0.0203125 0.0515625
0 0.3796875 0.659375 0.0078125 0.009375
2 0.4 0.678125 0.0234375 0.05625
0 0.4015625 0.65625 0.0078125 0.0078125
2 0.40625 0.6703125 0.015625 0.0375
0 0.4109375 0.65625 0.0046875 0.00625
2 0.44375 0.7 0.034375 0.1
0 0.446875 0.659375 0.0109375 0.0140625
2 0.425 0.65 0.0109375 0.025
0 0.4265625 0.640625 0.00625 0.00625
2 0.4953125 0.6703125 0.0140625 0.0328125
0 0.4953125 0.659375 0.0046875 0.00625
2 0.5 0.6734375 0.0171875 0.0421875
0 0.5015625 0.6578125 0.0046875 0.00625
2 0.5140625 0.6765625 0.021875 0.053125
0 0.515625 0.6546875 0.0078125 0.0078125
2 0.534375 0.6765625 0.028125 0.0546875
0 0.53125 0.6546875 0.00625 0.00625
2 0.5578125 0.6578125 0.015625 0.034375
0 0.5578125 0.646875 0.0046875 0.00625
2 0.56875 0.646875 0.0125 0.0296875
0 0.56875 0.6375 0.003125 0.0046875
2 0.565625 0.6859375 0.0265625 0.06875
0 0.565625 0.659375 0.0078125 0.009375
2 0.5390625 0.64375 0.0109375 0.0265625
0 0.540625 0.634375 0.003125 0.003125
2 0.7265625 0.65 0.009375 0.01875
0 0.7265625 0.64375 0.003125 0.003125
2 0.9671875 0.7 0.025 0.0390625
0 0.96875 0.684375 0.00625 0.0078125
2 0.98125 0.6890625 0.028125 0.046875
0 0.975 0.6703125 0.0046875 0.0046875
2 0.946875 0.7125 0.0515625 0.1
0 0.94375 0.671875 0.0125 0.0109375
2 0.9046875 0.70625 0.0453125 0.1
0 0.903125 0.665625 0.0109375 0.0125
2 0.8203125 0.7 0.021875 0.05
0 0.8203125 0.68125 0.0078125 0.009375
2 0.8390625 0.7015625 0.0203125 0.0515625
0 0.8390625 0.6828125 0.0078125 0.009375
2 0.8609375 0.703125 0.0296875 0.0484375
0 0.8546875 0.6859375 0.0078125 0.009375
2 0.875 0.7015625 0.040625 0.05
0 0.8640625 0.6828125 0.009375 0.009375
2 0.8765625 0.6859375 0.021875 0.0484375
0 0.875 0.66875 0.00625 0.00625
2 0.596875 0.6515625 0.0109375 0.028125
0 0.5953125 0.6421875 0.003125 0.0046875
2 0.5859375 0.653125 0.0109375 0.025
0 0.5875 0.64375 0.003125 0.0046875
2 0.6859375 0.678125 0.0109375 0.028125
0 0.6875 0.6671875 0.003125 0.0046875
2 0.7859375 0.6890625 0.0171875 0.0609375
0 0.7828125 0.665625 0.0078125 0.009375
2 0.7625 0.6859375 0.0140625 0.0421875
0 0.7625 0.66875 0.0046875 0.00625
2 0.7671875 0.6796875 0.0125 0.0359375
0 0.76875 0.6671875 0.0046875 0.0046875
2 0.759375 0.675 0.009375 0.034375
0 0.7609375 0.6625 0.0046875 0.0046875
2 0.7546875 0.678125 0.0109375 0.0234375
0 0.7546875 0.6703125 0.00625 0.0046875
2 0.7515625 0.690625 0.0171875 0.0296875
0 0.75 0.6796875 0.0046875 0.00625
2 0.7640625 0.6859375 0.01875 0.040625
0 0.7625 0.6703125 0.00625 0.00625
2 0.7484375 0.6828125 0.01875 0.0421875
0 0.746875 0.6671875 0.0046875 0.0078125
2 0.7421875 0.678125 0.0140625 0.0390625
0 0.7421875 0.6640625 0.0046875 0.0046875
2 0.7328125 0.6796875 0.015625 0.0390625
0 0.7328125 0.6671875 0.003125 0.0046875
2 0.7265625 0.6859375 0.0203125 0.053125
0 0.728125 0.6640625 0.00625 0.00625
2 0.1046875 0.6953125 0.0625 0.1296875
0 0.11875 0.640625 0.0140625 0.0171875
2 0.1875 0.7109375 0.0765625 0.13125
0 0.20625 0.6578125 0.015625 0.0203125
2 0.25 0.7125 0.05625 0.140625
0 0.2578125 0.6515625 0.021875 0.01875
2 0.2609375 0.7296875 0.0796875 0.1625
0 0.2734375 0.6625 0.0203125 0.025
2 0.6546875 0.68125 0.021875 0.0421875
0 0.65625 0.665625 0.00625 0.0078125
2 0.665625 0.7109375 0.0484375 0.1109375
0 0.6703125 0.66875 0.015625 0.0171875
2 0.65 0.6890625 0.0265625 0.059375
0 0.6515625 0.6640625 0.00625 0.0078125
2 0.6296875 0.7171875 0.0453125 0.121875
0 0.625 0.66875 0.015625 0.01875
2 0.58125 0.7078125 0.0421875 0.11875
0 0.5828125 0.6609375 0.0140625 0.0171875
2 0.4671875 0.7125 0.0515625 0.115625
0 0.46875 0.6640625 0.0140625 0.0125
2 0.4328125 0.70625 0.046875 0.1265625
0 0.440625 0.653125 0.0140625 0.01875