2 0.278125 0.490625 0.175 0.3
0 0.278125 0.3734375 0.0421875 0.0546875
2 0.3546875 0.503125 0.23125 0.484375
0 0.334375 0.3015625 0.0546875 0.075
2 0.671875 0.5375 0.3609375 0.475
0 0.653125 0.353125 0.071875 0.1
2 0.5578125 0.5125 0.178125 0.378125
0 0.53125 0.3671875 0.059375 0.071875
2 0.496875 0.4328125 0.196875 0.4125
0 0.5203125 0.2609375 0.046875 0.059375
2 0.459375 0.3140625 0.084375 0.234375
0 0.4625 0.21875 0.0265625 0.034375
2 0.553125 0.3265625 0.0921875 0.2296875
0 0.546875 0.228125 0.0265625 0.03125
2 0.609375 0.2875 0.0609375 0.1703125
0 0.609375 0.21875 0.021875 0.0265625
2 0.653125 0.2765625 0.0609375 0.1640625
0 0.65 0.2078125 0.021875 0.025
2 0.8125 0.2859375 0.0609375 0.19375
0 0.80625 0.2078125 0.0265625 0.0265625
2 0.859375 0.24375 0.0515625 0.1453125
0 0.8640625 0.1859375 0.0171875 0.021875
2 0.9 0.2421875 0.0609375 0.1484375
0 0.890625 0.178125 0.0203125 0.021875
2 0.921875 0.2109375 0.034375 0.0890625
0 0.9203125 0.1703125 0.009375 0.00625
2 0.9515625 0.2 0.0359375 0.065625
0 0.953125 0.16875 0.009375 0.003125