2 0.090625 0.5953125 0.0328125 0.065625
0 0.09375 0.5703125 0.0109375 0.0109375
2 0.15625 0.5625 0.01875 0.0375
0 0.159375 0.5484375 0.00625 0.00625
2 0.246875 0.5421875 0.0125 0.021875
0 0.2484375 0.534375 0.003125 0.0046875
2 0.2984375 0.5953125 0.03125 0.05625
0 0.3 0.5734375 0.0078125 0.009375
2 0.303125 0.5875 0.0328125 0.05625
0 0.3109375 0.5671875 0.0078125 0.009375
2 0.2921875 0.6375 0.05625 0.084375
0 0.2921875 0.6046875 0.0125 0.0140625
2 0.7359375 0.5578125 0.0203125 0.0453125
0 0.734375 0.5390625 0.00625 0.00625
2 0.7765625 0.6015625 0.046875 0.075
0 0.76875 0.571875 0.009375 0.0109375
2 0.534375 0.6109375 0.046875 0.071875
0 0.5328125 0.5828125 0.009375 0.009375
2 0.5515625 0.575 0.028125 0.04375
0 0.5546875 0.5609375 0.00625 0.009375
2 0.590625 0.6265625 0.0609375 0.096875
0 0.5703125 0.5890625 0.0125 0.0171875
2 0.5625 0.60625 0.0453125 0.071875
0 0.5609375 0.5796875 0.009375 0.0109375
2 0.56875 0.6140625 0.05 0.0796875
0 0.5671875 0.5828125 0.0109375 0.0109375
2 0.846875 0.578125 0.0265625 0.059375
0 0.8484375 0.55625 0.0109375 0.009375
2 0.803125 0.56875 0.0234375 0.053125
0 0.803125 0.546875 0.00625 0.00625
2 0.8171875 0.575 0.034375 0.053125
0 0.8140625 0.5546875 0.009375 0.009375
2 0.9671875 0.5828125 0.034375 0.0515625
0 0.9625 0.5625 0.0109375 0.009375
2 0.9640625 0.575 0.03125 0.0625
0 0.965625 0.55 0.009375 0.0078125