0 0.83125 0.4671875 0.00625 0.00625
2 0.8046875 0.496875 0.0234375 0.0546875
0 0.8078125 0.475 0.0078125 0.009375
2 0.759375 0.53125 0.053125 0.1453125
0 0.7578125 0.4734375 0.0171875 0.0234375
2 0.6859375 0.5375 0.05625 0.1375
0 0.6890625 0.484375 0.015625 0.021875
2 0.7171875 0.5578125 0.084375 0.2046875
0 0.70625 0.471875 0.0265625 0.03125
2 0.634375 0.565625 0.0703125 0.1953125
0 0.63125 0.4859375 0.0234375 0.03125
2 0.703125 0.628125 0.0921875 0.2578125
0 0.70625 0.521875 0.0375 0.04375
2 0.5265625 0.71875 0.1453125 0.39375
0 0.5125 0.559375 0.0515625 0.071875
2 0.334375 0.7015625 0.1921875 0.4953125
0 0.35 0.490625 0.0484375 0.0625