2 0.834375 0.6625 0.159375 0.259375
0 0.8359375 0.55625 0.0328125 0.0390625
2 0.721875 0.665625 0.1203125 0.2484375
0 0.7234375 0.565625 0.0265625 0.0375
2 0.63125 0.6640625 0.15625 0.2578125
0 0.6359375 0.5609375 0.028125 0.0390625
2 0.553125 0.6609375 0.1625 0.2625
0 0.559375 0.553125 0.0265625 0.0375
2 0.44375 0.6640625 0.1515625 0.259375
0 0.4578125 0.559375 0.0296875 0.034375
2 0.421875 0.6671875 0.1390625 0.253125
0 0.4140625 0.5625 0.034375 0.040625
2 0.3359375 0.6671875 0.184375 0.253125
0 0.3453125 0.5625 0.0375 0.040625
2 0.2859375 0.6578125 0.15625 0.259375
0 0.2953125 0.55 0.03125 0.0375
2 0.18125 0.6640625 0.159375 0.2609375
0 0.1984375 0.559375 0.034375 0.0390625