2 0.0765625 0.6515625 0.153125 0.36875
0 0.075 0.4953125 0.040625 0.0484375
2 0.0734375 0.6046875 0.096875 0.2765625
0 0.0640625 0.490625 0.0296875 0.0390625
2 0.178125 0.6015625 0.0515625 0.115625
0 0.178125 0.5625 0.01875 0.0203125
2 0.21875 0.578125 0.0578125 0.1625
0 0.2265625 0.5140625 0.01875 0.025
2 0.2546875 0.5765625 0.0703125 0.1734375
0 0.2609375 0.50625 0.0234375 0.0265625
2 0.30625 0.5453125 0.0453125 0.1328125
0 0.3015625 0.490625 0.01875 0.01875
2 0.35625 0.6140625 0.1 0.2453125
0 0.3546875 0.5125 0.0296875 0.0375
2 0.38125 0.571875 0.0828125 0.203125
0 0.375 0.4859375 0.025 0.025
2 0.396875 0.5421875 0.0390625 0.1140625
0 0.396875 0.4953125 0.0140625 0.0140625
2 0.421875 0.534375 0.0234375 0.071875
0 0.425 0.50625 0.009375 0.0109375
2 0.4359375 0.546875 0.025 0.0765625
0 0.4359375 0.51875 0.0140625 0.015625
2 0.45 0.540625 0.0296875 0.0703125
0 0.453125 0.5140625 0.009375 0.0109375
2 0.465625 0.53125 0.015625 0.053125
0 0.4671875 0.509375 0.00625 0.00625
2 0.4984375 0.546875 0.0328125 0.08125
0 0.5 0.5140625 0.0109375 0.0125
2 0.5375 0.553125 0.0609375 0.115625
0 0.55 0.5078125 0.0140625 0.0171875
2 0.578125 0.5484375 0.0484375 0.0953125
0 0.5765625 0.509375 0.0125 0.0140625
2 0.61875 0.575 0.0328125 0.046875
0 0.61875 0.559375 0.0109375 0.0125
2 0.6328125 0.5515625 0.040625 0.103125
0 0.6375 0.509375 0.0125 0.015625
2 0.6453125 0.5546875 0.0359375 0.090625
0 0.6453125 0.51875 0.0125 0.015625
2 0.8015625 0.5578125 0.0703125 0.1453125
0 0.8140625 0.4953125 0.015625 0.015625
2 0.8234375 0.5734375 0.0640625 0.159375
0 0.8375 0.50625 0.0234375 0.0234375
2 0.8546875 0.5578125 0.0625 0.146875
0 0.8515625 0.4953125 0.0171875 0.01875