2 0.6578125 0.5484375 0.1625 0.459375
0 0.65625 0.3515625 0.05625 0.05625
2 0.459375 0.509375 0.1203125 0.25
0 0.4671875 0.4046875 0.03125 0.034375
2 0.3765625 0.478125 0.0734375 0.196875
0 0.365625 0.3953125 0.0234375 0.028125
2 0.1796875 0.5109375 0.1390625 0.340625
0 0.1640625 0.3734375 0.0453125 0.0484375
2 0.2578125 0.490625 0.0984375 0.303125
0 0.25 0.3640625 0.03125 0.0328125
2 0.2140625 0.4734375 0.0703125 0.1765625
0 0.215625 0.4078125 0.0203125 0.028125
2 0.0171875 0.4921875 0.034375 0.203125
0 0.0046875 0.4125 0.009375 0.0203125
2 0.9328125 0.496875 0.096875 0.2703125
0 0.940625 0.39375 0.040625 0.04375
2 0.9671875 0.45 0.059375 0.140625
0 0.975 0.403125 0.01875 0.021875
2 0.8046875 0.4296875 0.0234375 0.06875
0 0.8046875 0.4046875 0.009375 0.0109375
2 0.8109375 0.4328125 0.0203125 0.0578125
0 0.8109375 0.4109375 0.00625 0.0078125