2 0.490625 0.215625 0.0234375 0.0703125
0 0.490625 0.1890625 0.0109375 0.0109375
2 0.515625 0.2203125 0.021875 0.0484375
0 0.515625 0.20625 0.009375 0.009375
2 0.55 0.2203125 0.028125 0.0765625
0 0.5484375 0.1890625 0.009375 0.009375
2 0.6015625 0.2125 0.0328125 0.0921875
0 0.5953125 0.1734375 0.009375 0.0109375
2 0.721875 0.2171875 0.034375 0.046875
0 0.7265625 0.2015625 0.0109375 0.009375
2 0.05625 0.225 0.0484375 0.1109375
0 0.046875 0.1796875 0.015625 0.015625
2 0.0984375 0.23125 0.0375 0.0953125
0 0.096875 0.196875 0.0140625 0.015625
2 0.128125 0.228125 0.0296875 0.103125
0 0.125 0.1875 0.015625 0.0171875
2 0.1609375 0.228125 0.059375 0.121875
0 0.1484375 0.1796875 0.015625 0.01875
2 0.1703125 0.2609375 0.0578125 0.065625
0 0.1609375 0.2375 0.0140625 0.0140625
2 0.19375 0.246875 0.0296875 0.04375
0 0.1890625 0.2328125 0.009375 0.0109375
2 0.2421875 0.2375 0.0640625 0.10625
0 0.2359375 0.2015625 0.021875 0.028125
2 0.2765625 0.2640625 0.15625 0.090625
0 0.228125 0.2390625 0.028125 0.0296875
2 0.3 0.2546875 0.1171875 0.0828125
0 0.265625 0.23125 0.0234375 0.0296875
2 0.3109375 0.2515625 0.128125 0.1671875
0 0.265625 0.1734375 0.0328125 0.0125
2 0.284375 0.265625 0.171875 0.1578125
0 0.3046875 0.2140625 0.034375 0.046875
2 0.2171875 0.575 0.303125 0.4265625
0 0.246875 0.4359375 0.11875 0.1421875
2 0.51875 0.5734375 0.36875 0.3671875
0 0.40625 0.4578125 0.1015625 0.1234375
2 0.44375 0.503125 0.3265625 0.40625
0 0.55 0.3765625 0.1015625 0.1171875
2 0.7578125 0.5546875 0.1703125 0.4
0 0.75625 0.440625 0.0953125 0.1140625
0 0.7046875 0.3734375 0.1015625 0.1234375
0 0.8484375 0.2234375 0.078125 0.1