2 0.0515625 0.5453125 0.103125 0.6328125
0 0.015625 0.29140625 0.03125 0.0953125
2 0.1046875 0.49375 0.0921875 0.2734375
0 0.09375 0.3796875 0.0390625 0.040625
2 0.24375 0.546875 0.2203125 0.603125
0 0.225 0.2921875 0.0703125 0.0859375
2 0.5046875 0.553125 0.234375 0.63125
0 0.459375 0.3015625 0.078125 0.0984375
0 0.7046875 0.2859375 0.0984375 0.1140625
2 0.90625 0.409375 0.096875 0.321875
0 0.9015625 0.284375 0.0359375 0.04375
2 0.7734375 0.4 0.1125 0.321875
0 0.7671875 0.278125 0.0390625 0.0578125
2 0.56875 0.4296875 0.13125 0.3828125
0 0.5640625 0.271875 0.0484375 0.0609375
2 0.4953125 0.35625 0.078125 0.2296875
0 0.4953125 0.26875 0.025 0.0375
2 0.3796875 0.3515625 0.0875 0.234375
0 0.390625 0.265625 0.025 0.03125
2 0.278125 0.346875 0.0890625 0.2109375
0 0.2703125 0.2609375 0.03125 0.0359375
2 0.3078125 0.3375 0.0578125 0.1609375
0 0.3046875 0.28125 0.0203125 0.0265625
2 0.0296875 0.2875 0.0265625 0.046875
0 0.03125 0.271875 0.0078125 0.0078125
2 0.065625 0.28125 0.015625 0.0390625
0 0.0640625 0.2703125 0.0046875 0.00625
2 0.9390625 0.3328125 0.046875 0.1859375
0 0.9296875 0.2578125 0.025 0.0296875
2 0.959375 0.3 0.0390625 0.159375
0 0.959375 0.2359375 0.021875 0.0265625