2 0.484375 0.6046875 0.215625 0.4625
0 0.490625 0.428125 0.05 0.059375
2 0.6234375 0.64375 0.103125 0.259375
0 0.6265625 0.5375 0.040625 0.040625
2 0.5828125 0.58125 0.0921875 0.2875
0 0.6 0.4671875 0.034375 0.04375
2 0.6671875 0.5765625 0.1015625 0.2859375
0 0.65 0.465625 0.0390625 0.0484375
2 0.6984375 0.5734375 0.140625 0.4078125
0 0.6921875 0.40625 0.0453125 0.059375
2 0.76875 0.575 0.0453125 0.15625
0 0.7796875 0.509375 0.0171875 0.0203125
2 0.8046875 0.5703125 0.0515625 0.1609375
0 0.8046875 0.50625 0.015625 0.021875
2 0.8421875 0.5515625 0.0390625 0.1
0 0.8421875 0.509375 0.0125 0.0125
2 0.8625 0.5546875 0.0390625 0.10625
0 0.8671875 0.5109375 0.0140625 0.015625
2 0.8953125 0.55625 0.0453125 0.1140625
0 0.896875 0.509375 0.0125 0.0171875
2 0.9234375 0.5484375 0.034375 0.0734375
0 0.925 0.51875 0.0078125 0.0078125
2 0.9828125 0.5453125 0.028125 0.09375
0 0.9796875 0.50625 0.0109375 0.0109375
2 0.8265625 0.55 0.0296875 0.0734375
0 0.825 0.5234375 0.0078125 0.009375
2 0.4015625 0.5890625 0.0625 0.1703125
0 0.4 0.5171875 0.01875 0.025
2 0.39375 0.5640625 0.0359375 0.096875
0 0.384375 0.5234375 0.009375 0.0109375
2 0.375 0.565625 0.021875 0.0953125
0 0.375 0.525 0.0109375 0.0140625
2 0.359375 0.56875 0.03125 0.0953125
0 0.3640625 0.5265625 0.0109375 0.0109375
2 0.3421875 0.5671875 0.025 0.09375
0 0.3421875 0.528125 0.009375 0.0109375
2 0.34375 0.56875 0.0296875 0.0890625
0 0.3484375 0.5296875 0.0078125 0.0109375
2 0.3234375 0.578125 0.0484375 0.1234375
0 0.315625 0.5265625 0.0125 0.015625
2 0.28125 0.596875 0.0703125 0.16875
0 0.2953125 0.5265625 0.0203125 0.025
2 0.25625 0.5921875 0.059375 0.1796875
0 0.2609375 0.5203125 0.0203125 0.028125
2 0.2453125 0.578125 0.046875 0.1125
0 0.2390625 0.5328125 0.0125 0.015625
2 0.2078125 0.596875 0.0609375 0.1984375
0 0.20625 0.5140625 0.0265625 0.028125
2 0.1796875 0.621875 0.040625 0.153125
0 0.18125 0.55625 0.015625 0.01875
2 0.1515625 0.596875 0.0671875 0.2
0 0.159375 0.5125 0.021875 0.025
2 0.1265625 0.5828125 0.028125 0.10625
0 0.134375 0.540625 0.0125 0.01875
2 0.0890625 0.5984375 0.05625 0.1515625
0 0.08125 0.534375 0.0171875 0.0203125
2 0.0546875 0.578125 0.028125 0.1171875
0 0.05625 0.5328125 0.0125 0.0140625
2 0.0328125 0.5796875 0.0265625 0.071875
0 0.034375 0.5515625 0.009375 0.0109375
2 0.0546875 0.5796875 0.025 0.090625
0 0.0609375 0.54375 0.0125 0.0125
2 0.8859375 0.5546875 0.025 0.078125
0 0.8890625 0.51875 0.009375 0.0109375