0 0.0140625 0.4765625 0.0265625 0.0609375
2 0.1015625 0.5765625 0.121875 0.30625
0 0.071875 0.4484375 0.028125 0.0390625
2 0.0625 0.63125 0.125 0.365625
0 0.0109375 0.4734375 0.0203125 0.0484375
2 0.028125 0.4734375 0.03125 0.0609375
0 0.03125 0.4484375 0.0078125 0.00625
2 0.065625 0.4546875 0.0296875 0.0859375
0 0.065625 0.4203125 0.009375 0.0109375
2 0.175 0.5609375 0.1515625 0.34375
0 0.1359375 0.41875 0.034375 0.04375
2 0.2046875 0.5953125 0.16875 0.3984375
0 0.1765625 0.43125 0.0390625 0.0546875
2 0.2109375 0.4375 0.021875 0.065625
0 0.209375 0.4125 0.0078125 0.0109375
2 0.2375 0.44375 0.0375 0.1
0 0.2390625 0.40625 0.015625 0.01875
2 0.2390625 0.4359375 0.0375 0.1015625
0 0.2375 0.3984375 0.015625 0.0203125
2 0.2890625 0.59375 0.171875 0.46875
0 0.2734375 0.3953125 0.0546875 0.059375
2 0.3875 0.553125 0.1125 0.296875
0 0.3796875 0.4296875 0.0390625 0.046875
2 0.3390625 0.4546875 0.0421875 0.115625
0 0.3375 0.409375 0.0140625 0.0140625
2 0.41875 0.4953125 0.0625 0.18125
0 0.41875 0.41875 0.01875 0.025
2 0.4375 0.4375 0.04375 0.10625
0 0.4328125 0.396875 0.0140625 0.01875
2 0.471875 0.5546875 0.125 0.3515625
0 0.4609375 0.40625 0.0390625 0.05
2 0.5015625 0.465625 0.0578125 0.165625
0 0.5015625 0.396875 0.01875 0.021875
2 0.5140625 0.434375 0.0296875 0.103125
0 0.5140625 0.390625 0.0125 0.0140625
2 0.5390625 0.4296875 0.0203125 0.0484375
0 0.5390625 0.409375 0.00625 0.00625
2 0.565625 0.4453125 0.0515625 0.103125
0 0.5625 0.4015625 0.0125 0.0140625
2 0.575 0.4796875 0.071875 0.159375
0 0.56875 0.4140625 0.01875 0.01875
0 0.6703125 0.340625 0.0859375 0.1
2 0.8265625 0.428125 0.0140625 0.0421875
0 0.828125 0.4125 0.00625 0.0078125