2 0.0296875 0.4578125 0.059375 0.228125
0 0.00625 0.3671875 0.0109375 0.025
2 0.0859375 0.4625 0.1109375 0.240625
0 0.1 0.3640625 0.034375 0.040625
2 0.1078125 0.4796875 0.1109375 0.2765625
0 0.1 0.3640625 0.0328125 0.0375
2 0.146875 0.50625 0.0828125 0.2328125
0 0.140625 0.41875 0.0265625 0.034375
2 0.1734375 0.4296875 0.071875 0.196875
0 0.1671875 0.346875 0.0234375 0.028125
2 0.2609375 0.4765625 0.121875 0.309375
0 0.2328125 0.3484375 0.0421875 0.046875
2 0.2828125 0.3890625 0.046875 0.10625
0 0.2765625 0.346875 0.015625 0.0171875
2 0.3171875 0.4453125 0.071875 0.203125
0 0.309375 0.359375 0.0265625 0.0296875
2 0.3296875 0.4078125 0.0625 0.1640625
0 0.33125 0.340625 0.021875 0.0265625
2 0.3765625 0.4328125 0.0859375 0.246875
0 0.375 0.3296875 0.028125 0.034375
2 0.4078125 0.4578125 0.140625 0.3078125
0 0.396875 0.33125 0.0421875 0.0546875
2 0.484375 0.484375 0.1140625 0.303125
0 0.471875 0.3609375 0.040625 0.0515625
0 0.51875 0.3484375 0.0828125 0.1171875
0 0.6671875 0.3234375 0.0921875 0.134375
2 0.59375 0.36875 0.0265625 0.0734375
0 0.59375 0.3390625 0.009375 0.0109375
2 0.603125 0.353125 0.0203125 0.05
0 0.6015625 0.334375 0.0078125 0.009375
2 0.7359375 0.3765625 0.040625 0.0921875
0 0.7390625 0.340625 0.0140625 0.0171875
2 0.7875 0.3875 0.0578125 0.165625
0 0.7921875 0.31875 0.0234375 0.0234375
2 0.75625 0.35 0.021875 0.0546875
0 0.7578125 0.3296875 0.0078125 0.0109375
2 0.7421875 0.34375 0.01875 0.0484375
0 0.740625 0.3265625 0.0078125 0.0078125
2 0.7296875 0.3515625 0.0171875 0.0390625
0 0.728125 0.334375 0.00625 0.00625
2 0.7234375 0.3421875 0.015625 0.03125
0 0.725 0.33125 0.0046875 0.0046875
2 0.809375 0.35 0.01875 0.053125
0 0.809375 0.3296875 0.0078125 0.0078125
2 0.81875 0.3421875 0.0140625 0.03125
0 0.81875 0.3421875 0.0140625 0.03125
2 0.828125 0.359375 0.01875 0.05
0 0.8265625 0.3390625 0.0078125 0.0078125
2 0.8453125 0.3609375 0.0171875 0.0515625
0 0.8453125 0.340625 0.00625 0.0078125
2 0.875 0.35625 0.0296875 0.0796875
0 0.8765625 0.325 0.0109375 0.0140625
2 0.8921875 0.3640625 0.03125 0.0734375
0 0.8953125 0.3359375 0.009375 0.0109375
2 0.9 0.365625 0.0265625 0.0640625
0 0.903125 0.3390625 0.0078125 0.0078125
2 0.915625 0.359375 0.0203125 0.059375
0 0.91875 0.334375 0.0078125 0.009375
2 0.928125 0.359375 0.021875 0.065625
0 0.928125 0.3328125 0.009375 0.009375
2 0.9109375 0.3453125 0.021875 0.05
0 0.9109375 0.328125 0.0078125 0.0078125
2 0.9515625 0.3625 0.0265625 0.06875
0 0.9546875 0.334375 0.0078125 0.0109375
2 0.9671875 0.3625 0.028125 0.071875
0 0.9703125 0.334375 0.009375 0.0109375
2 0.6078125 0.371875 0.0328125 0.08125
0 0.6015625 0.334375 0.0078125 0.0078125