0 0.70625 0.665625 0.0515625 0.05625
0 0.5078125 0.6859375 0.0515625 0.0609375
2 0.4171875 0.8265625 0.10625 0.3140625
0 0.4140625 0.696875 0.034375 0.04375
2 0.3609375 0.7984375 0.1 0.3125
0 0.3640625 0.665625 0.0375 0.04375
2 0.2390625 0.815625 0.10625 0.3015625
0 0.246875 0.690625 0.0375 0.0375
2 0.55625 0.76875 0.0875 0.2546875
0 0.55 0.6625 0.0296875 0.0390625
2 0.559375 0.725 0.04375 0.1421875
0 0.565625 0.6671875 0.0171875 0.021875
2 0.65 0.725 0.053125 0.140625
0 0.6484375 0.6671875 0.01875 0.021875
2 0.6828125 0.68125 0.034375 0.0890625
0 0.6828125 0.6453125 0.009375 0.0125
0 0.828125 0.64375 0.0125 0.0125
2 0.784375 0.678125 0.01875 0.0546875
0 0.7828125 0.6546875 0.009375 0.0078125
2 0.7984375 0.675 0.025 0.065625
0 0.7984375 0.646875 0.009375 0.009375
2 0.79375 0.659375 0.0203125 0.0546875
0 0.7953125 0.6390625 0.00625 0.00625
2 0.7734375 0.659375 0.021875 0.0609375
0 0.775 0.6359375 0.00625 0.00625
2 0.7578125 0.6625 0.01875 0.0515625
0 0.75625 0.6421875 0.0078125 0.009375
2 0.7296875 0.66875 0.021875 0.059375
0 0.728125 0.6453125 0.00625 0.0078125
2 0.7359375 0.659375 0.0203125 0.05625
0 0.7328125 0.6375 0.009375 0.009375