2 0.9609375 0.375 0.0765625 0.1953125
0 0.96875 0.29375 0.0171875 0.0203125
0 0.9765625 0.3203125 0.03125 0.0359375
2 0.7796875 0.4015625 0.1015625 0.2609375
0 0.78125 0.3078125 0.0265625 0.034375
0 0.79375 0.475 0.078125 0.0953125
0 0.903125 0.434375 0.065625 0.0828125
0 0.825 0.3828125 0.0984375 0.1203125
0 0.56875 0.38125 0.0828125 0.1203125
2 0.321875 0.4015625 0.10625 0.3078125
0 0.3171875 0.278125 0.0390625 0.046875
0 0.2484375 0.4078125 0.10625 0.146875
0 0.1828125 0.38125 0.0921875 0.134375