2 0.3765625 0.6015625 0.0265625 0.0484375
0 0.3734375 0.584375 0.0078125 0.0078125
2 0.3890625 0.603125 0.0234375 0.0484375
0 0.384375 0.584375 0.0078125 0.0078125
2 0.4046875 0.5984375 0.0203125 0.046875
0 0.4046875 0.58125 0.009375 0.009375
2 0.4265625 0.5953125 0.021875 0.0453125
0 0.4265625 0.578125 0.0078125 0.009375
2 0.44375 0.6 0.025 0.05
0 0.44375 0.578125 0.009375 0.0078125
2 0.4609375 0.5953125 0.01875 0.0453125
0 0.4640625 0.578125 0.00625 0.0078125
2 0.46875 0.6 0.025 0.05
0 0.4734375 0.58125 0.00625 0.009375
2 0.4828125 0.5984375 0.021875 0.046875
0 0.4859375 0.58125 0.009375 0.009375
2 0.5625 0.609375 0.04375 0.06875
0 0.5546875 0.584375 0.009375 0.0109375
2 0.590625 0.5984375 0.021875 0.053125
0 0.590625 0.578125 0.00625 0.009375
2 0.625 0.5984375 0.028125 0.0515625
0 0.621875 0.578125 0.0078125 0.009375
2 0.6734375 0.6 0.021875 0.0453125
0 0.671875 0.578125 0.00625 0.00625
2 0.671875 0.584375 0.0125 0.0296875
0 0.6734375 0.571875 0.00625 0.0046875
2 0.6859375 0.5984375 0.0296875 0.0484375
0 0.6859375 0.5796875 0.0078125 0.009375
2 0.70625 0.5984375 0.025 0.046875
0 0.70625 0.58125 0.0078125 0.009375
2 0.721875 0.6125 0.0484375 0.075
0 0.715625 0.584375 0.0125 0.015625
2 0.7484375 0.596875 0.025 0.0453125
0 0.75 0.578125 0.009375 0.0078125
2 0.921875 0.625 0.0484375 0.0875
0 0.921875 0.59375 0.0140625 0.015625
2 0.9875 0.584375 0.015625 0.034375
0 0.9875 0.571875 0.0046875 0.00625
2 0.775 0.6015625 0.0375 0.0484375
0 0.7640625 0.584375 0.009375 0.009375