2 0.759375 0.6734375 0.1984375 0.290625
0 0.734375 0.5671875 0.0625 0.0640625
2 0.8625 0.628125 0.1328125 0.20625
0 0.88125 0.5546875 0.0375 0.05
2 0.859375 0.5921875 0.1265625 0.159375
0 0.8828125 0.53125 0.03125 0.0328125
2 0.7828125 0.5796875 0.0890625 0.1484375
0 0.796875 0.521875 0.0328125 0.03125
2 0.70625 0.61875 0.1421875 0.20625
0 0.7265625 0.5421875 0.0484375 0.04375
2 0.6796875 0.571875 0.10625 0.171875
0 0.675 0.5078125 0.0328125 0.0359375
2 0.6375 0.559375 0.096875 0.14375
0 0.6328125 0.5 0.0296875 0.0328125
2 0.6140625 0.5234375 0.0671875 0.1125
0 0.6140625 0.4828125 0.0234375 0.0296875
2 0.815625 0.5625 0.084375 0.1234375
0 0.825 0.5125 0.03125 0.0296875
2 0.7578125 0.5515625 0.06875 0.1296875
0 0.771875 0.5015625 0.0296875 0.025
2 0.7625 0.5125 0.0484375 0.084375
0 0.765625 0.4828125 0.01875 0.01875
2 0.7921875 0.540625 0.0546875 0.1046875
0 0.796875 0.503125 0.025 0.0203125
2 0.7234375 0.5296875 0.0640625 0.1109375
0 0.7296875 0.4875 0.0203125 0.0234375
2 0.7109375 0.5125 0.053125 0.09375
0 0.71875 0.478125 0.0203125 0.0171875
2 0.6765625 0.5015625 0.0515625 0.06875
0 0.6890625 0.475 0.015625 0.015625
2 0.6078125 0.4984375 0.05 0.0859375
0 0.6078125 0.46875 0.021875 0.0203125
2 0.571875 0.484375 0.08125 0.0796875
0 0.5859375 0.4546875 0.015625 0.01875
2 0.659375 0.4875 0.0375 0.0625
0 0.66875 0.465625 0.0125 0.0140625
2 0.7015625 0.4875 0.0359375 0.0640625
0 0.7078125 0.465625 0.015625 0.015625
2 0.684375 0.4828125 0.0421875 0.06875
0 0.690625 0.459375 0.0171875 0.01875
2 0.64375 0.475 0.04375 0.0625
0 0.65 0.4546875 0.0125 0.015625
2 0.640625 0.4703125 0.03125 0.05625
0 0.640625 0.4515625 0.0109375 0.0125
2 0.6265625 0.465625 0.028125 0.05625
0 0.628125 0.446875 0.0109375 0.0125
2 0.5609375 0.4625 0.0375 0.0515625
0 0.5546875 0.44375 0.0171875 0.015625
2 0.528125 0.45625 0.028125 0.0453125
0 0.53125 0.4421875 0.0140625 0.0125
2 0.5203125 0.4421875 0.03125 0.065625
0 0.5265625 0.41875 0.0078125 0.009375
2 0.575 0.4328125 0.03125 0.0625
0 0.5765625 0.4109375 0.00625 0.009375
0 0.2 0.715625 0.13125 0.146875
2 0.065625 0.6859375 0.13125 0.2765625
0 0.0296875 0.5890625 0.059375 0.0765625
0 0.3359375 0.5421875 0.0609375 0.0640625
2 0.1203125 0.5859375 0.16875 0.165625
0 0.0640625 0.5296875 0.0453125 0.0421875
2 0.1890625 0.55 0.1125 0.1375
0 0.16875 0.5078125 0.034375 0.040625
2 0.2546875 0.5390625 0.1140625 0.128125
0 0.2375 0.4953125 0.0375 0.034375
2 0.215625 0.53125 0.0796875 0.115625
0 0.2171875 0.490625 0.025 0.0296875
2 0.2890625 0.5328125 0.078125 0.1203125
0 0.28125 0.4890625 0.0265625 0.0296875
2 0.38125 0.553125 0.1140625 0.15625
0 0.36875 0.4984375 0.0265625 0.0359375
2 0.0625 0.446875 0.0203125 0.0484375
0 0.0640625 0.428125 0.009375 0.0078125
2 0.4015625 0.5265625 0.065625 0.1328125
0 0.4015625 0.48125 0.025 0.034375
2 0.4234375 0.5125 0.075 0.1140625
0 0.4328125 0.475 0.0328125 0.034375
2 0.4578125 0.503125 0.0765625 0.11875
0 0.46875 0.45625 0.0203125 0.0234375
2 0.4875 0.48125 0.0609375 0.0734375
0 0.4953125 0.4546875 0.0171875 0.0171875
2 0.5015625 0.4546875 0.0296875 0.0453125
0 0.50625 0.440625 0.009375 0.0109375
2 0.178125 0.4328125 0.015625 0.034375
0 0.1796875 0.4203125 0.00625 0.0046875