0 0.0578125 0.4953125 0.0671875 0.0859375
0 0.1234375 0.6421875 0.084375 0.1
0 0.2484375 0.6203125 0.0828125 0.1015625
0 0.3625 0.5890625 0.0703125 0.0828125
2 0.1328125 0.5109375 0.1078125 0.278125
0 0.1375 0.3984375 0.034375 0.040625
2 0.246875 0.5046875 0.1203125 0.26875
0 0.2421875 0.3984375 0.0328125 0.04375
2 0.2703125 0.4546875 0.0828125 0.2125
0 0.271875 0.375 0.03125 0.04375
2 0.3375 0.4890625 0.1078125 0.246875
0 0.3375 0.3875 0.0265625 0.0328125
2 0.375 0.465625 0.0734375 0.2453125
0 0.375 0.36875 0.0328125 0.04375
2 0.4234375 0.5125 0.1109375 0.3265625
0 0.428125 0.375 0.0359375 0.04375
2 0.4984375 0.5375 0.128125 0.35
0 0.49375 0.3921875 0.0375 0.04375
2 0.5 0.4625 0.0734375 0.2484375
0 0.503125 0.3625 0.028125 0.0390625
2 0.5546875 0.4640625 0.0765625 0.25625
0 0.54375 0.359375 0.0296875 0.04375
2 0.609375 0.46875 0.109375 0.2796875
0 0.615625 0.3484375 0.034375 0.0375
2 0.7015625 0.4578125 0.084375 0.29375
0 0.703125 0.3328125 0.03125 0.0390625
2 0.7546875 0.440625 0.0609375 0.2203125
0 0.753125 0.3515625 0.0234375 0.0328125
2 0.815625 0.4328125 0.08125 0.2328125
0 0.8171875 0.3375 0.028125 0.03125
2 0.8359375 0.4390625 0.08125 0.2328125
0 0.8171875 0.3484375 0.03125 0.0390625
2 0.8515625 0.475 0.1078125 0.2734375
0 0.8515625 0.3609375 0.03125 0.0390625
2 0.915625 0.4359375 0.0765625 0.2390625
0 0.921875 0.3390625 0.0296875 0.0390625
2 0.1609375 0.2515625 0.034375 0.125
0 0.1625 0.2 0.015625 0.0171875
2 0.2 0.253125 0.05 0.1265625
0 0.196875 0.203125 0.0171875 0.01875
2 0.275 0.2890625 0.0578125 0.1890625
0 0.275 0.209375 0.0234375 0.0265625
2 0.3125 0.2359375 0.03125 0.109375
0 0.3125 0.2359375 0.03125 0.109375
2 0.3375 0.290625 0.0609375 0.1796875
0 0.3390625 0.2140625 0.025 0.025
2 0.3578125 0.23125 0.03125 0.115625
0 0.3578125 0.184375 0.0171875 0.01875
2 0.3703125 0.234375 0.046875 0.1203125
0 0.371875 0.184375 0.0125 0.015625
2 0.390625 0.234375 0.03125 0.1140625
0 0.390625 0.1875 0.0125 0.015625
2 0.4046875 0.23125 0.04375 0.1171875
0 0.409375 0.184375 0.0140625 0.015625
2 0.5734375 0.2796875 0.0421875 0.1109375
0 0.5734375 0.2359375 0.015625 0.01875
2 0.5875 0.25625 0.0421875 0.1046875
0 0.59375 0.21875 0.015625 0.01875
2 0.596875 0.24375 0.04375 0.1140625
0 0.6 0.1953125 0.0140625 0.015625
2 0.6640625 0.2453125 0.05 0.1234375
0 0.6703125 0.1953125 0.015625 0.01875
2 0.6859375 0.259375 0.0515625 0.1265625
0 0.690625 0.2078125 0.015625 0.01875
2 0.7140625 0.2578125 0.0328125 0.1171875
0 0.7171875 0.2125 0.0171875 0.01875
2 0.7203125 0.2515625 0.040625 0.11875
0 0.71875 0.2046875 0.0140625 0.01875
2 0.73125 0.28125 0.0421875 0.115625
0 0.7328125 0.2359375 0.015625 0.021875
2 0.7421875 0.290625 0.0609375 0.128125
0 0.7453125 0.240625 0.021875 0.0203125
2 0.7875 0.29375 0.0359375 0.1359375
0 0.784375 0.240625 0.015625 0.0203125
2 0.8109375 0.2875 0.0578125 0.15
0 0.809375 0.2265625 0.015625 0.0203125
2 0.846875 0.25625 0.021875 0.059375
0 0.8453125 0.23125 0.00625 0.0078125
2 0.503125 0.3828125 0.08125 0.1796875
0 0.509375 0.3171875 0.0296875 0.0359375
2 0.54375 0.3734375 0.065625 0.165625
0 0.54375 0.3078125 0.025 0.0296875
2 0.5890625 0.3625 0.059375 0.1546875
0 0.5859375 0.3046875 0.028125 0.0328125
2 0.6046875 0.3796875 0.075 0.159375
0 0.6015625 0.3203125 0.0234375 0.03125
2 0.6578125 0.378125 0.06875 0.1953125
0 0.6484375 0.303125 0.025 0.0328125
0 0.7171875 0.5734375 0.109375 0.1265625
0 0.859375 0.68125 0.1125 0.146875
0 0.2796875 0.5203125 0.059375 0.0703125
0 0.33125 0.5171875 0.06875 0.078125
2 0.64375 0.45 0.071875 0.234375
0 0.65 0.3546875 0.0234375 0.0359375
2 0.6828125 0.45625 0.08125 0.24375
0 0.684375 0.3578125 0.03125 0.040625