2 0.0296875 0.59453125 0.059375 0.1578125
0 0.0390625 0.53125 0.01875 0.01875
2 0.065625 0.6015625 0.053125 0.1640625
0 0.071875 0.5296875 0.0125 0.0125
2 0.1859375 0.6171875 0.03125 0.1015625
0 0.1875 0.578125 0.0140625 0.0171875
2 0.2140625 0.6328125 0.0453125 0.1265625
0 0.209375 0.5875 0.0234375 0.0234375
2 0.240625 0.6296875 0.0390625 0.1203125
0 0.2421875 0.584375 0.0171875 0.021875
2 0.2515625 0.6421875 0.05 0.134375
0 0.2546875 0.5875 0.01875 0.01875
2 0.271875 0.6171875 0.03125 0.1015625
0 0.2703125 0.58125 0.015625 0.0203125
2 0.296875 0.6375 0.0640625 0.1296875
0 0.290625 0.5890625 0.0203125 0.0296875
2 0.3109375 0.6234375 0.0546875 0.0984375
0 0.315625 0.5890625 0.01875 0.0234375
2 0.3390625 0.625 0.04375 0.0984375
0 0.334375 0.5890625 0.0171875 0.021875
2 0.3765625 0.621875 0.0546875 0.109375
0 0.3828125 0.5828125 0.0171875 0.01875
2 0.4671875 0.6171875 0.046875 0.09375
0 0.471875 0.58125 0.015625 0.0171875
2 0.475 0.6453125 0.0609375 0.125
0 0.475 0.596875 0.021875 0.0234375
2 0.5296875 0.61875 0.0484375 0.0984375
0 0.5328125 0.584375 0.015625 0.01875
2 0.5515625 0.65625 0.0875 0.1453125
0 0.565625 0.6 0.0234375 0.025
2 0.5734375 0.625 0.0546875 0.1078125
0 0.5796875 0.584375 0.015625 0.021875
2 0.5875 0.5921875 0.0359375 0.1015625
0 0.5875 0.5515625 0.015625 0.01875
2 0.603125 0.653125 0.065625 0.1421875
0 0.6 0.5984375 0.0234375 0.0265625
2 0.6546875 0.6390625 0.0875 0.1296875
0 0.63125 0.5921875 0.0203125 0.025
2 0.7125 0.628125 0.0984375 0.109375
0 0.690625 0.5875 0.0203125 0.021875
2 0.7515625 0.6234375 0.0796875 0.09375
0 0.7765625 0.5796875 0.0171875 0.0203125
2 0.7859375 0.6171875 0.06875 0.1
0 0.778125 0.58125 0.0171875 0.021875
2 0.8640625 0.6125 0.0640625 0.078125
0 0.8453125 0.5828125 0.0125 0.0140625
2 0.9453125 0.6375 0.0796875 0.16875
0 0.9421875 0.56875 0.0234375 0.0234375
2 0.9734375 0.6015625 0.0203125 0.0625
0 0.9734375 0.5796875 0.0078125 0.0109375