2 0.51875 0.659375 0.084375 0.2609375
0 0.496875 0.553125 0.0328125 0.0421875
2 0.5421875 0.6625 0.0625 0.2046875
0 0.5359375 0.5796875 0.0265625 0.034375
2 0.5078125 0.5953125 0.0390625 0.165625
0 0.5046875 0.5265625 0.025 0.0265625
2 0.5953125 0.61875 0.0640625 0.153125
0 0.590625 0.55625 0.01875 0.0234375
2 0.5609375 0.6046875 0.034375 0.1140625
0 0.5640625 0.5578125 0.015625 0.0171875
2 0.540625 0.5734375 0.025 0.0734375
0 0.5390625 0.546875 0.0109375 0.0125
2 0.6203125 0.5796875 0.021875 0.078125
0 0.6203125 0.5484375 0.0109375 0.0109375
2 0.6421875 0.6234375 0.046875 0.1453125
0 0.6421875 0.5640625 0.0140625 0.01875
2 0.665625 0.671875 0.08125 0.2453125
0 0.6703125 0.5671875 0.034375 0.03125
2 0.71875 0.653125 0.0953125 0.2359375
0 0.7109375 0.553125 0.034375 0.034375
2 0.7359375 0.6015625 0.0296875 0.0859375
0 0.7359375 0.5671875 0.0125 0.0140625
2 0.7875 0.6234375 0.046875 0.13125
0 0.7859375 0.56875 0.0140625 0.01875
2 0.8125 0.5921875 0.0359375 0.1015625
0 0.80625 0.55 0.0109375 0.0140625
2 0.853125 0.6234375 0.0546875 0.1625
0 0.8546875 0.553125 0.0171875 0.0203125
2 0.9109375 0.6171875 0.05 0.159375
0 0.9078125 0.553125 0.0234375 0.025
2 0.73125 0.5765625 0.0203125 0.0609375
0 0.7328125 0.5546875 0.0078125 0.009375
2 0.740625 0.5734375 0.01875 0.0625
0 0.740625 0.55 0.009375 0.009375
2 0.8328125 0.553125 0.021875 0.0609375
0 0.83125 0.5296875 0.009375 0.0109375
2 0.8765625 0.5796875 0.0296875 0.1015625
0 0.8765625 0.5375 0.0125 0.0140625
2 0.925 0.5625 0.0203125 0.0671875
0 0.925 0.5359375 0.0109375 0.0109375
2 0.9390625 0.5640625 0.0171875 0.0625
0 0.9390625 0.5375 0.009375 0.009375
2 0.946875 0.5625 0.0171875 0.0625
0 0.946875 0.5375 0.009375 0.009375
2 0.95625 0.5671875 0.0203125 0.08125
0 0.95625 0.5359375 0.0109375 0.0140625
2 0.9671875 0.5765625 0.025 0.0890625
0 0.96875 0.540625 0.0125 0.0140625
2 0.9828125 0.5828125 0.03125 0.0875
0 0.9828125 0.5484375 0.0109375 0.0140625
0 0.99375 0.5390625 0.0109375 0.0140625
2 0.9359375 0.64375 0.0484375 0.0796875
0 0.9421875 0.615625 0.0171875 0.01875
0 0.9765625 0.621875 0.0203125 0.025
2 0.75625 0.5765625 0.021875 0.0578125
0 0.75625 0.5546875 0.009375 0.009375
2 0.125 0.6265625 0.075 0.2640625
0 0.125 0.5171875 0.0375 0.0375
2 0.06875 0.63125 0.06875 0.2546875
0 0.0703125 0.521875 0.0296875 0.034375
2 0.0296875 0.6265625 0.059375 0.284375
0 0.0328125 0.5078125 0.0328125 0.0421875
2 0.215625 0.5890625 0.0515625 0.08125
0 0.2125 0.5609375 0.0203125 0.0203125
2 0.16875 0.6015625 0.065625 0.121875
0 0.171875 0.5609375 0.021875 0.025
0 0.9578125 0.6171875 0.015625 0.01875