0 0.0125 0.3484375 0.025 0.053125
2 0.11875 0.453125 0.15 0.290625
0 0.1109375 0.334375 0.0375 0.0484375
2 0.421875 0.434375 0.0671875 0.184375
0 0.4203125 0.365625 0.025 0.034375
2 0.4203125 0.41875 0.078125 0.175
0 0.4078125 0.346875 0.025 0.028125
2 0.353125 0.40625 0.0546875 0.1671875
0 0.3515625 0.3359375 0.01875 0.0234375
2 0.4890625 0.4125 0.065625 0.153125
0 0.4921875 0.346875 0.01875 0.021875
2 0.540625 0.425 0.0703125 0.19375
0 0.53125 0.346875 0.021875 0.0265625
2 0.5421875 0.3875 0.05 0.1390625
0 0.540625 0.33125 0.01875 0.0203125
0 0.6046875 0.2953125 0.065625 0.0875
2 0.690625 0.4875 0.1328125 0.375
0 0.675 0.328125 0.040625 0.05625
0 0.978125 0.3453125 0.034375 0.04375
2 0.8 0.415625 0.090625 0.228125
0 0.803125 0.3265625 0.025 0.034375
2 0.7796875 0.403125 0.0609375 0.165625
0 0.784375 0.3359375 0.021875 0.025
2 0.7328125 0.378125 0.034375 0.1203125
0 0.7328125 0.3296875 0.015625 0.01875
2 0.6953125 0.3890625 0.0421875 0.1375
0 0.6953125 0.334375 0.01875 0.025
2 0.728125 0.35625 0.028125 0.0921875
0 0.7265625 0.3203125 0.0125 0.0125
2 0.8234375 0.3515625 0.0328125 0.090625
0 0.821875 0.315625 0.0125 0.0125
2 0.925 0.3484375 0.040625 0.084375
0 0.928125 0.3140625 0.0125 0.0125
2 0.365625 0.35625 0.021875 0.05625
0 0.3640625 0.3375 0.00625 0.009375
2 0.378125 0.353125 0.01875 0.0578125
0 0.3765625 0.33125 0.0078125 0.009375
2 0.3609375 0.346875 0.0203125 0.0703125
0 0.3609375 0.31875 0.009375 0.009375
2 0.321875 0.35625 0.0203125 0.06875
0 0.31875 0.3296875 0.009375 0.009375
2 0.296875 0.3578125 0.034375 0.084375
0 0.2921875 0.325 0.0125 0.0125
2 0.2765625 0.35625 0.028125 0.0734375
0 0.2734375 0.3265625 0.009375 0.0125
2 0.2640625 0.3515625 0.0234375 0.0765625
0 0.2625 0.321875 0.0125 0.0125
2 0.246875 0.3515625 0.0203125 0.0703125
0 0.253125 0.3234375 0.009375 0.009375
2 0.1890625 0.3578125 0.025 0.06875
0 0.1875 0.33125 0.0078125 0.009375
2 0.2 0.3578125 0.028125 0.065625
0 0.196875 0.3328125 0.009375 0.009375
2 0.134375 0.359375 0.025 0.06875
0 0.1375 0.33125 0.0078125 0.009375
2 0.084375 0.36875 0.0265625 0.059375
0 0.0765625 0.346875 0.009375 0.0109375
2 0.06875 0.3625 0.025 0.0625
0 0.065625 0.3390625 0.0078125 0.009375