2 0.0796875 0.6484375 0.0453125 0.109375
0 0.08125 0.603125 0.0140625 0.0171875
2 0.2 0.615625 0.0265625 0.0734375
0 0.2 0.5859375 0.0109375 0.0125
2 0.25 0.659375 0.0421875 0.1296875
0 0.25 0.609375 0.0140625 0.01875
2 0.2734375 0.68125 0.0546875 0.146875
0 0.271875 0.61875 0.0203125 0.0203125
2 0.325 0.6921875 0.059375 0.165625
0 0.3296875 0.6234375 0.0203125 0.021875
2 0.359375 0.6828125 0.0515625 0.153125
0 0.359375 0.61875 0.01875 0.021875
2 0.421875 0.6828125 0.0578125 0.159375
0 0.425 0.6140625 0.01875 0.0203125
2 0.4703125 0.7 0.0796875 0.16875
0 0.459375 0.6296875 0.0203125 0.021875
2 0.2984375 0.60625 0.0203125 0.0578125
0 0.2984375 0.5828125 0.0078125 0.009375
2 0.3234375 0.603125 0.025 0.0625
0 0.3234375 0.578125 0.00625 0.0078125
2 0.3515625 0.603125 0.021875 0.059375
0 0.3546875 0.578125 0.0078125 0.0078125
2 0.375 0.603125 0.025 0.0609375
0 0.375 0.5796875 0.0078125 0.009375
2 0.39375 0.6 0.0234375 0.06875
0 0.39375 0.5734375 0.0078125 0.0109375
2 0.4171875 0.59375 0.01875 0.053125
0 0.4171875 0.571875 0.0078125 0.00625
2 0.4234375 0.5796875 0.0171875 0.0453125
0 0.421875 0.5625 0.00625 0.00625
2 0.4671875 0.590625 0.0171875 0.0515625
0 0.46875 0.5703125 0.00625 0.0078125
2 0.4921875 0.6015625 0.0375 0.071875
0 0.4875 0.571875 0.0109375 0.0109375
2 0.4796875 0.5640625 0.0109375 0.025
0 0.4796875 0.5546875 0.003125 0.003125
2 0.48125 0.575 0.0109375 0.0296875
0 0.48125 0.5640625 0.0046875 0.00625
2 0.4984375 0.58125 0.0203125 0.0421875
0 0.4984375 0.5640625 0.00625 0.00625
2 0.51875 0.5796875 0.0171875 0.0421875
0 0.51875 0.5625 0.0046875 0.0046875
2 0.5484375 0.5671875 0.0140625 0.0359375
0 0.546875 0.553125 0.0046875 0.0046875
2 0.5703125 0.571875 0.0109375 0.0375
0 0.5703125 0.55625 0.0046875 0.0046875
2 0.6875 0.6234375 0.028125 0.0703125
0 0.6890625 0.5984375 0.009375 0.0125
2 0.709375 0.6140625 0.0390625 0.046875
0 0.7078125 0.6 0.0125 0.0125
2 0.765625 0.6453125 0.053125 0.140625
0 0.765625 0.5859375 0.01875 0.0203125
2 0.7734375 0.5984375 0.028125 0.0609375
0 0.775 0.575 0.0109375 0.0109375
2 0.9078125 0.665625 0.0515625 0.153125
0 0.9125 0.6046875 0.01875 0.025
2 0.5609375 0.565625 0.009375 0.0265625
0 0.5625 0.5546875 0.003125 0.003125
2 0.65625 0.5703125 0.015625 0.034375
0 0.65625 0.55625 0.0046875 0.0046875