2 0.0265625 0.4734375 0.053125 0.2125
0 0.0140625 0.3890625 0.0265625 0.0296875
0 0.121875 0.2375 0.1125 0.1234375
2 0.2515625 0.4984375 0.1234375 0.359375
0 0.2359375 0.35 0.04375 0.0515625
2 0.2734375 0.4828125 0.065625 0.246875
0 0.2734375 0.38125 0.028125 0.03125
2 0.3375 0.471875 0.0796875 0.28125
0 0.334375 0.3578125 0.0328125 0.04375
2 0.3890625 0.521875 0.1703125 0.38125
0 0.4046875 0.365625 0.05 0.0640625
2 0.484375 0.4671875 0.05625 0.165625
0 0.4890625 0.4015625 0.0203125 0.025
2 0.5046875 0.478125 0.0875 0.246875
0 0.5109375 0.375 0.028125 0.034375
2 0.4390625 0.471875 0.0828125 0.259375
0 0.4390625 0.3703125 0.028125 0.0375
2 0.5421875 0.4578125 0.0578125 0.178125
0 0.534375 0.3875 0.0171875 0.025
2 0.60625 0.5 0.1234375 0.3484375
0 0.60625 0.353125 0.0375 0.0515625
2 0.653125 0.434375 0.0265625 0.0703125
0 0.653125 0.403125 0.009375 0.009375
2 0.7421875 0.5 0.109375 0.309375
0 0.7421875 0.36875 0.0328125 0.0390625
2 0.8140625 0.45 0.0234375 0.075
0 0.8140625 0.421875 0.0109375 0.0125