2 0.2875 0.559375 0.153125 0.40625
0 0.275 0.3875 0.05 0.059375
2 0.4203125 0.5359375 0.16875 0.378125
0 0.40625 0.3765625 0.0484375 0.046875
2 0.05625 0.4625 0.065625 0.1421875
0 0.0546875 0.4046875 0.021875 0.021875
2 0.10625 0.4546875 0.05625 0.1375
0 0.1015625 0.3984375 0.0171875 0.021875
2 0.134375 0.4640625 0.0421875 0.1078125
0 0.13125 0.421875 0.0125 0.015625
2 0.2015625 0.453125 0.034375 0.0890625
0 0.203125 0.4171875 0.0125 0.0140625
2 0.228125 0.453125 0.0296875 0.0828125
0 0.228125 0.421875 0.0109375 0.0125
2 0.5828125 0.5078125 0.065625 0.196875
0 0.5859375 0.4265625 0.025 0.028125
2 0.5515625 0.4921875 0.0515625 0.1515625
0 0.553125 0.4296875 0.0171875 0.0171875
2 0.6484375 0.5171875 0.0890625 0.2171875
0 0.653125 0.4296875 0.025 0.025
2 0.7015625 0.5203125 0.071875 0.19375
0 0.7046875 0.4421875 0.025 0.028125
2 0.80625 0.4984375 0.0765625 0.2046875
0 0.8 0.4125 0.0234375 0.0234375
2 0.7703125 0.4765625 0.05 0.134375
0 0.775 0.421875 0.015625 0.0203125
2 0.73125 0.45625 0.034375 0.1046875
0 0.7328125 0.4140625 0.0125 0.0140625
2 0.7515625 0.4609375 0.025 0.059375
0 0.753125 0.4421875 0.009375 0.0125
0 0.9609375 0.440625 0.071875 0.0875
2 0.9296875 0.5625 0.1375 0.446875
0 0.94375 0.375 0.05625 0.0640625
2 0.8875 0.5125 0.0984375 0.259375
0 0.89375 0.40625 0.0328125 0.0375
2 0.6140625 0.465625 0.0296875 0.1015625
0 0.6140625 0.425 0.009375 0.009375
2 0.6234375 0.475 0.0375 0.1078125
0 0.628125 0.43125 0.0140625 0.0171875