2 0.0890625 0.5546875 0.11875 0.275
0 0.10625 0.4421875 0.0359375 0.0390625
2 0.1265625 0.41875 0.04375 0.0890625
0 0.1296875 0.384375 0.0140625 0.0140625
2 0.121875 0.43125 0.040625 0.1015625
0 0.1203125 0.3890625 0.0140625 0.0140625
2 0.01875 0.33125 0.021875 0.0421875
0 0.021875 0.3171875 0.0078125 0.009375
2 0.0328125 0.3296875 0.01875 0.05
0 0.0359375 0.3109375 0.0078125 0.009375
2 0.04375 0.3703125 0.0234375 0.0515625
0 0.05 0.3546875 0.0109375 0.0109375
2 0.075 0.33125 0.0203125 0.0421875
0 0.075 0.315625 0.00625 0.00625
2 0.0796875 0.3765625 0.0171875 0.04375
0 0.084375 0.3609375 0.0078125 0.0078125
2 0.175 0.3328125 0.0234375 0.0421875
0 0.175 0.31875 0.00625 0.00625
2 0.1859375 0.3359375 0.0203125 0.040625
0 0.184375 0.3203125 0.00625 0.0078125
2 0.25 0.3421875 0.01875 0.0453125
0 0.24375 0.325 0.00625 0.009375
2 0.278125 0.375 0.0171875 0.053125
0 0.2796875 0.3546875 0.009375 0.009375
2 0.2359375 0.653125 0.1609375 0.4078125
0 0.240625 0.4828125 0.059375 0.05625
2 0.1859375 0.6046875 0.06875 0.1984375
0 0.175 0.534375 0.0296875 0.04375
2 0.21875 0.6203125 0.1671875 0.446875
0 0.228125 0.4359375 0.0515625 0.0625
2 0.2546875 0.575 0.090625 0.303125
0 0.2515625 0.446875 0.0328125 0.040625
2 0.359375 0.628125 0.153125 0.384375
0 0.3359375 0.46875 0.0453125 0.053125
2 0.359375 0.5828125 0.090625 0.284375
0 0.3609375 0.465625 0.0328125 0.040625
2 0.3109375 0.6203125 0.0671875 0.2390625
0 0.321875 0.49375 0.0375 0.0328125
2 0.425 0.5734375 0.10625 0.3359375
0 0.4203125 0.4328125 0.0359375 0.0421875
2 0.49375 0.659375 0.1703125 0.440625
0 0.4984375 0.4703125 0.0453125 0.053125
2 0.5453125 0.6328125 0.0875 0.4453125
0 0.54375 0.446875 0.0515625 0.0609375
2 0.728125 0.534375 0.1109375 0.315625
0 0.725 0.409375 0.0453125 0.0421875
2 0.678125 0.4390625 0.05 0.146875
0 0.68125 0.38125 0.01875 0.0234375
2 0.7046875 0.41875 0.0328125 0.1203125
0 0.7125 0.3703125 0.015625 0.0171875
2 0.7328125 0.4203125 0.05 0.11875
0 0.7296875 0.3765625 0.0171875 0.021875
2 0.7484375 0.421875 0.04375 0.1203125
0 0.74375 0.3765625 0.015625 0.01875
2 0.78125 0.4296875 0.0421875 0.1296875
0 0.7828125 0.3765625 0.0171875 0.01875
2 0.8015625 0.440625 0.0671875 0.1671875
0 0.8015625 0.3734375 0.0203125 0.021875
2 0.8390625 0.4359375 0.0484375 0.1421875
0 0.840625 0.378125 0.01875 0.0234375
2 0.925 0.528125 0.10625 0.275
0 0.925 0.4109375 0.034375 0.034375
2 0.9421875 0.4859375 0.06875 0.2046875
0 0.9359375 0.4015625 0.0296875 0.0328125
2 0.925 0.440625 0.059375 0.153125
0 0.9171875 0.375 0.01875 0.021875
2 0.921875 0.425 0.0421875 0.1265625
0 0.915625 0.3734375 0.01875 0.021875
2 0.9703125 0.3890625 0.025 0.0625
0 0.965625 0.3640625 0.009375 0.0109375
2 0.8796875 0.3796875 0.0140625 0.0484375
0 0.8796875 0.3625 0.00625 0.00625