2 0.2171875 0.6453125 0.1 0.3828125
0 0.23125 0.4859375 0.040625 0.053125
0 0.259375 0.4515625 0.0546875 0.0640625
2 0.3578125 0.6734375 0.0171875 0.046875
0 0.359375 0.6546875 0.00625 0.0078125
2 0.384375 0.6734375 0.0109375 0.0265625
0 0.384375 0.6640625 0.003125 0.0046875
2 0.40625 0.6828125 0.0265625 0.0421875
0 0.40625 0.6671875 0.0078125 0.0078125
2 0.3921875 0.68125 0.0171875 0.040625
0 0.3953125 0.665625 0.00625 0.00625
2 0.4625 0.678125 0.046875 0.0734375
0 0.4578125 0.65 0.0125 0.0140625
2 0.4765625 0.671875 0.021875 0.0578125
0 0.4765625 0.6515625 0.00625 0.00625
2 0.69375 0.6875 0.1015625 0.109375
0 0.6625 0.6453125 0.0203125 0.021875
2 0.690625 0.684375 0.053125 0.096875
0 0.6875 0.65 0.01875 0.021875
2 0.75 0.6765625 0.0578125 0.0875
0 0.7390625 0.64375 0.015625 0.0203125