2 0.05 0.4359375 0.08125 0.25
0 0.0484375 0.334375 0.021875 0.034375
2 0.2671875 0.565625 0.11875 0.2171875
0 0.240625 0.49375 0.0453125 0.0609375
2 0.3390625 0.34375 0.015625 0.046875
0 0.340625 0.325 0.00625 0.0078125
2 0.45625 0.35625 0.0203125 0.065625
0 0.4578125 0.328125 0.0078125 0.009375
2 0.6203125 0.3546875 0.0296875 0.071875
0 0.621875 0.328125 0.009375 0.0125
2 0.7375 0.3453125 0.0234375 0.071875
0 0.740625 0.31875 0.009375 0.0109375
2 0.7578125 0.35 0.0203125 0.0515625
0 0.7578125 0.33125 0.00625 0.009375
2 0.8296875 0.34375 0.0171875 0.05
0 0.83125 0.325 0.00625 0.009375
2 0.8359375 0.3453125 0.015625 0.0484375
0 0.8375 0.3265625 0.0078125 0.009375
2 0.553125 0.5125 0.140625 0.4125
0 0.55 0.3484375 0.053125 0.0625
2 0.640625 0.5484375 0.15 0.175
0 0.690625 0.4875 0.04375 0.04375
0 0.8984375 0.353125 0.078125 0.090625