2 0.8859375 0.6203125 0.1203125 0.325
0 0.8796875 0.478125 0.0328125 0.0328125
2 0.790625 0.5875 0.0984375 0.2546875
0 0.7921875 0.48125 0.034375 0.0375
2 0.74375 0.5484375 0.0609375 0.18125
0 0.7484375 0.4703125 0.0203125 0.021875
2 0.6546875 0.6140625 0.159375 0.403125
0 0.6625 0.4421875 0.0484375 0.0515625
2 0.503125 0.5953125 0.14375 0.384375
0 0.5015625 0.4359375 0.04375 0.059375
2 0.384375 0.6078125 0.115625 0.3859375
0 0.39375 0.4421875 0.05 0.05
2 0.565625 0.5484375 0.059375 0.175
0 0.5640625 0.475 0.021875 0.0234375
2 0.590625 0.5296875 0.034375 0.109375
0 0.5890625 0.484375 0.0109375 0.0140625
2 0.421875 0.540625 0.071875 0.23125
0 0.4234375 0.4421875 0.0234375 0.0296875
2 0.3140625 0.5390625 0.0640625 0.1625
0 0.31875 0.471875 0.0203125 0.0265625
2 0.346875 0.503125 0.0328125 0.0953125
0 0.35 0.4625 0.0109375 0.0125
2 0.2765625 0.5296875 0.04375 0.109375
0 0.2796875 0.4859375 0.015625 0.0171875
2 0.290625 0.5171875 0.034375 0.115625
0 0.290625 0.471875 0.0140625 0.01875
2 0.2640625 0.509375 0.0265625 0.0796875
0 0.2671875 0.478125 0.0109375 0.0140625
2 0.23125 0.5140625 0.04375 0.1390625
0 0.2296875 0.45625 0.0171875 0.021875
2 0.253125 0.4984375 0.021875 0.0671875
0 0.2546875 0.471875 0.0078125 0.009375
2 0.234375 0.5 0.0328125 0.0734375
0 0.2390625 0.471875 0.0078125 0.009375
2 0.2390625 0.5015625 0.025 0.0671875
0 0.2390625 0.475 0.009375 0.0109375
2 0.20625 0.5078125 0.04375 0.1140625
0 0.2078125 0.459375 0.0125 0.0140625
2 0.1890625 0.5125 0.034375 0.090625
0 0.190625 0.475 0.0109375 0.0125
2 0.165625 0.5125 0.0328125 0.090625
0 0.16875 0.478125 0.0125 0.015625
2 0.1375 0.521875 0.0578125 0.1578125
0 0.134375 0.4546875 0.01875 0.021875
2 0.1109375 0.515625 0.03125 0.0953125
0 0.1109375 0.475 0.0109375 0.0109375
2 0.0921875 0.528125 0.0640625 0.153125
0 0.0890625 0.4625 0.01875 0.0203125
2 0.0625 0.53125 0.046875 0.1390625
0 0.065625 0.4703125 0.01875 0.0171875
2 0.046875 0.509375 0.0296875 0.0875
0 0.05 0.471875 0.009375 0.0109375
2 0.0234375 0.509375 0.0453125 0.1109375
0 0.0203125 0.4625 0.0125 0.0140625
2 0.0171875 0.525 0.034375 0.15
0 0.009375 0.4625 0.01875 0.0234375
2 0.3796875 0.5859375 0.096875 0.3
0 0.396875 0.475 0.0296875 0.0328125