0 0.640625 0.521875 0.0734375 0.0765625
0 0.4984375 0.49375 0.075 0.0859375
0 0.259375 0.515625 0.0734375 0.0890625
0 0.1203125 0.50625 0.08125 0.0953125
2 0.20625 0.5796875 0.0671875 0.2640625
0 0.20625 0.46875 0.03125 0.0375
2 0.3234375 0.6265625 0.1015625 0.3203125
0 0.3296875 0.49375 0.040625 0.0484375
0 0.5625 0.5328125 0.053125 0.053125
0 0.6734375 0.48125 0.0640625 0.065625
2 0.296875 0.5203125 0.0390625 0.1171875
0 0.2953125 0.478125 0.0203125 0.021875
2 0.403125 0.5640625 0.0796875 0.2015625
0 0.40625 0.4828125 0.025 0.0328125
2 0.440625 0.5453125 0.0375 0.134375
0 0.44375 0.490625 0.01875 0.021875
2 0.2609375 0.6796875 0.1125 0.3359375
0 0.24375 0.5390625 0.0484375 0.05625
2 0.421875 0.5234375 0.0234375 0.0859375
0 0.425 0.4890625 0.009375 0.0109375
0 0.38125 0.5140625 0.0578125 0.075