2 0.009375 0.3328125 0.0171875 0.053125
0 0.003125 0.3171875 0.00625 0.009375
2 0.0421875 0.3296875 0.0203125 0.0390625
0 0.0390625 0.3140625 0.00625 0.00625
2 0.0390625 0.3296875 0.025 0.034375
0 0.0390625 0.3140625 0.00625 0.00625
2 0.09375 0.3671875 0.065625 0.121875
0 0.09375 0.3234375 0.0171875 0.01875
2 0.140625 0.3703125 0.04375 0.1203125
0 0.140625 0.3203125 0.015625 0.01875
2 0.121875 0.33125 0.0140625 0.0359375
0 0.121875 0.3171875 0.00625 0.00625
2 0.25625 0.5171875 0.4171875 0.5171875
0 0.228125 0.3046875 0.08125 0.0890625
2 0.3015625 0.4125 0.1125 0.1984375
0 0.3078125 0.33125 0.03125 0.03125
2 0.225 0.3671875 0.0859375 0.190625
0 0.2328125 0.2921875 0.0265625 0.0265625
2 0.4828125 0.396875 0.08125 0.1796875
0 0.4734375 0.325 0.0265625 0.028125
2 0.540625 0.36875 0.0625 0.115625
0 0.534375 0.3234375 0.015625 0.0171875
2 0.56875 0.35625 0.0390625 0.096875
0 0.56875 0.321875 0.0109375 0.0171875
2 0.5734375 0.3984375 0.0609375 0.16875
0 0.5796875 0.3296875 0.0203125 0.0234375
2 0.5953125 0.38125 0.0609375 0.1359375
0 0.5953125 0.325 0.01875 0.021875
2 0.69375 0.409375 0.078125 0.2109375
0 0.6875 0.321875 0.0203125 0.028125
2 0.7125 0.365625 0.0453125 0.1203125
0 0.7140625 0.31875 0.0140625 0.0171875
2 0.7015625 0.3515625 0.021875 0.0671875
0 0.703125 0.325 0.00625 0.00625
2 0.73125 0.3484375 0.0234375 0.053125
0 0.7296875 0.328125 0.0078125 0.0078125
2 0.7515625 0.3671875 0.0390625 0.08125
0 0.7578125 0.3328125 0.0109375 0.009375
2 0.7546875 0.3453125 0.0265625 0.05
0 0.75625 0.325 0.00625 0.0078125
2 0.778125 0.3390625 0.009375 0.0203125
0 0.778125 0.3328125 0.003125 0.003125
2 0.784375 0.340625 0.0078125 0.01875
0 0.7859375 0.334375 0.003125 0.003125
2 0.790625 0.3421875 0.0078125 0.0203125
0 0.790625 0.334375 0.003125 0.003125
2 0.803125 0.34375 0.0234375 0.0578125
0 0.803125 0.321875 0.0078125 0.0078125
2 0.815625 0.3421875 0.0078125 0.0203125
0 0.815625 0.334375 0.003125 0.003125
2 0.8359375 0.3609375 0.034375 0.0859375
0 0.8359375 0.325 0.0125 0.0140625
2 0.8890625 0.3375 0.0109375 0.0265625
0 0.8890625 0.328125 0.0046875 0.0046875
2 0.9078125 0.34375 0.0296875 0.0671875
0 0.90625 0.31875 0.0078125 0.009375
2 0.9421875 0.4171875 0.0984375 0.3234375
0 0.9484375 0.3109375 0.0328125 0.04375
2 0.659375 0.4921875 0.18125 0.4640625
0 0.65625 0.30625 0.0484375 0.06875