0 0.715625 0.35625 0.0453125 0.05625
2 0.7203125 0.471875 0.1375 0.3859375
0 0.721875 0.303125 0.04375 0.0484375
2 0.459375 0.5609375 0.14375 0.459375
0 0.4671875 0.3625 0.0546875 0.05625
2 0.590625 0.4453125 0.1203125 0.325
0 0.5890625 0.309375 0.040625 0.046875
2 0.634375 0.4265625 0.0875 0.2734375
0 0.6328125 0.3140625 0.0375 0.04375
2 0.675 0.4046875 0.09375 0.303125
0 0.675 0.2765625 0.0359375 0.04375
2 0.528125 0.4328125 0.0828125 0.296875
0 0.534375 0.3125 0.034375 0.046875
2 0.465625 0.4609375 0.1046875 0.3265625
0 0.48125 0.3203125 0.0375 0.0421875
2 0.3859375 0.428125 0.1 0.3109375
0 0.390625 0.3015625 0.0390625 0.053125
2 0.290625 0.4546875 0.14375 0.2984375
0 0.2953125 0.328125 0.0359375 0.04375
2 0.2421875 0.3578125 0.0734375 0.190625
0 0.2453125 0.2796875 0.0203125 0.021875