0 0.7203125 0.53125 0.059375 0.05
2 0.7484375 0.6453125 0.1609375 0.2671875
0 0.70625 0.5453125 0.0328125 0.0375
2 0.68125 0.63125 0.096875 0.2078125
0 0.65625 0.546875 0.028125 0.0328125
0 0.5546875 0.5890625 0.0328125 0.040625
0 0.3859375 0.6359375 0.040625 0.0515625
0 0.2015625 0.6390625 0.04375 0.05
2 0.3171875 0.703125 0.1015625 0.1984375
0 0.296875 0.621875 0.028125 0.025
2 0.4 0.625 0.0453125 0.0875
0 0.3984375 0.5921875 0.0140625 0.0125
2 0.48125 0.653125 0.0859375 0.1625
0 0.46875 0.5859375 0.01875 0.0234375
2 0.5 0.6140625 0.0515625 0.1078125
0 0.4953125 0.5703125 0.0140625 0.0125
2 0.521875 0.6265625 0.046875 0.125
0 0.5234375 0.571875 0.0125 0.015625
2 0.6296875 0.6328125 0.0984375 0.1734375
0 0.6078125 0.5609375 0.025 0.025