0 0.6375 0.5953125 0.0671875 0.075
2 0.475 0.61875 0.3359375 0.2625
0 0.5921875 0.53125 0.0484375 0.065625
2 0.4859375 0.559375 0.225 0.2609375
0 0.503125 0.46875 0.046875 0.0546875
2 0.5296875 0.490625 0.221875 0.190625
0 0.56875 0.4421875 0.0328125 0.0359375
2 0.4875 0.471875 0.1109375 0.1734375
0 0.5109375 0.4078125 0.0265625 0.034375
2 0.4734375 0.415625 0.1046875 0.1203125
0 0.496875 0.3875 0.021875 0.028125
2 0.49375 0.3984375 0.1203125 0.13125
0 0.5296875 0.3828125 0.0203125 0.0234375
2 0.5828125 0.3578125 0.046875 0.1515625
0 0.575 0.303125 0.01875 0.021875