2 0.8046875 0.5390625 0.1390625 0.39375
0 0.7859375 0.3765625 0.053125 0.0578125
2 0.7171875 0.540625 0.0921875 0.284375
0 0.7328125 0.4234375 0.0390625 0.046875
2 0.6359375 0.5484375 0.1546875 0.40625
0 0.6421875 0.38125 0.0453125 0.059375
2 0.56875 0.5421875 0.1015625 0.321875
0 0.5671875 0.409375 0.040625 0.0515625
2 0.528125 0.4953125 0.078125 0.2484375
0 0.5265625 0.3875 0.028125 0.0328125
2 0.4796875 0.5265625 0.1453125 0.3859375
0 0.4890625 0.3625 0.0421875 0.053125
2 0.34375 0.5671875 0.125 0.34375
0 0.3453125 0.4234375 0.0390625 0.053125
2 0.3015625 0.509375 0.109375 0.3109375
0 0.290625 0.3828125 0.034375 0.04375
2 0.2109375 0.5796875 0.1359375 0.35625
0 0.203125 0.4328125 0.04375 0.0484375
2 0.1328125 0.55625 0.1265625 0.3625
0 0.1265625 0.409375 0.0390625 0.04375