2 0.3609375 0.4234375 0.015625 0.05
0 0.3609375 0.4046875 0.00625 0.00625
2 0.384375 0.421875 0.0140625 0.04375
0 0.384375 0.4046875 0.00625 0.00625
2 0.403125 0.4296875 0.021875 0.053125
0 0.4046875 0.409375 0.0078125 0.0078125
2 0.446875 0.425 0.01875 0.053125
0 0.446875 0.403125 0.00625 0.00625
2 0.4671875 0.4234375 0.0140625 0.040625
0 0.465625 0.4078125 0.00625 0.00625
2 0.4921875 0.4734375 0.0640625 0.159375
0 0.4984375 0.409375 0.01875 0.0265625
2 0.5296875 0.478125 0.046875 0.153125
0 0.5359375 0.4171875 0.021875 0.025
2 0.5640625 0.49375 0.0484375 0.2046875
0 0.56875 0.4109375 0.025 0.021875
2 0.5625 0.446875 0.0375 0.1375
0 0.5609375 0.390625 0.0171875 0.021875
2 0.5875 0.45 0.03125 0.1078125
0 0.584375 0.403125 0.0140625 0.015625
2 0.6109375 0.46875 0.046875 0.153125
0 0.6125 0.4046875 0.0171875 0.0203125
2 0.621875 0.459375 0.0328125 0.11875
0 0.628125 0.4109375 0.0109375 0.0125
2 0.53125 0.4625 0.0453125 0.1421875
0 0.5390625 0.40625 0.0171875 0.021875
2 0.7125 0.475 0.040625 0.1125
0 0.709375 0.4328125 0.01875 0.021875
2 0.728125 0.60625 0.159375 0.1875
0 0.6875 0.54375 0.05625 0.046875
2 0.690625 0.590625 0.109375 0.109375
0 0.7109375 0.5671875 0.0375 0.0328125