2 0.196875 0.6140625 0.1640625 0.15625
0 0.1640625 0.5546875 0.021875 0.0234375
2 0.4265625 0.5546875 0.015625 0.0484375
0 0.4265625 0.5359375 0.00625 0.0078125
2 0.45 0.565625 0.0109375 0.0359375
0 0.45 0.5578125 0.00625 0.0078125
2 0.446875 0.559375 0.0234375 0.059375
0 0.45 0.5359375 0.0078125 0.0109375
2 0.4546875 0.5484375 0.0140625 0.034375
0 0.45625 0.5328125 0.003125 0.003125
2 0.4625 0.5421875 0.009375 0.025
0 0.4625 0.5328125 0.003125 0.0046875
2 0.4765625 0.5484375 0.0125 0.034375
0 0.4765625 0.534375 0.003125 0.003125
2 0.5015625 0.553125 0.015625 0.04375
0 0.5015625 0.5359375 0.0046875 0.00625
2 0.5078125 0.5578125 0.0140625 0.05
0 0.5078125 0.5359375 0.0046875 0.00625
2 0.528125 0.559375 0.0203125 0.046875
0 0.5296875 0.540625 0.00625 0.00625
2 0.5390625 0.559375 0.0203125 0.053125
0 0.5359375 0.5390625 0.0078125 0.0078125
2 0.5453125 0.553125 0.0234375 0.0234375
0 0.5546875 0.54375 0.00625 0.00625
2 0.6546875 0.5859375 0.053125 0.1796875
0 0.6484375 0.509375 0.028125 0.025
2 0.778125 0.578125 0.059375 0.1390625
0 0.7703125 0.5234375 0.015625 0.01875
2 0.7765625 0.5796875 0.0578125 0.153125
0 0.778125 0.51875 0.0203125 0.021875