2 0.0890625 0.4453125 0.1765625 0.4609375
0 0.05625 0.2625 0.0546875 0.071875
0 0.2828125 0.24375 0.0921875 0.1046875
2 0.2578125 0.4015625 0.1828125 0.503125
0 0.2828125 0.2390625 0.084375 0.1
2 0.4484375 0.45625 0.2390625 0.446875
0 0.4703125 0.284375 0.0578125 0.078125
0 0.546875 0.3625 0.1359375 0.196875
0 0.8125 0.2609375 0.1078125 0.1375
2 0.6828125 0.353125 0.115625 0.3421875
0 0.7015625 0.23125 0.0328125 0.0453125
2 0.8046875 0.36875 0.190625 0.378125
0 0.8140625 0.2609375 0.103125 0.1359375