2 0.2390625 0.7609375 0.0671875 0.1671875
0 0.23125 0.6921875 0.0203125 0.021875
2 0.321875 0.7375 0.0484375 0.1359375
0 0.3296875 0.6796875 0.0140625 0.0171875
2 0.3359375 0.7375 0.034375 0.121875
0 0.3296875 0.6796875 0.015625 0.0171875
2 0.3734375 0.7390625 0.059375 0.134375
0 0.38125 0.68125 0.015625 0.0171875
2 0.4046875 0.696875 0.0171875 0.053125
0 0.40625 0.675 0.00625 0.00625
2 0.415625 0.709375 0.0296875 0.065625
0 0.4171875 0.684375 0.0078125 0.009375
2 0.428125 0.684375 0.009375 0.021875
0 0.428125 0.6765625 0.003125 0.003125
2 0.4359375 0.7109375 0.0328125 0.0859375
0 0.4359375 0.6765625 0.0078125 0.0125
2 0.4640625 0.7109375 0.025 0.0640625
0 0.465625 0.684375 0.0078125 0.009375
2 0.5125 0.6734375 0.0078125 0.021875
0 0.5125 0.665625 0.003125 0.003125
2 0.51875 0.6796875 0.0078125 0.0234375
0 0.5203125 0.671875 0.003125 0.0015625
2 0.503125 0.68125 0.009375 0.0203125
0 0.503125 0.6734375 0.003125 0.003125
2 0.4953125 0.6765625 0.009375 0.01875
0 0.4953125 0.6703125 0.003125 0.003125
2 0.4890625 0.6921875 0.021875 0.0328125
0 0.490625 0.6796875 0.0046875 0.0046875
2 0.5921875 0.6828125 0.0078125 0.0234375
0 0.5921875 0.675 0.003125 0.003125
2 0.771875 0.6796875 0.0109375 0.0234375
0 0.7734375 0.6703125 0.003125 0.003125
2 0.78125 0.678125 0.00625 0.01875
0 0.7796875 0.671875 0.0015625 0.003125
2 0.84375 0.6796875 0.0078125 0.028125
0 0.84375 0.66875 0.003125 0.0046875
2 0.928125 0.66875 0.009375 0.015625
0 0.928125 0.6625 0.0015625 0.0015625