2 0.090625 0.7203125 0.0453125 0.1125
0 0.0890625 0.6734375 0.0140625 0.0171875
2 0.1703125 0.7359375 0.05 0.1046875
0 0.1734375 0.6953125 0.0140625 0.015625
2 0.21875 0.7328125 0.046875 0.1109375
0 0.221875 0.6859375 0.0125 0.015625
2 0.275 0.73125 0.0421875 0.1046875
0 0.271875 0.6890625 0.0125 0.015625
2 0.1625 0.70625 0.0328125 0.0765625
0 0.1625 0.6734375 0.009375 0.009375
2 0.146875 0.6765625 0.0265625 0.075
0 0.146875 0.6484375 0.0078125 0.009375
2 0.190625 0.703125 0.0265625 0.0890625
0 0.1921875 0.6671875 0.0109375 0.0109375
2 0.21875 0.7046875 0.0453125 0.0921875
0 0.2203125 0.6671875 0.0109375 0.0140625
2 0.23125 0.675 0.0328125 0.08125
0 0.2296875 0.6421875 0.0078125 0.0125
2 0.1796875 0.684375 0.0234375 0.0828125
0 0.175 0.6515625 0.0125 0.0125
2 0.171875 0.6828125 0.021875 0.0859375
0 0.1765625 0.646875 0.009375 0.0109375
2 0.0203125 0.621875 0.0171875 0.0265625
0 0.025 0.6140625 0.0046875 0.00625
2 0.0453125 0.61875 0.0203125 0.0359375
0 0.040625 0.60625 0.0046875 0.00625
2 0.040625 0.6171875 0.01875 0.0265625
0 0.0390625 0.6078125 0.0046875 0.0046875
2 0.0828125 0.60625 0.0140625 0.0359375
0 0.08125 0.5921875 0.0046875 0.00625
2 0.1328125 0.6078125 0.0125 0.0328125
0 0.134375 0.5953125 0.0046875 0.0046875
2 0.1515625 0.609375 0.0140625 0.0375
0 0.1515625 0.5953125 0.0046875 0.0046875
2 0.175 0.6375 0.021875 0.053125
0 0.178125 0.615625 0.00625 0.0078125
2 0.1921875 0.6375 0.0171875 0.0546875
0 0.1921875 0.6171875 0.0078125 0.009375
2 0.1984375 0.6140625 0.0140625 0.0453125
0 0.1953125 0.596875 0.0046875 0.00625
2 0.1859375 0.6140625 0.0140625 0.04375
0 0.1890625 0.596875 0.0046875 0.0046875
2 0.1765625 0.6015625 0.0109375 0.03125
0 0.1765625 0.5890625 0.0046875 0.0046875
2 0.165625 0.6015625 0.0109375 0.03125
0 0.165625 0.590625 0.0046875 0.0046875
2 0.2125 0.603125 0.0125 0.03125
0 0.2125 0.590625 0.0046875 0.003125
2 0.2234375 0.6046875 0.0125 0.0359375
0 0.2234375 0.590625 0.0046875 0.00625
2 0.265625 0.63125 0.01875 0.05
0 0.265625 0.6109375 0.00625 0.0046875
2 0.2421875 0.6140625 0.015625 0.04375
0 0.2421875 0.596875 0.00625 0.00625
2 0.2578125 0.5984375 0.0078125 0.0265625
0 0.25625 0.5890625 0.003125 0.003125
2 0.265625 0.5984375 0.0109375 0.0265625
0 0.2671875 0.5890625 0.003125 0.003125
2 0.2890625 0.715625 0.0296875 0.096875
0 0.2859375 0.6765625 0.0109375 0.015625
2 0.5515625 0.6640625 0.04375 0.06875
0 0.553125 0.6359375 0.009375 0.009375
2 0.55 0.6625 0.0328125 0.0640625
0 0.5453125 0.6375 0.0078125 0.009375
2 0.5265625 0.659375 0.0234375 0.05625
0 0.5296875 0.6375 0.00625 0.00625
2 0.5140625 0.6578125 0.01875 0.0578125
0 0.5171875 0.6359375 0.0078125 0.009375
2 0.49375 0.65625 0.025 0.065625
0 0.4953125 0.628125 0.0078125 0.0078125
2 0.4671875 0.6578125 0.021875 0.05625
0 0.46875 0.634375 0.0078125 0.0078125
2 0.4453125 0.6578125 0.025 0.059375
0 0.4453125 0.6328125 0.009375 0.0078125
2 0.4203125 0.659375 0.025 0.065625
0 0.4203125 0.6328125 0.0078125 0.0078125
2 0.4609375 0.653125 0.021875 0.05625
0 0.4640625 0.6296875 0.0078125 0.0078125
2 0.4515625 0.634375 0.0125 0.05
0 0.4515625 0.6140625 0.0078125 0.0078125
2 0.4421875 0.646875 0.015625 0.059375
0 0.44375 0.6234375 0.0078125 0.0078125
2 0.4140625 0.6375 0.015625 0.053125
0 0.41875 0.6171875 0.00625 0.0078125
2 0.309375 0.6359375 0.0171875 0.053125
0 0.3140625 0.615625 0.00625 0.0078125
2 0.325 0.6390625 0.015625 0.0515625
0 0.325 0.6171875 0.0046875 0.00625
2 0.378125 0.6359375 0.0171875 0.046875
0 0.3796875 0.6171875 0.00625 0.00625
2 0.365625 0.6359375 0.015625 0.0453125
0 0.3671875 0.6171875 0.00625 0.00625
2 0.3515625 0.634375 0.0125 0.0484375
0 0.35 0.615625 0.00625 0.00625
2 0.365625 0.615625 0.015625 0.0390625
0 0.3625 0.6 0.003125 0.003125
2 0.284375 0.61875 0.0140625 0.0375
0 0.284375 0.6046875 0.00625 0.0046875
2 0.296875 0.60625 0.0125 0.034375
0 0.2984375 0.59375 0.0046875 0.0046875
2 0.3359375 0.6140625 0.0125 0.034375
0 0.334375 0.6 0.003125 0.0046875
2 0.325 0.6140625 0.015625 0.034375
0 0.3265625 0.596875 0.00625 0.00625
2 0.290625 0.5921875 0.009375 0.025
0 0.2890625 0.5828125 0.003125 0.0046875
2 0.278125 0.603125 0.0109375 0.03125
0 0.2796875 0.5921875 0.0046875 0.00625