2 0.159375 0.3578125 0.0921875 0.18125
0 0.1671875 0.2875 0.021875 0.025
2 0.1359375 0.3953125 0.04375 0.1265625
0 0.146875 0.3515625 0.0171875 0.0203125
2 0.1625 0.4296875 0.0859375 0.1671875
0 0.1796875 0.3625 0.0171875 0.0171875
2 0.2109375 0.453125 0.08125 0.165625
0 0.2265625 0.384375 0.021875 0.0265625
2 0.20625 0.44375 0.0421875 0.1609375
0 0.2078125 0.3765625 0.015625 0.0203125
2 0.275 0.459375 0.040625 0.1609375
0 0.2828125 0.3921875 0.0171875 0.0234375
2 0.2921875 0.4875 0.0453125 0.1359375
0 0.303125 0.4328125 0.01875 0.021875
2 0.3265625 0.475 0.040625 0.1765625
0 0.3234375 0.4015625 0.01875 0.0234375
2 0.3171875 0.5734375 0.084375 0.209375
0 0.325 0.509375 0.025 0.0265625
2 0.38125 0.4921875 0.0328125 0.153125
0 0.3859375 0.428125 0.0203125 0.0234375
2 0.328125 0.4625 0.046875 0.11875
0 0.321875 0.415625 0.0171875 0.0140625
2 0.38125 0.4296875 0.0359375 0.1203125
0 0.3828125 0.384375 0.0125 0.015625
2 0.371875 0.4140625 0.0359375 0.109375
0 0.371875 0.3703125 0.0125 0.015625
2 0.3375 0.4125 0.0453125 0.1125
0 0.33125 0.36875 0.0109375 0.015625
2 0.33125 0.4171875 0.0546875 0.09375
0 0.3234375 0.3796875 0.0109375 0.0125
2 0.303125 0.4140625 0.0296875 0.090625
0 0.30625 0.3796875 0.0125 0.0125
2 0.3046875 0.390625 0.025 0.0859375
0 0.309375 0.35625 0.0125 0.015625
2 0.2796875 0.3828125 0.021875 0.1015625
0 0.28125 0.3453125 0.0109375 0.0125
2 0.334375 0.384375 0.028125 0.0796875
0 0.3359375 0.353125 0.0109375 0.0125
2 0.35 0.3875 0.025 0.0765625
0 0.3515625 0.359375 0.009375 0.0125
2 0.3828125 0.3890625 0.028125 0.0875
0 0.384375 0.3546875 0.0109375 0.015625
2 0.41875 0.3875 0.0546875 0.0703125
0 0.4 0.35625 0.0109375 0.009375
2 0.4109375 0.446875 0.0265625 0.1140625
0 0.40625 0.4015625 0.0140625 0.01875
2 0.4609375 0.4265625 0.0453125 0.1125
0 0.4640625 0.3828125 0.0140625 0.01875
2 0.484375 0.4453125 0.0453125 0.134375
0 0.478125 0.3875 0.015625 0.0171875
2 0.4640625 0.4171875 0.0234375 0.1078125
0 0.459375 0.3734375 0.0125 0.015625
2 0.4515625 0.39375 0.03125 0.0984375
0 0.4484375 0.353125 0.0125 0.015625
2 0.4296875 0.3609375 0.0359375 0.078125
0 0.43125 0.3296875 0.0109375 0.0140625
2 0.44375 0.3578125 0.025 0.0671875
0 0.44375 0.33125 0.0109375 0.0140625
2 0.4515625 0.3609375 0.0296875 0.0734375
0 0.453125 0.33125 0.0125 0.0125
2 0.4640625 0.3921875 0.08125 0.128125
0 0.4765625 0.3390625 0.015625 0.0171875
2 0.5140625 0.3765625 0.0390625 0.103125
0 0.5140625 0.3328125 0.0125 0.0125
2 0.515625 0.346875 0.05 0.0875
0 0.5 0.3125 0.0171875 0.01875
2 0.5109375 0.328125 0.0375 0.10625
0 0.5125 0.284375 0.0125 0.015625
2 0.5078125 0.321875 0.0296875 0.0828125
0 0.5046875 0.2921875 0.0125 0.0125
2 0.5796875 0.334375 0.0359375 0.1125
0 0.578125 0.290625 0.0140625 0.0140625
2 0.596875 0.3484375 0.046875 0.103125
0 0.5984375 0.3046875 0.0125 0.0125
2 0.5046875 0.434375 0.0359375 0.0859375
0 0.5078125 0.4 0.0140625 0.0125
2 0.5375 0.4359375 0.0453125 0.1265625
0 0.5359375 0.384375 0.0140625 0.015625
2 0.58125 0.421875 0.0671875 0.125
0 0.5828125 0.371875 0.015625 0.01875
2 0.5609375 0.5015625 0.0296875 0.1390625
0 0.55625 0.4453125 0.0171875 0.01875
2 0.6015625 0.528125 0.0625 0.1828125
0 0.5984375 0.4515625 0.01875 0.021875
2 0.575 0.48125 0.0328125 0.1234375
0 0.58125 0.43125 0.015625 0.0203125
2 0.628125 0.54375 0.065625 0.165625
0 0.6265625 0.471875 0.0203125 0.021875
2 0.3953125 0.625 0.0515625 0.1671875
0 0.4 0.5578125 0.021875 0.0265625
2 0.4828125 0.675 0.0984375 0.2
0 0.459375 0.5953125 0.021875 0.0265625
2 0.090625 0.709375 0.103125 0.2421875
0 0.0875 0.6109375 0.03125 0.0390625
2 0.4171875 0.6859375 0.0578125 0.1875
0 0.40625 0.609375 0.025 0.0296875
0 0.4484375 0.6484375 0.03125 0.0390625
2 0.471875 0.721875 0.0734375 0.215625
0 0.4546875 0.6359375 0.03125 0.0375
0 0.51875 0.68125 0.034375 0.0421875
0 0.575 0.715625 0.0484375 0.0546875
0 0.5828125 0.6375 0.0359375 0.04375
0 0.603125 0.6390625 0.0265625 0.0359375
2 0.609375 0.70625 0.0828125 0.240625
0 0.6015625 0.609375 0.0265625 0.03125
0 0.6484375 0.6984375 0.03125 0.0375
0 0.7015625 0.709375 0.0421875 0.040625
0 0.8390625 0.6640625 0.0984375 0.109375
0 0.6703125 0.640625 0.0328125 0.0421875
2 0.675 0.690625 0.0625 0.1890625
0 0.6703125 0.615625 0.0265625 0.03125
0 0.790625 0.640625 0.0390625 0.04375
0 0.7515625 0.6375 0.0390625 0.0390625
0 0.896875 0.5828125 0.0453125 0.0484375
0 0.9859375 0.575 0.015625 0.0203125
0 0.39375 0.7375 0.0453125 0.05