2 0.0171875 0.4421875 0.0140625 0.04375
0 0.0171875 0.4265625 0.0046875 0.00625
2 0.0515625 0.45 0.0234375 0.05625
0 0.0515625 0.428125 0.0078125 0.009375
2 0.0609375 0.4515625 0.0234375 0.05625
0 0.059375 0.4296875 0.0078125 0.0078125
2 0.075 0.4546875 0.0265625 0.0671875
0 0.078125 0.428125 0.009375 0.009375
2 0.0875 0.4421875 0.015625 0.0390625
0 0.0859375 0.428125 0.00625 0.00625
2 0.228125 0.4703125 0.05 0.1
0 0.2359375 0.43125 0.0109375 0.0140625
2 0.2546875 0.45 0.04375 0.0578125
0 0.2546875 0.4265625 0.00625 0.0078125
2 0.2953125 0.45 0.0234375 0.0546875
0 0.2921875 0.4265625 0.00625 0.0078125
2 0.3625 0.45 0.025 0.059375
0 0.3609375 0.428125 0.009375 0.0125
2 0.5875 0.46875 0.0390625 0.103125
0 0.590625 0.4265625 0.0140625 0.0140625
2 0.490625 0.446875 0.021875 0.0546875
0 0.490625 0.425 0.0078125 0.0078125
2 0.90625 0.5015625 0.06875 0.1734375
0 0.9015625 0.4265625 0.0203125 0.0203125
2 0.9171875 0.496875 0.05 0.159375
0 0.9203125 0.43125 0.0171875 0.021875
2 0.109375 0.496875 0.05625 0.140625
0 0.1078125 0.4390625 0.015625 0.0234375
2 0.121875 0.5015625 0.0609375 0.15625
0 0.1203125 0.440625 0.01875 0.028125
2 0.1546875 0.5109375 0.0765625 0.15625
0 0.1390625 0.4484375 0.0203125 0.0234375
2 0.171875 0.515625 0.084375 0.171875
0 0.153125 0.4453125 0.021875 0.028125
2 0.1578125 0.521875 0.146875 0.1859375
0 0.178125 0.446875 0.021875 0.0296875
2 0.1859375 0.5203125 0.1171875 0.21875
0 0.175 0.43125 0.028125 0.0359375
2 0.196875 0.534375 0.1046875 0.2125
0 0.1890625 0.4515625 0.0265625 0.0359375
2 0.2015625 0.546875 0.109375 0.240625
0 0.2015625 0.45 0.028125 0.04375
2 0.315625 0.5 0.0578125 0.1375
0 0.315625 0.44375 0.01875 0.021875
2 0.3421875 0.5 0.0734375 0.159375
0 0.34375 0.4375 0.0203125 0.025
2 0.36875 0.509375 0.09375 0.1640625
0 0.3765625 0.4453125 0.0203125 0.0265625
2 0.4109375 0.515625 0.0671875 0.175
0 0.40625 0.44375 0.0203125 0.028125
2 0.4453125 0.5234375 0.078125 0.184375
0 0.4421875 0.453125 0.021875 0.028125
2 0.4703125 0.528125 0.0875 0.2015625
0 0.475 0.446875 0.0234375 0.03125
2 0.5140625 0.5359375 0.0953125 0.2203125
0 0.5125 0.446875 0.025 0.034375
2 0.546875 0.546875 0.0984375 0.2421875
0 0.5546875 0.446875 0.0265625 0.034375
2 0.53125 0.5015625 0.059375 0.15625
0 0.534375 0.4421875 0.0203125 0.0265625
2 0.571875 0.5140625 0.0515625 0.1515625
0 0.575 0.453125 0.0171875 0.0234375
2 0.6078125 0.51875 0.065625 0.1640625
0 0.609375 0.4578125 0.0203125 0.025
2 0.6609375 0.515625 0.0828125 0.19375
0 0.66875 0.440625 0.025 0.028125
2 0.7046875 0.5234375 0.090625 0.2046875
0 0.70625 0.4421875 0.0234375 0.03125
2 0.7578125 0.53125 0.0828125 0.228125
0 0.7640625 0.4359375 0.028125 0.0359375
2 0.8421875 0.5546875 0.0765625 0.2140625
0 0.840625 0.4671875 0.028125 0.0328125