0 0.9203125 0.571875 0.0453125 0.05
0 0.703125 0.578125 0.0375 0.0390625
2 0.709375 0.63125 0.078125 0.1890625
0 0.7 0.553125 0.0234375 0.0234375
2 0.6140625 0.60625 0.05625 0.115625
0 0.61875 0.55625 0.0125 0.0109375
2 0.50625 0.6015625 0.059375 0.134375
0 0.515625 0.546875 0.0140625 0.0171875
2 0.340625 0.634375 0.08125 0.128125
0 0.321875 0.584375 0.021875 0.0234375
2 0.3578125 0.6078125 0.0796875 0.090625
0 0.34375 0.5734375 0.01875 0.0203125
2 0.3625 0.6078125 0.0625 0.084375
0 0.35 0.5765625 0.0140625 0.0171875
2 0.3640625 0.5734375 0.0296875 0.065625
0 0.3625 0.5484375 0.009375 0.009375