2 0.6015625 0.51875 0.1203125 0.315625
0 0.590625 0.3890625 0.034375 0.0375
2 0.6796875 0.4796875 0.0484375 0.1046875
0 0.68125 0.440625 0.0171875 0.0203125
2 0.9875 0.4171875 0.021875 0.0625
0 0.9859375 0.3890625 0.00625 0.0078125
2 0.965625 0.4265625 0.0265625 0.0890625
0 0.9625 0.390625 0.0109375 0.0125
2 0.9515625 0.4296875 0.025 0.0765625
0 0.953125 0.396875 0.0078125 0.009375
2 0.9265625 0.4234375 0.0328125 0.0875
0 0.9328125 0.3875 0.0109375 0.0125
2 0.9421875 0.41875 0.0234375 0.075
0 0.940625 0.390625 0.009375 0.0109375
2 0.8984375 0.4171875 0.01875 0.05625
0 0.8984375 0.39375 0.0078125 0.00625
2 0.8859375 0.421875 0.0265625 0.090625
0 0.884375 0.384375 0.0125 0.0140625
2 0.8625 0.4203125 0.03125 0.0890625
0 0.865625 0.384375 0.009375 0.0109375
2 0.828125 0.4234375 0.040625 0.084375
0 0.83125 0.3890625 0.0109375 0.009375
2 0.8171875 0.41875 0.025 0.075
0 0.81875 0.3890625 0.0078125 0.0109375
2 0.7921875 0.4171875 0.021875 0.075
0 0.7953125 0.3875 0.0109375 0.0125
2 0.78125 0.4203125 0.0296875 0.0796875
0 0.78125 0.3875 0.0109375 0.0109375
2 0.7546875 0.4203125 0.0234375 0.0765625
0 0.75625 0.3875 0.009375 0.009375
2 0.73125 0.415625 0.0328125 0.096875
0 0.734375 0.378125 0.0109375 0.0140625
2 0.7015625 0.4171875 0.0296875 0.09375
0 0.7015625 0.3796875 0.0125 0.0140625
2 0.6546875 0.4234375 0.0296875 0.0921875
0 0.65625 0.3875 0.0109375 0.0140625
2 0.61875 0.4265625 0.0421875 0.0984375
0 0.621875 0.384375 0.0125 0.0125
2 0.634375 0.4078125 0.01875 0.0625
0 0.6359375 0.384375 0.0078125 0.0078125
2 0.6453125 0.4125 0.0140625 0.05625
0 0.6453125 0.3890625 0.00625 0.0078125
2 0.6859375 0.4109375 0.0171875 0.0578125
0 0.6875 0.3875 0.009375 0.0078125
2 0.696875 0.4109375 0.0234375 0.0609375
0 0.69375 0.3859375 0.0078125 0.0078125
2 0.5734375 0.4203125 0.03125 0.0859375
0 0.5734375 0.384375 0.009375 0.0109375
2 0.5453125 0.4609375 0.0515625 0.159375
0 0.5484375 0.3953125 0.0203125 0.021875
2 0.515625 0.415625 0.021875 0.0578125
0 0.5171875 0.3921875 0.00625 0.00625
2 0.496875 0.421875 0.021875 0.0609375
0 0.496875 0.3984375 0.0078125 0.0078125
2 0.48125 0.4359375 0.034375 0.1125
0 0.48125 0.390625 0.0125 0.015625
2 0.4640625 0.428125 0.0265625 0.090625
0 0.4625 0.3921875 0.0125 0.0125
2 0.440625 0.4609375 0.0671875 0.1671875
0 0.4359375 0.3875 0.0171875 0.01875
2 0.375 0.4578125 0.0640625 0.1859375
0 0.3609375 0.384375 0.0234375 0.0265625
2 0.33125 0.4828125 0.046875 0.1328125
0 0.33125 0.434375 0.01875 0.021875
2 0.2734375 0.4625 0.0609375 0.1546875
0 0.2703125 0.3984375 0.0171875 0.021875
2 0.2453125 0.45625 0.05625 0.1265625
0 0.2546875 0.4046875 0.0171875 0.0171875
2 0.228125 0.4328125 0.021875 0.0671875
0 0.23125 0.4078125 0.0078125 0.009375
2 0.3078125 0.4421875 0.0328125 0.109375
0 0.3109375 0.396875 0.009375 0.0125
2 0.3984375 0.43125 0.03125 0.1
0 0.3984375 0.3921875 0.0125 0.015625
2 0.4140625 0.4375 0.025 0.0890625
0 0.4171875 0.403125 0.0125 0.0140625
2 0.3453125 0.4359375 0.0296875 0.1
0 0.3421875 0.3921875 0.0125 0.0109375
2 0.1234375 0.45 0.0359375 0.1
0 0.1296875 0.4109375 0.015625 0.0171875
2 0.125 0.45 0.0390625 0.115625
0 0.128125 0.403125 0.0140625 0.015625
2 0.1546875 0.5390625 0.125 0.3265625
0 0.153125 0.4046875 0.0359375 0.05
2 0.078125 0.5078125 0.096875 0.240625
0 0.084375 0.40625 0.03125 0.0328125
2 0.021875 0.509375 0.0421875 0.215625
0 0.0046875 0.41953125 0.009375 0.0265625
2 0.009375 0.4328125 0.01875 0.0671875
0 0.0078125 0.40625 0.0109375 0.009375