0 0.0796875 0.3734375 0.0796875 0.0984375
0 0.296875 0.4 0.109375 0.1296875
0 0.359375 0.35625 0.0890625 0.11875
0 0.4609375 0.3890625 0.084375 0.109375
0 0.6234375 0.36875 0.1015625 0.1359375
0 0.759375 0.390625 0.1109375 0.1328125
2 0.903125 0.5875 0.1875 0.5625
0 0.9140625 0.3546875 0.071875 0.0859375
0 0.96875 0.3421875 0.0546875 0.0828125
2 0.2375 0.575 0.1390625 0.4765625
0 0.209375 0.3828125 0.0734375 0.084375
2 0.54375 0.4578125 0.084375 0.33125
0 0.54375 0.321875 0.0359375 0.046875
2 0.525 0.4984375 0.0984375 0.3453125
0 0.51875 0.353125 0.0375 0.04375
2 0.8265625 0.54375 0.14375 0.4328125
0 0.83125 0.375 0.0640625 0.06875