2 0.3140625 0.825 0.0265625 0.06875
0 0.315625 0.7984375 0.0078125 0.009375
2 0.3953125 0.8203125 0.021875 0.046875
0 0.4 0.8 0.00625 0.00625
2 0.409375 0.81875 0.028125 0.053125
0 0.409375 0.7984375 0.0078125 0.00625
2 0.41875 0.803125 0.021875 0.0453125
0 0.4203125 0.7859375 0.0078125 0.0078125
0 0.4671875 0.78125 0.0109375 0.0140625
0 0.509375 0.7875 0.0140625 0.0140625
2 0.684375 0.8125 0.0171875 0.05625
0 0.6796875 0.790625 0.0078125 0.009375
2 0.809375 0.834375 0.034375 0.078125
0 0.8125 0.809375 0.0109375 0.0125
2 0.834375 0.8328125 0.0296875 0.065625
0 0.83125 0.809375 0.009375 0.0125
2 0.8625 0.828125 0.034375 0.071875
0 0.8625 0.803125 0.0109375 0.0125
0 0.0890625 0.775 0.0125 0.0109375
0 0.1375 0.76875 0.015625 0.015625
2 0.1828125 0.8140625 0.0359375 0.103125
0 0.184375 0.7734375 0.0125 0.015625
2 0.2078125 0.8234375 0.0328125 0.0890625
0 0.209375 0.7875 0.0125 0.0140625
2 0.2375 0.815625 0.0421875 0.109375
0 0.2328125 0.771875 0.015625 0.015625
2 0.2421875 0.8234375 0.0296875 0.0921875
0 0.240625 0.7875 0.009375 0.0109375