2 0.1390625 0.5578125 0.1421875 0.409375
0 0.128125 0.3875 0.0515625 0.0609375
2 0.4265625 0.515625 0.0390625 0.115625
0 0.4234375 0.46875 0.0140625 0.0171875
2 0.4359375 0.5078125 0.034375 0.0796875
0 0.4296875 0.475 0.0109375 0.0109375
2 0.45625 0.50625 0.0296875 0.0765625
0 0.45625 0.4765625 0.0109375 0.0109375
2 0.46875 0.4953125 0.015625 0.046875
0 0.4703125 0.4765625 0.00625 0.00625
2 0.4875 0.5125 0.046875 0.096875
0 0.490625 0.4703125 0.0125 0.0109375
2 0.503125 0.4984375 0.0140625 0.0453125
0 0.503125 0.4796875 0.00625 0.0078125
2 0.51875 0.5125 0.0359375 0.0734375
0 0.5203125 0.48125 0.0078125 0.009375
2 0.553125 0.5 0.025 0.0703125
0 0.553125 0.471875 0.0078125 0.009375
2 0.54375 0.496875 0.0109375 0.0375
0 0.5453125 0.4828125 0.00625 0.00625
2 0.6453125 0.6046875 0.1328125 0.3171875
0 0.6625 0.4734375 0.046875 0.04375
2 0.9265625 0.54375 0.1265625 0.2796875
0 0.9640625 0.4296875 0.0359375 0.0421875