2 0.3828125 0.53125 0.1 0.103125
0 0.415625 0.490625 0.0171875 0.01875
2 0.390625 0.528125 0.0875 0.0921875
0 0.4203125 0.490625 0.0140625 0.0140625
2 0.4453125 0.4859375 0.015625 0.059375
0 0.4484375 0.4625 0.00625 0.0078125
2 0.5015625 0.49375 0.03125 0.046875
0 0.5078125 0.478125 0.0078125 0.0109375
2 0.5015625 0.490625 0.021875 0.03125
0 0.5015625 0.4796875 0.00625 0.00625
2 0.5125 0.4875 0.0234375 0.0328125
0 0.515625 0.4765625 0.00625 0.0078125
2 0.584375 0.4734375 0.009375 0.0234375
0 0.5859375 0.465625 0.0015625 0.003125
2 0.5953125 0.471875 0.0109375 0.025
0 0.596875 0.4625 0.003125 0.003125
2 0.60625 0.5 0.0328125 0.096875
0 0.6109375 0.459375 0.0125 0.015625
2 0.640625 0.5 0.0390625 0.09375
0 0.640625 0.4640625 0.0125 0.015625