2 0.8875 0.5484375 0.121875 0.3296875
0 0.9 0.4140625 0.0453125 0.05
2 0.7890625 0.515625 0.10625 0.303125
0 0.79375 0.39375 0.0359375 0.04375
2 0.6984375 0.490625 0.1015625 0.3140625
0 0.709375 0.3640625 0.040625 0.053125
2 0.621875 0.4890625 0.090625 0.2421875
0 0.621875 0.390625 0.0296875 0.0359375
2 0.6953125 0.4734375 0.090625 0.2203125
0 0.69375 0.3859375 0.025 0.0328125
2 0.5828125 0.475 0.0453125 0.15
0 0.590625 0.415625 0.01875 0.021875
2 0.5578125 0.425 0.01875 0.0515625
0 0.55625 0.4046875 0.00625 0.00625
2 0.865625 0.4984375 0.0765625 0.24375
0 0.865625 0.4 0.03125 0.034375
2 0.74375 0.459375 0.0421875 0.1375
0 0.7390625 0.4078125 0.0140625 0.01875
2 0.7734375 0.4546875 0.0328125 0.1078125
0 0.7765625 0.4125 0.0140625 0.015625
2 0.8859375 0.50625 0.084375 0.259375
0 0.8984375 0.39375 0.0265625 0.028125
0 0.4640625 0.3296875 0.059375 0.078125
2 0.365625 0.5703125 0.078125 0.221875
0 0.3671875 0.4828125 0.034375 0.0375
2 0.3421875 0.4734375 0.0859375 0.1625
0 0.3375 0.40625 0.01875 0.021875
2 0.3671875 0.440625 0.034375 0.096875
0 0.365625 0.403125 0.0125 0.015625
2 0.35 0.43125 0.0296875 0.0953125
0 0.35 0.39375 0.0125 0.0140625
2 0.303125 0.4484375 0.040625 0.1
0 0.3078125 0.4078125 0.0125 0.0140625
2 0.2890625 0.4453125 0.0328125 0.1
0 0.2953125 0.4046875 0.0140625 0.0140625
2 0.234375 0.5 0.096875 0.2828125
0 0.23125 0.3890625 0.028125 0.0359375
2 0.2109375 0.5390625 0.0921875 0.253125
0 0.2046875 0.4375 0.03125 0.034375
0 0.0390625 0.4109375 0.0765625 0.1765625
2 0.128125 0.5078125 0.0859375 0.25625
0 0.13125 0.4015625 0.0328125 0.0359375