2 0.021875 0.6078125 0.04375 0.1375
0 0.01875 0.55 0.01875 0.021875
0 0.046875 0.55625 0.0390625 0.0453125
2 0.0703125 0.6421875 0.0546875 0.175
0 0.075 0.5671875 0.01875 0.021875
2 0.0671875 0.6015625 0.05 0.065625
0 0.08125 0.5796875 0.015625 0.01875
0 0.1359375 0.559375 0.034375 0.0390625
2 0.1703125 0.659375 0.0953125 0.2015625
0 0.190625 0.5734375 0.021875 0.0234375
2 0.1921875 0.659375 0.071875 0.1984375
0 0.1953125 0.575 0.0171875 0.01875
0 0.2375 0.590625 0.0484375 0.059375
0 0.3359375 0.5796875 0.05625 0.0671875
2 0.3640625 0.6171875 0.0625 0.13125
0 0.359375 0.5625 0.015625 0.0203125
2 0.3875 0.6078125 0.0359375 0.11875
0 0.3828125 0.559375 0.015625 0.015625
2 0.4421875 0.615625 0.059375 0.146875
0 0.4390625 0.5546875 0.0171875 0.0203125
2 0.4515625 0.6015625 0.0328125 0.10625
0 0.4515625 0.5578125 0.0109375 0.0140625
2 0.475 0.6 0.03125 0.115625
0 0.4734375 0.5515625 0.0125 0.0171875
2 0.4859375 0.6078125 0.046875 0.1453125
0 0.4859375 0.5484375 0.015625 0.0203125
2 0.50625 0.6125 0.021875 0.0609375
0 0.50625 0.5890625 0.0078125 0.0140625
2 0.496875 0.5734375 0.0234375 0.0703125
0 0.496875 0.546875 0.009375 0.0125
2 0.5109375 0.5890625 0.0265625 0.0875
0 0.509375 0.553125 0.009375 0.0140625
2 0.5375 0.60625 0.0484375 0.13125
0 0.5390625 0.55 0.0140625 0.0171875
2 0.55 0.615625 0.0625 0.140625
0 0.5515625 0.5578125 0.01875 0.021875
2 0.565625 0.646875 0.06875 0.2078125
0 0.5640625 0.559375 0.0234375 0.0296875
2 0.58125 0.6015625 0.03125 0.0890625
0 0.5828125 0.565625 0.0125 0.0140625
2 0.5890625 0.5859375 0.0265625 0.0875
0 0.590625 0.5484375 0.0109375 0.0109375
2 0.5953125 0.5734375 0.021875 0.0546875
0 0.596875 0.5515625 0.0046875 0.00625
2 0.603125 0.5671875 0.015625 0.0375
0 0.603125 0.55 0.0046875 0.0046875
2 0.603125 0.5609375 0.0109375 0.0328125
0 0.603125 0.546875 0.003125 0.0046875
2 0.6171875 0.60625 0.03125 0.0890625
0 0.615625 0.56875 0.0125 0.0125
2 0.6265625 0.59375 0.0265625 0.08125
0 0.6234375 0.5609375 0.0109375 0.0125
2 0.6484375 0.5859375 0.028125 0.0671875
0 0.6484375 0.5578125 0.0078125 0.009375
2 0.6578125 0.575 0.0171875 0.046875
0 0.6578125 0.5546875 0.0046875 0.00625
2 0.671875 0.575 0.015625 0.04375
0 0.66875 0.55625 0.0046875 0.0046875
2 0.6796875 0.58125 0.025 0.059375
0 0.6796875 0.5578125 0.0078125 0.009375
2 0.66875 0.6375 0.059375 0.1171875
0 0.6765625 0.5921875 0.01875 0.0234375
2 0.70625 0.675 0.090625 0.1484375
0 0.6890625 0.615625 0.021875 0.0265625
0 0.69375 0.621875 0.0265625 0.0359375
2 0.675 0.5703125 0.0125 0.0421875
0 0.675 0.553125 0.0046875 0.00625
2 0.6828125 0.5703125 0.015625 0.046875
0 0.68125 0.5515625 0.0046875 0.00625
2 0.7015625 0.578125 0.0203125 0.053125
0 0.7015625 0.55625 0.00625 0.0078125
2 0.709375 0.5875 0.03125 0.0703125
0 0.709375 0.5609375 0.0078125 0.0078125
2 0.728125 0.6421875 0.0609375 0.11875
0 0.7234375 0.5921875 0.0125 0.015625
2 0.7328125 0.6296875 0.05625 0.146875
0 0.73125 0.56875 0.021875 0.0234375
2 0.7625 0.6140625 0.025 0.0546875
0 0.765625 0.59375 0.0078125 0.009375
2 0.759375 0.5703125 0.0171875 0.05
0 0.7578125 0.5515625 0.00625 0.0078125
2 0.7625 0.565625 0.01875 0.0453125
0 0.7609375 0.5484375 0.0078125 0.00625
2 0.7875 0.60625 0.0390625 0.109375
0 0.7859375 0.5609375 0.0125 0.0140625
2 0.7953125 0.5984375 0.0453125 0.0875
0 0.790625 0.5625 0.009375 0.0109375
2 0.8109375 0.5859375 0.0234375 0.0734375
0 0.80625 0.55625 0.0125 0.0109375
2 0.83125 0.60625 0.040625 0.075
0 0.83125 0.575 0.009375 0.0125
2 0.8421875 0.6203125 0.0671875 0.1421875
0 0.84375 0.559375 0.0171875 0.0171875
2 0.89375 0.621875 0.0484375 0.1375
0 0.8921875 0.5640625 0.0203125 0.01875
2 0.9328125 0.6390625 0.065625 0.109375
0 0.9375 0.5953125 0.0125 0.015625
2 0.959375 0.6328125 0.0703125 0.15
0 0.9546875 0.5703125 0.0203125 0.0234375