0 0.91875 0.640625 0.05625 0.065625
0 0.771875 0.58125 0.04375 0.04375
2 0.6671875 0.6234375 0.059375 0.171875
0 0.6703125 0.5484375 0.01875 0.0171875
2 0.6078125 0.590625 0.0265625 0.0640625
0 0.60625 0.565625 0.009375 0.0109375
2 0.5921875 0.58125 0.028125 0.0765625
0 0.5953125 0.5515625 0.0078125 0.0109375
2 0.53125 0.6 0.0515625 0.0671875
0 0.5375 0.575 0.0140625 0.0125
2 0.49375 0.5859375 0.0328125 0.0828125
0 0.4984375 0.5515625 0.0109375 0.0109375
2 0.48125 0.578125 0.028125 0.078125
0 0.4828125 0.5453125 0.0109375 0.0109375
2 0.4640625 0.575 0.028125 0.075
0 0.4703125 0.546875 0.0109375 0.0125
2 0.43125 0.578125 0.03125 0.0765625
0 0.434375 0.55 0.0109375 0.0140625
2 0.3796875 0.5921875 0.0390625 0.1
0 0.384375 0.55 0.0140625 0.0140625
2 0.3203125 0.6421875 0.0984375 0.2046875
0 0.325 0.55625 0.028125 0.0296875
2 0.2421875 0.584375 0.05 0.14375
0 0.253125 0.528125 0.021875 0.021875
2 0.3921875 0.5890625 0.0375 0.0984375
0 0.3859375 0.5515625 0.0125 0.0171875