2 0.2921875 0.540625 0.13125 0.3328125
0 0.2765625 0.4015625 0.0375 0.0453125
2 0.396875 0.5453125 0.171875 0.3328125
0 0.3671875 0.409375 0.0453125 0.046875
2 0.575 0.5234375 0.0953125 0.246875
0 0.578125 0.4203125 0.03125 0.03125
2 0.6453125 0.5265625 0.084375 0.2359375
0 0.63125 0.425 0.03125 0.0328125
2 0.640625 0.5265625 0.09375 0.259375
0 0.64375 0.415625 0.0390625 0.03125
2 0.7296875 0.5078125 0.1109375 0.2359375
0 0.7375 0.4109375 0.028125 0.03125
2 0.803125 0.5109375 0.08125 0.21875
0 0.803125 0.4234375 0.025 0.0359375
2 0.878125 0.5171875 0.0953125 0.2265625
0 0.86875 0.425 0.028125 0.0390625