2 0.021875 0.63515625 0.04375 0.1546875
0 0.0109375 0.571875 0.021875 0.0234375
2 0.09375 0.6421875 0.078125 0.14375
0 0.10625 0.5828125 0.01875 0.021875
2 0.059375 0.6125 0.0265625 0.05
0 0.06875 0.59375 0.0078125 0.0078125
2 0.11875 0.6125 0.01875 0.0578125
0 0.121875 0.5890625 0.00625 0.00625
2 0.203125 0.6234375 0.0328125 0.075
0 0.209375 0.5921875 0.009375 0.009375
2 0.2421875 0.621875 0.040625 0.0765625
0 0.25625 0.5921875 0.0125 0.0125
2 0.2640625 0.6546875 0.0671875 0.14375
0 0.278125 0.596875 0.015625 0.01875
2 0.29375 0.6234375 0.0328125 0.0796875
0 0.29375 0.590625 0.0109375 0.0109375
2 0.315625 0.6234375 0.025 0.0765625
0 0.3140625 0.5921875 0.009375 0.009375
2 0.346875 0.625 0.028125 0.075
0 0.3453125 0.59375 0.0078125 0.009375
2 0.3734375 0.621875 0.01875 0.05625
0 0.3765625 0.6 0.0078125 0.00625
2 0.3921875 0.6203125 0.01875 0.0421875
0 0.3921875 0.60625 0.00625 0.0078125
2 0.465625 0.615625 0.01875 0.0328125
0 0.4671875 0.603125 0.00625 0.0046875
2 0.54375 0.621875 0.0140625 0.0484375
0 0.54375 0.603125 0.00625 0.00625
2 0.5390625 0.625 0.0140625 0.0484375
0 0.5421875 0.6046875 0.0046875 0.0046875
2 0.653125 0.6328125 0.025 0.0578125
0 0.65625 0.609375 0.00625 0.00625
2 0.71875 0.659375 0.053125 0.128125
0 0.715625 0.60625 0.0140625 0.015625
2 0.775 0.6328125 0.015625 0.040625
0 0.7734375 0.6171875 0.00625 0.00625
2 0.165625 0.60625 0.0171875 0.0359375
0 0.16875 0.5921875 0.00625 0.00625
2 0.3625 0.6265625 0.01875 0.0625
0 0.3609375 0.6015625 0.00625 0.00625