0 0.9890625 0.7078125 0.01875 0.0203125
2 0.959375 0.784375 0.0328125 0.0640625
0 0.96875 0.759375 0.0109375 0.0109375
2 0.93125 0.765625 0.0453125 0.146875
0 0.921875 0.703125 0.0171875 0.0203125
2 0.88125 0.76875 0.046875 0.1390625
0 0.878125 0.709375 0.015625 0.0171875
2 0.846875 0.7640625 0.0390625 0.1328125
0 0.8421875 0.7078125 0.0171875 0.01875
2 0.8234375 0.7234375 0.021875 0.0671875
0 0.825 0.69375 0.009375 0.0078125
0 0.7953125 0.7140625 0.0265625 0.028125
0 0.7953125 0.7234375 0.0203125 0.021875
2 0.7171875 0.7875 0.0625 0.065625
0 0.725 0.7640625 0.015625 0.0171875
2 0.721875 0.734375 0.025 0.08125
0 0.721875 0.7015625 0.0078125 0.009375
2 0.6984375 0.740625 0.028125 0.0796875
0 0.7 0.7078125 0.0109375 0.0125
2 0.6484375 0.790625 0.0640625 0.04375
0 0.6765625 0.79375 0.0125 0.0140625
2 0.65 0.7640625 0.0265625 0.040625
0 0.6484375 0.75 0.009375 0.0109375
2 0.6921875 0.7265625 0.0328125 0.090625
0 0.6921875 0.690625 0.009375 0.009375
2 0.6703125 0.7265625 0.01875 0.0796875
0 0.6671875 0.6921875 0.009375 0.009375
2 0.6453125 0.75 0.0421875 0.0671875
0 0.6390625 0.7234375 0.009375 0.0125
2 0.6390625 0.73125 0.028125 0.0765625
0 0.6375 0.7 0.0109375 0.0140625
0 0.603125 0.825 0.021875 0.0234375
2 0.5953125 0.8265625 0.0765625 0.0859375
0 0.5890625 0.7984375 0.0203125 0.025
2 0.6609375 0.6984375 0.0125 0.0484375
0 0.6625 0.6828125 0.00625 0.00625
2 0.66875 0.7046875 0.01875 0.0546875
0 0.6703125 0.6828125 0.00625 0.00625
2 0.6234375 0.7140625 0.025 0.0734375
0 0.621875 0.6828125 0.0109375 0.0109375
2 0.6015625 0.70625 0.028125 0.071875
0 0.6015625 0.6765625 0.0078125 0.0109375
2 0.5703125 0.709375 0.0234375 0.0796875
0 0.571875 0.6765625 0.0109375 0.0125
2 0.56875 0.709375 0.025 0.071875
0 0.5640625 0.6796875 0.0078125 0.009375
2 0.546875 0.7109375 0.0265625 0.0703125
0 0.5484375 0.68125 0.009375 0.0109375
0 0.459375 0.709375 0.028125 0.0328125
0 0.4984375 0.7296875 0.0265625 0.034375
2 0.4546875 0.7078125 0.0328125 0.084375
0 0.45 0.671875 0.009375 0.009375
2 0.4390625 0.70625 0.0203125 0.0578125
0 0.4390625 0.6828125 0.0078125 0.0078125
2 0.409375 0.8109375 0.0765625 0.0921875
0 0.396875 0.7765625 0.01875 0.01875
2 0.3625 0.81875 0.096875 0.0875
0 0.34375 0.784375 0.0140625 0.0171875
2 0.2859375 0.8171875 0.0921875 0.0890625
0 0.3 0.78125 0.0171875 0.0171875
2 0.39375 0.7953125 0.078125 0.071875
0 0.36875 0.7734375 0.0171875 0.0234375
2 0.340625 0.80625 0.0390625 0.084375
0 0.3421875 0.7734375 0.0125 0.0125
2 0.259375 0.803125 0.0703125 0.090625
0 0.2796875 0.7703125 0.0171875 0.025
2 0.2984375 0.765625 0.0515625 0.0546875
0 0.30625 0.746875 0.0109375 0.0140625
2 0.2890625 0.7609375 0.046875 0.05
0 0.296875 0.7453125 0.0109375 0.0140625
2 0.2625 0.7484375 0.0265625 0.04375
0 0.2609375 0.7328125 0.009375 0.0109375
2 0.25 0.7484375 0.05 0.040625
0 0.2421875 0.734375 0.0125 0.0125
2 0.2390625 0.7484375 0.0265625 0.028125
0 0.2421875 0.734375 0.0125 0.0109375
2 0.334375 0.7 0.0171875 0.0359375
0 0.3296875 0.6859375 0.0046875 0.0046875
2 0.3140625 0.696875 0.0125 0.0328125
0 0.3140625 0.6828125 0.0046875 0.0046875
2 0.2421875 0.7046875 0.015625 0.0390625
0 0.2421875 0.690625 0.00625 0.00625
2 0.225 0.7125 0.01875 0.04375
0 0.2265625 0.6953125 0.00625 0.0078125
2 0.2015625 0.709375 0.015625 0.0328125
0 0.1984375 0.6953125 0.00625 0.00625
2 0.1796875 0.7078125 0.021875 0.053125
0 0.1796875 0.684375 0.00625 0.0078125
2 0.05625 0.7890625 0.065625 0.0671875
0 0.053125 0.7671875 0.0203125 0.021875
2 0.0546875 0.778125 0.05625 0.059375
0 0.071875 0.7578125 0.015625 0.0171875
2 0.0453125 0.7765625 0.0546875 0.078125
0 0.0515625 0.7453125 0.0140625 0.015625
2 0.115625 0.7125 0.0265625 0.075
0 0.121875 0.68125 0.009375 0.009375
2 0.0875 0.6953125 0.009375 0.0328125
0 0.0875 0.6828125 0.0046875 0.0046875
2 0.075 0.7109375 0.0234375 0.05
0 0.0796875 0.690625 0.00625 0.0078125
2 0.05625 0.715625 0.0328125 0.078125
0 0.0625 0.6828125 0.0109375 0.0109375
2 0.05625 0.7125 0.0515625 0.084375
0 0.05625 0.6765625 0.0109375 0.0125
2 0.0265625 0.7203125 0.0328125 0.0671875
0 0.028125 0.69375 0.009375 0.0109375