2 0.0765625 0.4890625 0.046875 0.1
0 0.08125 0.446875 0.0140625 0.0140625
2 0.059375 0.471875 0.021875 0.0609375
0 0.0578125 0.4484375 0.009375 0.009375
2 0.15 0.4796875 0.0328125 0.090625
0 0.146875 0.44375 0.0125 0.015625
2 0.2453125 0.4578125 0.0140625 0.034375
0 0.246875 0.4453125 0.0046875 0.0046875
2 0.259375 0.459375 0.0140625 0.0375
0 0.2609375 0.44375 0.0046875 0.00625
2 0.2703125 0.4796875 0.0234375 0.078125
0 0.271875 0.446875 0.0109375 0.0125
2 0.28125 0.4796875 0.021875 0.0734375
0 0.2828125 0.4515625 0.0125 0.0125
2 0.2984375 0.4703125 0.025 0.0546875
0 0.3015625 0.446875 0.00625 0.00625
2 0.3328125 0.475 0.0171875 0.053125
0 0.3328125 0.4546875 0.00625 0.0078125
2 0.340625 0.475 0.01875 0.065625
0 0.3421875 0.446875 0.0078125 0.009375
2 0.371875 0.4890625 0.0296875 0.1015625
0 0.36875 0.446875 0.0140625 0.0125
2 0.4 0.478125 0.0203125 0.0609375
0 0.4 0.4546875 0.0078125 0.009375
2 0.4203125 0.4765625 0.01875 0.0671875
0 0.421875 0.45 0.0078125 0.009375
2 0.45 0.4796875 0.0296875 0.0921875
0 0.45 0.440625 0.0140625 0.0125
2 0.46875 0.478125 0.028125 0.0875
0 0.46875 0.4453125 0.0109375 0.0140625
2 0.5234375 0.5640625 0.1078125 0.278125
0 0.5296875 0.4453125 0.0328125 0.0296875
2 0.6625 0.5375 0.1125 0.2546875
0 0.6703125 0.428125 0.028125 0.0296875
2 0.7375 0.5625 0.1 0.3140625
0 0.7390625 0.440625 0.0390625 0.0390625
2 0.871875 0.571875 0.134375 0.325
0 0.859375 0.446875 0.0421875 0.05
2 0.875 0.6109375 0.1421875 0.3734375
0 0.88125 0.45625 0.059375 0.053125