2 0.18125 0.5140625 0.090625 0.2234375
0 0.1875 0.4234375 0.028125 0.0375
2 0.1578125 0.503125 0.0796875 0.2
0 0.1640625 0.4265625 0.025 0.034375
2 0.1359375 0.4921875 0.0890625 0.2140625
0 0.1421875 0.4015625 0.0265625 0.034375
2 0.1140625 0.48125 0.084375 0.159375
0 0.1109375 0.4171875 0.01875 0.025
2 0.06875 0.4703125 0.0609375 0.1484375
0 0.06875 0.4125 0.0171875 0.025
2 0.2546875 0.465625 0.053125 0.1265625
0 0.253125 0.4171875 0.015625 0.021875
2 0.2859375 0.46875 0.0609375 0.1515625
0 0.290625 0.4078125 0.01875 0.0234375
2 0.3234375 0.475 0.0671875 0.15
0 0.325 0.415625 0.01875 0.0234375
2 0.3546875 0.4828125 0.0625 0.1578125
0 0.35625 0.4171875 0.01875 0.025
2 0.38125 0.4890625 0.08125 0.165625
0 0.3875 0.425 0.0203125 0.0296875
2 0.4140625 0.49375 0.0875 0.184375
0 0.428125 0.41875 0.021875 0.03125
2 0.44375 0.5 0.0875 0.2109375
0 0.4546875 0.4140625 0.025 0.0328125
2 0.490625 0.5125 0.0984375 0.2125
0 0.4984375 0.428125 0.0265625 0.028125
2 0.50625 0.446875 0.0390625 0.1109375
0 0.50625 0.4015625 0.009375 0.0109375
2 0.5375 0.446875 0.04375 0.10625
0 0.5359375 0.4046875 0.0125 0.0125
2 0.534375 0.4890625 0.08125 0.1515625
0 0.5390625 0.4296875 0.0203125 0.0265625
2 0.578125 0.4828125 0.0578125 0.1796875
0 0.58125 0.4109375 0.021875 0.028125
2 0.625 0.49375 0.0890625 0.1921875
0 0.6328125 0.4140625 0.0234375 0.028125
2 0.6859375 0.4984375 0.0953125 0.215625
0 0.696875 0.4109375 0.025 0.0328125
2 0.7546875 0.525 0.1015625 0.18125
0 0.7671875 0.453125 0.0234375 0.0296875
2 0.95 0.4453125 0.0390625 0.096875
0 0.9515625 0.4078125 0.0125 0.0125
2 0.275 0.428125 0.0296875 0.0609375
0 0.2734375 0.4078125 0.0109375 0.0125
2 0.26875 0.41875 0.0296875 0.05625
0 0.26875 0.3984375 0.009375 0.0109375
2 0.3046875 0.4140625 0.0234375 0.0453125
0 0.30625 0.3984375 0.0078125 0.0078125