2 0.1640625 0.696875 0.05625 0.14375
0 0.1703125 0.6375 0.021875 0.0203125
0 0.1890625 0.63125 0.021875 0.025
2 0.228125 0.69375 0.0578125 0.14375
0 0.221875 0.6359375 0.01875 0.01875
2 0.2296875 0.6859375 0.053125 0.125
0 0.23125 0.634375 0.0125 0.015625
2 0.2828125 0.6875 0.046875 0.1046875
0 0.2875 0.6453125 0.0125 0.015625
2 0.275 0.6859375 0.0296875 0.103125
0 0.2765625 0.6421875 0.009375 0.0109375
2 0.3234375 0.6875 0.0375 0.109375
0 0.3265625 0.64375 0.0125 0.015625
2 0.359375 0.68125 0.040625 0.1078125
0 0.3578125 0.6375 0.0125 0.0140625
2 0.3953125 0.678125 0.05625 0.146875
0 0.4 0.615625 0.0171875 0.01875
2 0.4296875 0.68125 0.046875 0.1359375
0 0.434375 0.6265625 0.01875 0.01875
2 0.4703125 0.6765625 0.040625 0.103125
0 0.46875 0.634375 0.0125 0.015625
2 0.4859375 0.671875 0.0296875 0.090625
0 0.4859375 0.6328125 0.009375 0.0109375
2 0.503125 0.66875 0.025 0.078125
0 0.503125 0.6375 0.009375 0.009375
2 0.5171875 0.675 0.034375 0.078125
0 0.5140625 0.6421875 0.009375 0.0125
2 0.5421875 0.671875 0.03125 0.0875
0 0.540625 0.634375 0.009375 0.0109375
2 0.55625 0.671875 0.021875 0.08125
0 0.5546875 0.640625 0.009375 0.0109375
2 0.575 0.69375 0.021875 0.059375
0 0.5734375 0.6703125 0.009375 0.0109375
2 0.56875 0.6703125 0.025 0.0796875
0 0.565625 0.6375 0.009375 0.0109375
2 0.5984375 0.6765625 0.0453125 0.11875
0 0.5890625 0.628125 0.015625 0.01875
2 0.6078125 0.675 0.0375 0.1
0 0.6 0.6328125 0.0125 0.0125
2 0.640625 0.6671875 0.0265625 0.075
0 0.6390625 0.6375 0.009375 0.0125
2 0.6265625 0.671875 0.0125 0.046875
0 0.625 0.653125 0.00625 0.00625
2 0.6765625 0.703125 0.0546875 0.13125
0 0.66875 0.65 0.01875 0.01875
2 0.6625 0.6625 0.021875 0.06875
0 0.6640625 0.6359375 0.0078125 0.009375
2 0.6890625 0.6625 0.025 0.071875
0 0.6890625 0.63125 0.009375 0.009375
2 0.74375 0.684375 0.06875 0.1671875
0 0.7375 0.6140625 0.0203125 0.025
2 0.809375 0.690625 0.0546875 0.153125
0 0.80625 0.6265625 0.021875 0.0203125
2 0.709375 0.6625 0.0234375 0.071875
0 0.70625 0.6328125 0.00625 0.00625
2 0.6984375 0.6625 0.015625 0.065625
0 0.7 0.6359375 0.00625 0.009375
2 0.8828125 0.6734375 0.06875 0.1734375
0 0.871875 0.6015625 0.025 0.021875
0 0.93125 0.5640625 0.025 0.025
0 0.95625 0.5765625 0.021875 0.025