2 0.321875 0.5828125 0.0828125 0.240625
0 0.328125 0.484375 0.0296875 0.0359375
2 0.3640625 0.6 0.0953125 0.271875
0 0.353125 0.4875 0.03125 0.0421875
2 0.7046875 0.5765625 0.0578125 0.1828125
0 0.7109375 0.5 0.0203125 0.025
2 0.759375 0.6046875 0.0828125 0.2375
0 0.765625 0.5078125 0.028125 0.0375
2 0.784375 0.5828125 0.071875 0.203125
0 0.7734375 0.4953125 0.021875 0.0234375
2 0.8234375 0.6140625 0.0859375 0.246875
0 0.825 0.5125 0.0328125 0.034375
2 0.9140625 0.5625 0.0765625 0.18125
0 0.9125 0.4875 0.0203125 0.025
0 0.9640625 0.4875 0.01875 0.021875
2 0.9796875 0.5125 0.03125 0.0734375
0 0.98125 0.4828125 0.009375 0.009375
2 0.94375 0.51875 0.0234375 0.0625
0 0.94375 0.4921875 0.0078125 0.0078125
2 0.9453125 0.4953125 0.015625 0.040625
0 0.946875 0.4828125 0.00625 0.00625
2 0.8875 0.509375 0.0203125 0.0578125
0 0.890625 0.4859375 0.009375 0.009375
2 0.8671875 0.5109375 0.025 0.0640625
0 0.865625 0.484375 0.009375 0.009375
2 0.8609375 0.5078125 0.03125 0.0734375
0 0.8578125 0.478125 0.009375 0.0109375
2 0.8375 0.51875 0.034375 0.078125
0 0.8359375 0.4890625 0.0140625 0.0171875
2 0.8390625 0.5125 0.03125 0.0796875
0 0.8375 0.48125 0.0109375 0.0125