2 0.965625 0.5703125 0.040625 0.0734375
0 0.9671875 0.540625 0.009375 0.0109375
2 0.925 0.5765625 0.0453125 0.0859375
0 0.928125 0.540625 0.0125 0.0140625
2 0.9109375 0.5734375 0.0375 0.08125
0 0.9125 0.5390625 0.0125 0.0125
2 0.8953125 0.571875 0.0234375 0.08125
0 0.8953125 0.5390625 0.0125 0.0125
2 0.88125 0.6359375 0.0890625 0.2140625
0 0.8796875 0.54375 0.03125 0.03125
2 0.83125 0.571875 0.0296875 0.06875
0 0.8296875 0.54375 0.009375 0.009375
2 0.8015625 0.571875 0.03125 0.075
0 0.8046875 0.540625 0.009375 0.0109375
2 0.71875 0.5734375 0.040625 0.078125
0 0.71875 0.5421875 0.0109375 0.0109375
2 0.6640625 0.578125 0.0265625 0.075
0 0.6609375 0.546875 0.0109375 0.0109375
2 0.6453125 0.578125 0.040625 0.0890625
0 0.65 0.5421875 0.0125 0.015625
2 0.4640625 0.571875 0.021875 0.065625
0 0.465625 0.5453125 0.009375 0.009375
2 0.3890625 0.596875 0.040625 0.084375
0 0.3859375 0.5625 0.0125 0.0125
2 0.3453125 0.590625 0.03125 0.09375
0 0.3453125 0.55 0.0125 0.0125
2 0.3625 0.5625 0.0109375 0.025
0 0.3640625 0.553125 0.0046875 0.0046875
2 0.321875 0.575 0.021875 0.0578125
0 0.3234375 0.553125 0.009375 0.009375
2 0.28125 0.5953125 0.0375 0.09375
0 0.284375 0.55625 0.0125 0.0140625
2 0.259375 0.58125 0.025 0.0578125
0 0.2609375 0.5578125 0.0078125 0.009375
2 0.228125 0.5765625 0.0265625 0.05
0 0.2296875 0.55625 0.00625 0.00625
2 0.1140625 0.6359375 0.0703125 0.153125
0 0.1203125 0.5703125 0.01875 0.021875
2 0.0796875 0.621875 0.059375 0.14375
0 0.0890625 0.5609375 0.01875 0.0203125
2 0.03125 0.6171875 0.0625 0.1421875
0 0.0359375 0.55625 0.01875 0.01875
2 0.19375 0.565625 0.0109375 0.03125
0 0.19375 0.553125 0.0046875 0.0046875
2 0.184375 0.5765625 0.0125 0.04375
0 0.1828125 0.5578125 0.00625 0.00625
2 0.1796875 0.5734375 0.0109375 0.0421875
0 0.1796875 0.55625 0.0046875 0.0046875