2 0.06875 0.471875 0.075 0.253125
0 0.0734375 0.3671875 0.03125 0.0375
2 0.078125 0.4625 0.0890625 0.234375
0 0.0734375 0.365625 0.0296875 0.0296875
2 0.1390625 0.4484375 0.059375 0.240625
0 0.1375 0.346875 0.0296875 0.0328125
2 0.225 0.4421875 0.075 0.2390625
0 0.225 0.34375 0.03125 0.0375
2 0.34375 0.4484375 0.08125 0.2140625
0 0.3453125 0.3625 0.028125 0.0359375
2 0.3921875 0.5359375 0.2640625 0.43125
0 0.4421875 0.3609375 0.0609375 0.071875
2 0.73125 0.3921875 0.05 0.1359375
0 0.7234375 0.3359375 0.015625 0.01875
2 0.6890625 0.390625 0.0296875 0.0890625
0 0.6890625 0.35625 0.0109375 0.0140625
2 0.0109375 0.3890625 0.021875 0.0609375
0 0.0109375 0.3890625 0.021875 0.0609375