2 0.78125 0.603125 0.13125 0.375
0 0.7734375 0.4484375 0.0375 0.0546875
2 0.5515625 0.521875 0.08125 0.2578125
0 0.55 0.4125 0.0265625 0.03125
2 0.575 0.534375 0.121875 0.2515625
0 0.590625 0.4328125 0.028125 0.0359375
2 0.328125 0.45 0.009375 0.015625
0 0.328125 0.44375 0.003125 0.003125
2 0.3265625 0.4421875 0.0109375 0.025
0 0.3265625 0.4328125 0.003125 0.003125
2 0.3359375 0.4453125 0.0109375 0.0296875
0 0.3359375 0.4328125 0.0046875 0.0046875
2 0.365625 0.4546875 0.0140625 0.021875
0 0.3671875 0.4484375 0.003125 0.0046875
2 0.353125 0.446875 0.015625 0.0390625
0 0.3546875 0.43125 0.0046875 0.00625
2 0.359375 0.446875 0.0171875 0.0359375
0 0.3609375 0.4328125 0.0046875 0.00625
2 0.378125 0.446875 0.0125 0.0265625
0 0.3796875 0.4359375 0.003125 0.003125
2 0.3875 0.44375 0.0140625 0.03125
0 0.3859375 0.43125 0.0046875 0.003125