2 0.7609375 0.7203125 0.0296875 0.0453125
0 0.7546875 0.7078125 0.0125 0.015625
2 0.71875 0.6890625 0.04375 0.1140625
0 0.7265625 0.6421875 0.015625 0.0171875
2 0.6484375 0.671875 0.05 0.0921875
0 0.646875 0.6359375 0.0109375 0.0125
2 0.6625 0.6640625 0.025 0.090625
0 0.6640625 0.628125 0.0078125 0.0078125
2 0.6921875 0.6515625 0.015625 0.0578125
0 0.6953125 0.628125 0.0078125 0.0078125
2 0.6234375 0.6703125 0.025 0.040625
0 0.6234375 0.6578125 0.0078125 0.0109375
2 0.5765625 0.671875 0.028125 0.0828125
0 0.578125 0.6390625 0.0109375 0.0140625
2 0.5328125 0.6703125 0.0359375 0.08125
0 0.5296875 0.6375 0.0109375 0.0125
2 0.4953125 0.6703125 0.0296875 0.084375
0 0.4984375 0.634375 0.009375 0.0109375
2 0.4671875 0.6578125 0.0234375 0.0640625
0 0.4671875 0.63125 0.00625 0.0078125
2 0.43125 0.66875 0.0328125 0.0765625
0 0.4328125 0.6375 0.009375 0.0109375
2 0.265625 0.6453125 0.0125 0.0421875
0 0.265625 0.6296875 0.00625 0.00625
2 0.2390625 0.7046875 0.0484375 0.15
0 0.2421875 0.640625 0.0203125 0.0203125
2 0.0828125 0.653125 0.015625 0.0546875
0 0.084375 0.6296875 0.00625 0.00625
2 0.071875 0.6546875 0.0171875 0.05
0 0.0734375 0.6328125 0.0046875 0.0046875
2 0.9171875 0.65 0.0203125 0.04375
0 0.9171875 0.634375 0.0046875 0.0046875
2 0.934375 0.646875 0.01875 0.05
0 0.93125 0.6265625 0.00625 0.00625
2 0.990625 0.6515625 0.015625 0.0515625
0 0.9875 0.6296875 0.00625 0.0078125
2 0.715625 0.678125 0.034375 0.0921875
0 0.7265625 0.6421875 0.0140625 0.0171875