0 0.5890625 0.2578125 0.090625 0.121875
0 0.3921875 0.284375 0.084375 0.1
2 0.259375 0.4328125 0.246875 0.5078125
0 0.3015625 0.2234375 0.06875 0.0734375
2 0.128125 0.4328125 0.2171875 0.46875
0 0.0875 0.2453125 0.059375 0.0671875
2 0.0921875 0.321875 0.103125 0.3078125
0 0.0953125 0.196875 0.0421875 0.046875
2 0.9390625 0.3609375 0.1 0.3265625
0 0.93125 0.228125 0.0453125 0.04375
0 0.978125 0.23125 0.03125 0.0375
2 0.7828125 0.296875 0.0890625 0.225
0 0.7828125 0.203125 0.0296875 0.0328125
2 0.74375 0.2953125 0.10625 0.225
0 0.7640625 0.2 0.021875 0.028125
2 0.975 0.2203125 0.05 0.1140625
0 0.978125 0.1734375 0.0171875 0.0171875
2 0.9328125 0.1984375 0.05625 0.109375
0 0.9359375 0.153125 0.009375 0.0109375
2 0.8875 0.20625 0.0421875 0.115625
0 0.8953125 0.165625 0.0125 0.015625
2 0.8125 0.215625 0.053125 0.1296875
0 0.8171875 0.16875 0.015625 0.01875
2 0.7625 0.209375 0.04375 0.1125
0 0.76875 0.165625 0.0109375 0.0125
2 0.7203125 0.2140625 0.0484375 0.1078125
0 0.7234375 0.16875 0.0140625 0.0140625
2 0.66875 0.2125 0.0484375 0.1140625
0 0.671875 0.171875 0.0140625 0.01875
2 0.4046875 0.1953125 0.0453125 0.11875
0 0.4015625 0.15 0.0125 0.0171875
2 0.3625 0.19375 0.0546875 0.121875
0 0.3703125 0.1421875 0.015625 0.01875