2 0.084375 0.6203125 0.16875 0.4109375
0 0.0453125 0.45 0.05 0.0609375
2 0.15 0.58125 0.1265625 0.38125
0 0.1671875 0.425 0.0453125 0.05625
2 0.203125 0.5 0.06875 0.1515625
0 0.196875 0.4390625 0.01875 0.021875
2 0.2734375 0.5875 0.134375 0.3625
0 0.253125 0.4390625 0.0484375 0.05625
2 0.3296875 0.621875 0.1484375 0.45
0 0.33125 0.4359375 0.0546875 0.0640625
2 0.3734375 0.51875 0.065625 0.1640625
0 0.3765625 0.45625 0.021875 0.025
2 0.4125 0.528125 0.05 0.1375
0 0.4109375 0.4734375 0.021875 0.021875
2 0.4421875 0.521875 0.0609375 0.1078125
0 0.4296875 0.4828125 0.0171875 0.015625
2 0.475 0.4890625 0.0390625 0.1
0 0.4734375 0.4484375 0.0140625 0.0140625
2 0.5 0.55 0.1 0.2546875
0 0.496875 0.446875 0.0328125 0.0390625
2 0.515625 0.4875 0.0484375 0.1140625
0 0.5140625 0.440625 0.0171875 0.0171875
2 0.5515625 0.6 0.190625 0.4
0 0.5921875 0.434375 0.0484375 0.0609375
0 0.834375 0.440625 0.0546875 0.0765625