2 0.89375 0.53125 0.184375 0.48125
0 0.9046875 0.34375 0.053125 0.0703125
2 0.690625 0.553125 0.178125 0.44375
0 0.690625 0.371875 0.05 0.0625
2 0.546875 0.5375 0.1984375 0.4921875
0 0.55 0.3453125 0.0484375 0.065625
2 0.6296875 0.4390625 0.103125 0.284375
0 0.6265625 0.3296875 0.0390625 0.040625
2 0.4796875 0.4953125 0.1453125 0.4359375
0 0.48125 0.328125 0.04375 0.0546875
2 0.3171875 0.5703125 0.1734375 0.43125
0 0.3078125 0.4171875 0.0578125 0.0625
2 0.1265625 0.5390625 0.2 0.4984375
0 0.1375 0.334375 0.0546875 0.078125
2 0.1125 0.3625 0.0640625 0.190625
0 0.1171875 0.28125 0.0234375 0.028125
2 0.15625 0.3140625 0.05625 0.1390625
0 0.1484375 0.25625 0.0171875 0.01875
2 0.2953125 0.3296875 0.0484375 0.0671875
0 0.2953125 0.3078125 0.015625 0.0171875
2 0.421875 0.3125 0.059375 0.1171875
0 0.4203125 0.2640625 0.0171875 0.01875
2 0.7390625 0.3125 0.034375 0.084375
0 0.7390625 0.278125 0.0109375 0.0125