0 0.425 0.421875 0.115625 0.1390625
0 0.6984375 0.3703125 0.103125 0.1109375
2 0.8453125 0.5234375 0.16875 0.425
0 0.85 0.3671875 0.0578125 0.0578125
2 0.9046875 0.5265625 0.1390625 0.4078125
0 0.9203125 0.365625 0.053125 0.065625
2 0.634375 0.58125 0.1703125 0.48125
0 0.65 0.3859375 0.0484375 0.0734375
2 0.525 0.534375 0.1359375 0.353125
0 0.5390625 0.40625 0.0328125 0.0453125
0 0.2703125 0.4 0.0609375 0.059375
2 0.1484375 0.6 0.1625 0.446875
0 0.1578125 0.41875 0.04375 0.05
2 0.0890625 0.5375 0.134375 0.3875
0 0.090625 0.3875 0.0484375 0.05
2 0.021875 0.478125 0.04375 0.1546875
0 0.0140625 0.4265625 0.021875 0.0234375