0 0.0453125 0.6484375 0.0515625 0.0609375
0 0.221875 0.6578125 0.053125 0.0453125
0 0.3078125 0.640625 0.0390625 0.0484375
0 0.4109375 0.653125 0.053125 0.0625
0 0.378125 0.6390625 0.0390625 0.0421875
0 0.4859375 0.6578125 0.0390625 0.0375
0 0.5796875 0.640625 0.0375 0.0453125
0 0.58125 0.6421875 0.040625 0.0515625
0 0.696875 0.6296875 0.046875 0.0484375
0 0.775 0.6234375 0.04375 0.0484375
0 0.84375 0.7140625 0.0421875 0.0421875
0 0.90625 0.6390625 0.0484375 0.0515625
0 0.9140625 0.63125 0.0375 0.0421875
0 0.9703125 0.634375 0.0359375 0.0359375