2 0.034375 0.703125 0.0671875 0.2265625
0 0.021875 0.6109375 0.0328125 0.028125
2 0.05625 0.6765625 0.046875 0.1328125
0 0.0625 0.6234375 0.0140625 0.015625
2 0.065625 0.69375 0.053125 0.0953125
0 0.0625 0.6578125 0.0140625 0.0171875
2 0.1171875 0.6828125 0.0359375 0.1234375
0 0.1234375 0.63125 0.0203125 0.0171875
2 0.1375 0.6734375 0.053125 0.1515625
0 0.1453125 0.615625 0.01875 0.021875
2 0.1734375 0.6734375 0.0421875 0.1484375
0 0.178125 0.6140625 0.01875 0.021875
0 0.2109375 0.6171875 0.03125 0.0328125
2 0.24375 0.690625 0.046875 0.2
0 0.2546875 0.6078125 0.0234375 0.028125
0 0.28125 0.625 0.021875 0.021875
0 0.303125 0.615625 0.0328125 0.034375
2 0.334375 0.6921875 0.059375 0.190625
0 0.3296875 0.6140625 0.028125 0.0296875
2 0.3546875 0.6609375 0.025 0.0984375
0 0.3609375 0.6203125 0.0140625 0.015625
2 0.365625 0.6640625 0.0359375 0.1203125
0 0.3703125 0.6171875 0.01875 0.01875
2 0.371875 0.7046875 0.059375 0.1859375
0 0.3796875 0.628125 0.021875 0.028125
2 0.3953125 0.7109375 0.0703125 0.203125
0 0.3953125 0.628125 0.0265625 0.03125
0 0.3984375 0.6296875 0.034375 0.0359375
0 0.4296875 0.6 0.0359375 0.0375
2 0.4625 0.70625 0.06875 0.209375
0 0.4625 0.6234375 0.028125 0.0328125
2 0.478125 0.66875 0.03125 0.1015625
0 0.4796875 0.63125 0.009375 0.009375
2 0.509375 0.6765625 0.0375 0.1375
0 0.5125 0.6203125 0.0171875 0.0203125
2 0.51875 0.6890625 0.034375 0.146875
0 0.525 0.634375 0.0140625 0.0171875
0 0.559375 0.6046875 0.034375 0.040625
2 0.603125 0.690625 0.05 0.190625
0 0.60625 0.6109375 0.021875 0.025
0 0.61875 0.6234375 0.034375 0.0390625
0 0.7140625 0.59375 0.0890625 0.096875
0 0.784375 0.5609375 0.0953125 0.103125