2 0.5609375 0.328125 0.0625 0.1828125
0 0.5625 0.25625 0.0203125 0.025
2 0.603125 0.3953125 0.0890625 0.296875
0 0.603125 0.2765625 0.04375 0.053125
2 0.646875 0.496875 0.1765625 0.6140625
0 0.653125 0.2453125 0.078125 0.1
2 0.6640625 0.51875 0.259375 0.6734375
0 0.6875 0.2421875 0.0953125 0.1125
0 0.734375 0.2671875 0.0921875 0.109375
2 0.890625 0.4265625 0.1328125 0.365625
0 0.878125 0.271875 0.0421875 0.05
0 0.94375 0.2390625 0.05 0.0609375
2 0.625 0.4828125 0.1890625 0.5578125
0 0.6515625 0.25 0.065625 0.0859375
2 0.596875 0.315625 0.05 0.2
0 0.5953125 0.2359375 0.025 0.0296875