0 0.2484375 0.759375 0.04375 0.0578125
0 0.26875 0.68125 0.0265625 0.034375
0 0.3015625 0.690625 0.021875 0.025
0 0.378125 0.68125 0.021875 0.021875
2 0.4375 0.73125 0.040625 0.109375
0 0.4390625 0.6890625 0.0171875 0.01875
0 0.4484375 0.69375 0.01875 0.0203125
2 0.4890625 0.725 0.0515625 0.134375
0 0.4875 0.6703125 0.0203125 0.01875
0 0.51875 0.7140625 0.0484375 0.059375
0 0.5421875 0.6890625 0.0265625 0.0296875
0 0.634375 0.75625 0.0328125 0.0515625
0 0.5859375 0.684375 0.021875 0.028125
0 0.6 0.6734375 0.01875 0.025
0 0.6421875 0.7 0.0375 0.0421875
0 0.7375 0.7171875 0.046875 0.053125
0 0.934375 0.728125 0.046875 0.0421875