2 0.9296875 0.69375 0.071875 0.15
0 0.9359375 0.63125 0.015625 0.0171875
2 0.8140625 0.6875 0.04375 0.125
0 0.8125 0.6359375 0.015625 0.0203125
2 0.8 0.6921875 0.04375 0.125
0 0.7984375 0.6390625 0.015625 0.015625
2 0.75625 0.6953125 0.0640625 0.1578125
0 0.759375 0.6296875 0.0203125 0.0203125
2 0.74375 0.6828125 0.034375 0.115625
0 0.7390625 0.6359375 0.015625 0.0171875
2 0.7234375 0.665625 0.0265625 0.078125
0 0.7234375 0.634375 0.009375 0.0109375
2 0.709375 0.6828125 0.0453125 0.1375
0 0.709375 0.625 0.0171875 0.015625
2 0.7109375 0.6875 0.0375 0.1109375
0 0.721875 0.6375 0.0125 0.0125
2 0.6703125 0.6859375 0.0484375 0.1234375
0 0.671875 0.6328125 0.01875 0.015625
2 0.66875 0.678125 0.046875 0.0953125
0 0.66875 0.6359375 0.0125 0.015625
2 0.6125 0.65 0.021875 0.0515625
0 0.6109375 0.63125 0.0078125 0.0078125
2 0.6015625 0.671875 0.028125 0.075
0 0.6 0.640625 0.009375 0.0109375
2 0.596875 0.66875 0.021875 0.075
0 0.5953125 0.6375 0.0109375 0.0125
2 0.5953125 0.646875 0.0171875 0.0515625
0 0.596875 0.6265625 0.0078125 0.0078125
2 0.578125 0.671875 0.025 0.075
0 0.578125 0.6421875 0.0109375 0.0109375
2 0.55625 0.675 0.040625 0.084375
0 0.553125 0.6390625 0.009375 0.009375
2 0.584375 0.646875 0.0109375 0.0375
0 0.584375 0.6328125 0.0046875 0.0046875
2 0.5484375 0.6609375 0.021875 0.065625
0 0.55 0.6359375 0.0078125 0.0078125
2 0.5375 0.6453125 0.0109375 0.034375
0 0.5390625 0.634375 0.0046875 0.0046875
2 0.5265625 0.6765625 0.034375 0.0828125
0 0.525 0.64375 0.009375 0.0109375
2 0.465625 0.6484375 0.0109375 0.040625
0 0.46875 0.6328125 0.0046875 0.0046875
2 0.478125 0.65 0.0109375 0.0359375
0 0.478125 0.6359375 0.0046875 0.0046875
2 0.45625 0.659375 0.015625 0.0515625
0 0.4578125 0.640625 0.009375 0.0078125
2 0.45 0.6484375 0.0109375 0.040625
0 0.45 0.6328125 0.00625 0.0046875
2 0.4421875 0.65625 0.021875 0.0578125
0 0.4421875 0.634375 0.0078125 0.0078125
2 0.4296875 0.6515625 0.01875 0.0421875
0 0.43125 0.6359375 0.00625 0.00625
2 0.425 0.659375 0.0203125 0.0359375
0 0.4203125 0.64375 0.00625 0.0078125
2 0.409375 0.64375 0.0109375 0.034375
0 0.4109375 0.6328125 0.0046875 0.0046875
2 0.4046875 0.6484375 0.01875 0.040625
0 0.4046875 0.63125 0.0046875 0.0046875
2 0.4 0.646875 0.0140625 0.0375
0 0.4 0.63125 0.0046875 0.0046875
2 0.3875 0.6484375 0.015625 0.0390625
0 0.3875 0.6328125 0.0046875 0.0046875
2 0.3796875 0.6453125 0.0203125 0.05
0 0.3796875 0.6265625 0.00625 0.00625
2 0.3734375 0.64375 0.0125 0.040625
0 0.375 0.628125 0.0046875 0.0046875
2 0.378125 0.6453125 0.0125 0.040625
0 0.3796875 0.6265625 0.0046875 0.0046875
2 0.3484375 0.65625 0.0234375 0.05625
0 0.35 0.6328125 0.0078125 0.0078125
2 0.3515625 0.6484375 0.0171875 0.0515625
0 0.3515625 0.6328125 0.00625 0.0078125
2 0.3625 0.6484375 0.015625 0.04375
0 0.3609375 0.63125 0.00625 0.0078125
2 0.359375 0.6484375 0.015625 0.0453125
0 0.3609375 0.63125 0.00625 0.0078125
2 0.340625 0.6484375 0.0203125 0.05
0 0.3421875 0.6296875 0.0078125 0.0078125
2 0.3234375 0.6546875 0.021875 0.0609375
0 0.3234375 0.63125 0.0078125 0.009375
2 0.3203125 0.6609375 0.03125 0.075
0 0.315625 0.634375 0.0125 0.015625
2 0.296875 0.6625 0.028125 0.084375
0 0.2953125 0.6296875 0.0109375 0.0125
2 0.2859375 0.6609375 0.0234375 0.0765625
0 0.2875 0.6328125 0.0109375 0.0125
2 0.2890625 0.7234375 0.065625 0.175
0 0.278125 0.6515625 0.021875 0.0234375
2 0.271875 0.703125 0.040625 0.1484375
0 0.271875 0.6453125 0.01875 0.021875
2 0.26875 0.6890625 0.0390625 0.121875
0 0.265625 0.6375 0.0109375 0.015625
0 0.215625 0.6453125 0.03125 0.0375
2 0.2328125 0.7171875 0.0734375 0.1765625
0 0.2296875 0.64375 0.01875 0.0234375
2 0.1859375 0.6671875 0.0296875 0.0953125
0 0.1890625 0.63125 0.0140625 0.015625
2 0.2359375 0.6953125 0.0453125 0.1453125
0 0.2296875 0.64375 0.015625 0.025
0 0.15625 0.665625 0.03125 0.0328125
0 0.1078125 0.6515625 0.0328125 0.034375
2 0.1625 0.6734375 0.0515625 0.1328125
0 0.1640625 0.61875 0.01875 0.0203125
2 0.1375 0.6734375 0.034375 0.1046875
0 0.140625 0.63125 0.015625 0.015625
2 0.10625 0.6875 0.0515625 0.15625
0 0.10625 0.6234375 0.0203125 0.021875
2 0.08125 0.671875 0.04375 0.1234375
0 0.0828125 0.625 0.01875 0.021875
2 0.028125 0.684375 0.053125 0.134375
0 0.028125 0.63125 0.0171875 0.0171875