2 0.9 0.54375 0.15 0.41875
0 0.9046875 0.35625 0.0453125 0.0453125
2 0.7765625 0.503125 0.0875 0.2515625
0 0.7875 0.40625 0.03125 0.0390625
2 0.696875 0.5015625 0.075 0.1984375
0 0.6984375 0.4203125 0.025 0.03125
2 0.6265625 0.484375 0.05625 0.165625
0 0.628125 0.41875 0.0203125 0.0265625
2 0.54375 0.5078125 0.1171875 0.346875
0 0.553125 0.3640625 0.0390625 0.04375
2 0.4484375 0.5140625 0.16875 0.328125
0 0.45 0.3796875 0.0375 0.046875
2 0.390625 0.490625 0.0578125 0.2078125
0 0.3890625 0.4046875 0.025 0.028125
2 0.15 0.5796875 0.2859375 0.3265625
0 0.0453125 0.45625 0.0671875 0.0703125
2 0.1453125 0.5765625 0.2796875 0.309375
0 0.0890625 0.4640625 0.034375 0.05625
2 0.0921875 0.56015625 0.184375 0.3078125
0 0.021875 0.43671875 0.04375 0.0578125
2 0.10625 0.559375 0.13125 0.2578125
0 0.0875 0.4640625 0.0359375 0.05625
2 0.1609375 0.5171875 0.05625 0.115625
0 0.16875 0.475 0.0265625 0.028125
2 0.1609375 0.5171875 0.096875 0.1640625
0 0.13125 0.4546875 0.0328125 0.0359375
2 0.296875 0.4796875 0.05 0.20625
0 0.3 0.3953125 0.028125 0.0328125
2 0.3515625 0.484375 0.04375 0.1234375
0 0.3578125 0.4359375 0.015625 0.01875
2 0.33125 0.471875 0.0234375 0.0859375
0 0.3328125 0.4375 0.009375 0.0109375
2 0.35 0.46875 0.034375 0.1046875
0 0.35625 0.428125 0.0125 0.0125
2 0.3421875 0.4671875 0.01875 0.071875
0 0.3421875 0.4390625 0.0078125 0.009375
2 0.3203125 0.4671875 0.0234375 0.0765625
0 0.3296875 0.43125 0.0109375 0.0125
2 0.29375 0.4765625 0.040625 0.13125
0 0.2953125 0.425 0.0140625 0.0140625
2 0.2703125 0.4765625 0.0328125 0.1
0 0.271875 0.4359375 0.0125 0.0140625
2 0.25625 0.471875 0.0265625 0.1046875
0 0.2578125 0.4296875 0.0140625 0.0171875
2 0.2359375 0.475 0.0359375 0.10625
0 0.2359375 0.43125 0.0140625 0.0171875
2 0.246875 0.4671875 0.021875 0.0921875
0 0.246875 0.4296875 0.009375 0.0125
2 0.234375 0.4703125 0.028125 0.0921875
0 0.2296875 0.4328125 0.0125 0.0140625
2 0.221875 0.4671875 0.021875 0.078125
0 0.221875 0.434375 0.009375 0.009375
2 0.2015625 0.4765625 0.04375 0.1390625
0 0.20625 0.4171875 0.0171875 0.01875
2 0.0921875 0.478125 0.0421875 0.1296875
0 0.084375 0.425 0.0171875 0.01875
2 0.0625 0.4703125 0.034375 0.1328125
0 0.059375 0.4140625 0.01875 0.01875
2 0.028125 0.4671875 0.0421875 0.15625
0 0.01875 0.403125 0.01875 0.0203125
2 0.0828125 0.4625 0.03125 0.115625
0 0.0796875 0.415625 0.0171875 0.021875
2 0.121875 0.4671875 0.0234375 0.06875
0 0.11875 0.440625 0.00625 0.0078125