2 0.2859375 0.7453125 0.146875 0.4265625
0 0.31875 0.56875 0.059375 0.0609375
2 0.334375 0.734375 0.1 0.3125
0 0.33125 0.5984375 0.0265625 0.034375
2 0.3890625 0.6703125 0.05625 0.19375
0 0.3984375 0.5921875 0.021875 0.03125
2 0.4234375 0.6421875 0.034375 0.13125
0 0.4234375 0.590625 0.015625 0.0171875
2 0.4421875 0.709375 0.0921875 0.3140625
0 0.4453125 0.5734375 0.034375 0.0390625
2 0.475 0.7703125 0.2015625 0.3984375
0 0.490625 0.609375 0.05 0.053125
2 0.5265625 0.634375 0.0390625 0.1109375
0 0.5234375 0.5890625 0.0171875 0.01875
2 0.515625 0.621875 0.0390625 0.109375
0 0.515625 0.578125 0.0125 0.0140625
2 0.54375 0.61875 0.0203125 0.0859375
0 0.5390625 0.5828125 0.009375 0.0109375
2 0.7390625 0.6890625 0.0828125 0.2875
0 0.746875 0.565625 0.0421875 0.0390625
2 0.6421875 0.7015625 0.109375 0.30625
0 0.63125 0.5734375 0.0359375 0.0453125
2 0.575 0.709375 0.1 0.2734375
0 0.5859375 0.5921875 0.0359375 0.040625
2 0.559375 0.6453125 0.0359375 0.121875
0 0.565625 0.5953125 0.0140625 0.015625
2 0.559375 0.63125 0.0296875 0.1
0 0.5609375 0.5890625 0.0125 0.015625