2 0.809375 0.884375 0.0375 0.084375
0 0.80625 0.846875 0.0109375 0.0125
2 0.7640625 0.8953125 0.0328125 0.121875
0 0.765625 0.85625 0.0140625 0.0140625
2 0.7421875 0.871875 0.0265625 0.075
0 0.7421875 0.8421875 0.0078125 0.009375
2 0.7015625 0.903125 0.046875 0.1140625
0 0.7015625 0.85625 0.0140625 0.0171875
0 0.6734375 0.8546875 0.01875 0.021875
2 0.6578125 0.85625 0.0125 0.0375
0 0.65625 0.840625 0.003125 0.0046875
2 0.6546875 0.890625 0.0203125 0.08125
0 0.6546875 0.8578125 0.009375 0.0125
0 0.621875 0.846875 0.0203125 0.021875
2 0.5859375 0.9015625 0.040625 0.115625
0 0.5890625 0.8515625 0.0125 0.0140625
2 0.5515625 0.9015625 0.0453125 0.1484375
0 0.553125 0.8390625 0.015625 0.0203125
2 0.471875 0.871875 0.0203125 0.059375
0 0.4734375 0.8484375 0.00625 0.009375
2 0.465625 0.8703125 0.0203125 0.053125
0 0.465625 0.8484375 0.00625 0.00625
2 0.2921875 0.8875 0.0265625 0.071875
0 0.29375 0.8578125 0.0078125 0.009375
2 0.2859375 0.8796875 0.0203125 0.0609375
0 0.2875 0.8546875 0.0078125 0.0078125
2 0.28125 0.8734375 0.021875 0.0625
0 0.28125 0.8484375 0.009375 0.0109375
2 0.2640625 0.8796875 0.0296875 0.0625
0 0.265625 0.85625 0.009375 0.009375
2 0.2078125 0.8859375 0.0265625 0.078125
0 0.2109375 0.853125 0.009375 0.0109375