2 0.1046875 0.378125 0.034375 0.0828125
0 0.1015625 0.3421875 0.0109375 0.0109375
2 0.1703125 0.528125 0.1453125 0.390625
0 0.1625 0.365625 0.04375 0.0546875
2 0.2265625 0.3703125 0.0328125 0.0875
0 0.228125 0.334375 0.0109375 0.0109375
2 0.215625 0.3453125 0.025 0.05625
0 0.215625 0.321875 0.009375 0.009375
2 0.24375 0.36875 0.0265625 0.078125
0 0.24375 0.3375 0.009375 0.009375
2 0.2890625 0.3828125 0.0265625 0.0875
0 0.2875 0.3484375 0.0109375 0.0125
2 0.3375 0.409375 0.05 0.0828125
0 0.334375 0.38125 0.0171875 0.0203125
2 0.3390625 0.3953125 0.0578125 0.103125
0 0.3515625 0.3609375 0.0171875 0.0203125
2 0.4453125 0.365625 0.0453125 0.0828125
0 0.4421875 0.3328125 0.0125 0.0125
2 0.44375 0.396875 0.0515625 0.1078125
0 0.440625 0.353125 0.0140625 0.0171875
2 0.409375 0.603125 0.10625 0.215625
0 0.4171875 0.5203125 0.0375 0.0453125
2 0.425 0.5625 0.10625 0.2375
0 0.428125 0.4640625 0.0375 0.0515625
2 0.5015625 0.5140625 0.153125 0.396875
0 0.4921875 0.3515625 0.046875 0.0640625
2 0.5625 0.3671875 0.0515625 0.0921875
0 0.5671875 0.33125 0.0125 0.015625
2 0.5796875 0.425 0.075 0.196875
0 0.584375 0.34375 0.021875 0.025
2 0.6296875 0.4234375 0.06875 0.1640625
0 0.628125 0.3546875 0.0234375 0.025
2 0.66875 0.5484375 0.1609375 0.4015625
0 0.659375 0.3765625 0.0515625 0.05625
2 0.6796875 0.38125 0.0421875 0.10625
0 0.6765625 0.3421875 0.015625 0.015625
2 0.6921875 0.409375 0.0640625 0.146875
0 0.6921875 0.353125 0.0203125 0.0296875
2 0.784375 0.5703125 0.209375 0.4703125
0 0.7734375 0.36875 0.0515625 0.0640625
2 0.7828125 0.5140625 0.1171875 0.3921875
0 0.8015625 0.35 0.04375 0.0546875
2 0.84375 0.4640625 0.084375 0.25
0 0.834375 0.3578125 0.0328125 0.0359375
2 0.8921875 0.3734375 0.0484375 0.0984375
0 0.8921875 0.3328125 0.0125 0.0125
2 0.8953125 0.459375 0.0734375 0.2203125
0 0.8921875 0.3640625 0.0234375 0.0234375
2 0.925 0.5203125 0.15 0.36875
0 0.9171875 0.3609375 0.04375 0.0484375
2 0.95234375 0.4671875 0.0953125 0.234375
0 0.9421875 0.3671875 0.028125 0.0328125
2 0.9484375 0.4453125 0.0890625 0.209375
0 0.9421875 0.3578125 0.0234375 0.03125
2 0.984375 0.3625 0.03125 0.084375
0 0.9875 0.3296875 0.0109375 0.0140625