2 0.1015625 0.50390625 0.203125 0.5140625
0 0.0390625 0.2953125 0.0765625 0.0859375
2 0.5828125 0.4578125 0.15625 0.4203125
0 0.5625 0.2875 0.0546875 0.071875
2 0.65625 0.4578125 0.146875 0.50625
0 0.6328125 0.2546875 0.071875 0.0890625
2 0.078125 0.315625 0.0234375 0.0796875
0 0.075 0.2828125 0.009375 0.009375
2 0.0984375 0.3265625 0.025 0.0578125
0 0.0953125 0.30625 0.009375 0.009375
2 0.10625 0.315625 0.025 0.0765625
0 0.1015625 0.2859375 0.0078125 0.009375
2 0.14375 0.31875 0.0171875 0.0671875
0 0.14375 0.2921875 0.009375 0.0078125
2 0.153125 0.315625 0.0171875 0.065625
0 0.153125 0.2890625 0.0078125 0.009375
2 0.171875 0.315625 0.0203125 0.0671875
0 0.171875 0.2875 0.0078125 0.0078125
2 0.19375 0.315625 0.0203125 0.06875
0 0.196875 0.2875 0.0109375 0.0109375
2 0.2046875 0.3125 0.021875 0.071875
0 0.203125 0.2875 0.0078125 0.009375
2 0.234375 0.315625 0.025 0.0640625
0 0.2390625 0.290625 0.0078125 0.009375
2 0.2453125 0.3140625 0.021875 0.0671875
0 0.2484375 0.2875 0.009375 0.009375
2 0.265625 0.3234375 0.03125 0.084375
0 0.265625 0.2890625 0.0109375 0.0140625
2 0.28125 0.3125 0.0234375 0.0671875
0 0.2796875 0.2859375 0.009375 0.009375
2 0.296875 0.315625 0.01875 0.0625
0 0.2984375 0.290625 0.0078125 0.009375
2 0.290625 0.3125 0.0171875 0.065625
0 0.2921875 0.284375 0.0109375 0.009375
2 0.3234375 0.315625 0.0203125 0.0625
0 0.3265625 0.2890625 0.009375 0.009375
2 0.3515625 0.3171875 0.021875 0.0578125
0 0.353125 0.29375 0.0078125 0.009375
2 0.3640625 0.3171875 0.0171875 0.05625
0 0.365625 0.2953125 0.0078125 0.009375
2 0.3734375 0.315625 0.0203125 0.059375
0 0.371875 0.2921875 0.0078125 0.0078125
2 0.384375 0.3171875 0.015625 0.05625
0 0.3890625 0.29375 0.0078125 0.0078125
2 0.390625 0.3125 0.021875 0.0609375
0 0.39375 0.2875 0.009375 0.00625
2 0.4078125 0.3140625 0.01875 0.0546875
0 0.409375 0.29375 0.0078125 0.0078125
2 0.4171875 0.321875 0.01875 0.0453125
0 0.41875 0.3046875 0.00625 0.0078125
2 0.4328125 0.3140625 0.021875 0.059375
0 0.434375 0.290625 0.0078125 0.0078125
2 0.4671875 0.3140625 0.01875 0.0578125
0 0.4671875 0.290625 0.0078125 0.0078125
2 0.465625 0.3125 0.0203125 0.0609375
0 0.4640625 0.2875 0.0078125 0.0078125
2 0.4484375 0.3171875 0.0234375 0.040625
0 0.4484375 0.3015625 0.00625 0.0078125
2 0.49375 0.3171875 0.0203125 0.0515625
0 0.490625 0.2984375 0.00625 0.0078125
2 0.496875 0.3109375 0.0171875 0.05
0 0.4953125 0.2921875 0.0046875 0.00625
2 0.509375 0.3125 0.01875 0.0546875
0 0.5109375 0.2921875 0.00625 0.009375
2 0.5171875 0.3125 0.0203125 0.059375
0 0.5171875 0.2890625 0.0078125 0.0078125
2 0.7546875 0.3171875 0.01875 0.0546875
0 0.7578125 0.296875 0.0078125 0.009375
2 0.7328125 0.3171875 0.0140625 0.0484375
0 0.73125 0.3 0.00625 0.00625
2 0.7375 0.315625 0.0203125 0.05625
0 0.7375 0.29375 0.00625 0.0078125
2 0.7671875 0.31875 0.01875 0.053125
0 0.76875 0.2984375 0.00625 0.0078125
2 0.7859375 0.31875 0.01875 0.0515625
0 0.790625 0.2984375 0.00625 0.0078125
2 0.8015625 0.31875 0.0171875 0.0515625
0 0.803125 0.2984375 0.00625 0.00625
2 0.8109375 0.31875 0.015625 0.0515625
0 0.8109375 0.3 0.00625 0.00625
2 0.865625 0.3171875 0.015625 0.0546875
0 0.865625 0.2953125 0.0078125 0.0078125
2 0.8875 0.3203125 0.0203125 0.05625
0 0.890625 0.2984375 0.009375 0.0078125
2 0.9078125 0.3296875 0.015625 0.0375
0 0.9078125 0.3171875 0.00625 0.00625
2 0.9078125 0.321875 0.015625 0.046875
0 0.9078125 0.3046875 0.003125 0.0046875
2 0.2703125 0.315625 0.01875 0.0609375
0 0.2734375 0.290625 0.009375 0.009375