2 0.4796875 0.6578125 0.053125 0.128125
0 0.4828125 0.6046875 0.0171875 0.0171875
2 0.5015625 0.6546875 0.0359375 0.1140625
0 0.50625 0.6078125 0.0125 0.0125
2 0.5390625 0.6734375 0.0421875 0.13125
0 0.546875 0.6171875 0.0140625 0.0171875
2 0.8859375 0.64375 0.021875 0.0890625
0 0.88125 0.6078125 0.0109375 0.0125
2 0.8734375 0.640625 0.0296875 0.1140625
0 0.871875 0.5921875 0.0125 0.0140625
2 0.8484375 0.6265625 0.028125 0.0671875
0 0.8515625 0.5984375 0.0078125 0.0078125
2 0.7890625 0.6234375 0.021875 0.04375
0 0.7875 0.6078125 0.00625 0.00625