2 0.3046875 0.7140625 0.1640625 0.2109375
0 0.2765625 0.6328125 0.0296875 0.0390625
2 0.346875 0.69375 0.1640625 0.2015625
0 0.3140625 0.6171875 0.0328125 0.040625
2 0.421875 0.6890625 0.1015625 0.1953125
0 0.4265625 0.6109375 0.028125 0.034375
2 0.425 0.6484375 0.0828125 0.115625
0 0.434375 0.6078125 0.021875 0.0265625
2 0.4796875 0.6734375 0.0875 0.16875
0 0.48125 0.6203125 0.03125 0.034375
2 0.4703125 0.69375 0.096875 0.1921875
0 0.48125 0.6203125 0.0296875 0.0359375
2 0.55625 0.6078125 0.046875 0.1359375
0 0.5546875 0.55625 0.0203125 0.0203125
2 0.584375 0.6375 0.0640625 0.115625
0 0.584375 0.5921875 0.0171875 0.0203125
2 0.628125 0.7078125 0.078125 0.2171875
0 0.6203125 0.6234375 0.028125 0.0359375
2 0.6484375 0.6875 0.0828125 0.1609375
0 0.646875 0.628125 0.0234375 0.028125
2 0.65625 0.578125 0.0203125 0.0578125
0 0.65625 0.559375 0.0078125 0.0078125
2 0.6703125 0.6109375 0.0453125 0.1390625
0 0.6734375 0.55625 0.0171875 0.01875
2 0.6953125 0.6125 0.0484375 0.08125
0 0.6890625 0.5828125 0.0125 0.0171875
2 0.7078125 0.609375 0.05625 0.078125
0 0.6953125 0.58125 0.009375 0.0125
2 0.7203125 0.5953125 0.034375 0.0625
0 0.7171875 0.571875 0.0125 0.0125
2 0.746875 0.5703125 0.0171875 0.046875
0 0.75 0.5515625 0.0078125 0.00625
2 0.746875 0.5984375 0.03125 0.065625
0 0.7515625 0.575 0.0109375 0.0109375
2 0.771875 0.5921875 0.040625 0.059375
0 0.7671875 0.5703125 0.009375 0.0109375
2 0.7671875 0.596875 0.0421875 0.059375
0 0.7703125 0.5765625 0.0109375 0.0140625
2 0.7703125 0.603125 0.0421875 0.0515625
0 0.78125 0.584375 0.0125 0.0140625
2 0.7921875 0.5890625 0.0328125 0.053125
0 0.7921875 0.56875 0.009375 0.0109375
2 0.7953125 0.5875 0.0390625 0.0515625
0 0.7921875 0.5703125 0.009375 0.009375
2 0.803125 0.584375 0.0234375 0.0421875
0 0.8015625 0.5703125 0.009375 0.009375
2 0.828125 0.5828125 0.028125 0.046875
0 0.8234375 0.565625 0.00625 0.0078125
2 0.828125 0.584375 0.0265625 0.04375
0 0.825 0.565625 0.00625 0.00625
2 0.85625 0.5734375 0.021875 0.0328125
0 0.853125 0.5625 0.0046875 0.0046875
2 0.9140625 0.5734375 0.034375 0.0546875
0 0.9171875 0.553125 0.00625 0.00625
2 0.9390625 0.590625 0.0390625 0.0890625
0 0.9390625 0.553125 0.0140625 0.0140625
2 0.9640625 0.5640625 0.0109375 0.0328125
0 0.9640625 0.5515625 0.0046875 0.0046875
2 0.9375 0.6140625 0.053125 0.1234375
0 0.94375 0.5640625 0.0171875 0.0171875
2 0.965625 0.5625 0.0109375 0.0234375
0 0.9640625 0.5546875 0.003125 0.0046875
0 0.99375 0.55 0.00625 0.00625
2 0.98125 0.58125 0.028125 0.06875
0 0.9796875 0.5546875 0.0109375 0.0125
2 0.9796875 0.5921875 0.03125 0.0890625
0 0.978125 0.5578125 0.0125 0.0109375