2 0.05625 0.3890625 0.0359375 0.0625
0 0.0578125 0.365625 0.0109375 0.0125
2 0.0921875 0.36875 0.0296875 0.071875
0 0.0828125 0.3375 0.009375 0.009375
2 0.121875 0.3609375 0.0421875 0.0828125
0 0.1125 0.328125 0.0125 0.015625
2 0.15625 0.4125 0.0609375 0.053125
0 0.1328125 0.4078125 0.009375 0.0109375
2 0.171875 0.375 0.0296875 0.0578125
0 0.171875 0.353125 0.009375 0.0109375
2 0.196875 0.3421875 0.034375 0.08125
0 0.2046875 0.3078125 0.0125 0.0109375
2 0.2234375 0.346875 0.028125 0.084375
0 0.23125 0.3125 0.0125 0.0140625
2 0.2421875 0.3484375 0.0234375 0.0765625
0 0.2453125 0.3203125 0.0109375 0.0125
2 0.29375 0.3421875 0.034375 0.0875
0 0.2953125 0.309375 0.0109375 0.0125
2 0.3265625 0.3875 0.021875 0.0640625
0 0.321875 0.3609375 0.009375 0.0109375
2 0.35625 0.334375 0.0359375 0.096875
0 0.3625 0.29375 0.015625 0.0125
2 0.4 0.3375 0.0390625 0.1078125
0 0.4140625 0.2953125 0.015625 0.015625
2 0.4390625 0.3421875 0.025 0.0625
0 0.4421875 0.3171875 0.009375 0.0109375
2 0.453125 0.3546875 0.034375 0.0890625
0 0.4546875 0.31875 0.0140625 0.0125
2 0.4671875 0.4296875 0.0390625 0.1046875
0 0.4703125 0.3859375 0.015625 0.015625
2 0.4796875 0.35625 0.015625 0.04375
0 0.4828125 0.340625 0.009375 0.009375
2 0.5046875 0.3328125 0.0390625 0.08125
0 0.5140625 0.303125 0.0171875 0.0203125
2 0.5296875 0.340625 0.0484375 0.0890625
0 0.5421875 0.30625 0.015625 0.015625
2 0.55625 0.35625 0.04375 0.0734375
0 0.5484375 0.328125 0.0125 0.0109375
2 0.515625 0.428125 0.046875 0.10625
0 0.5171875 0.3828125 0.0125 0.0109375
2 0.55625 0.4390625 0.071875 0.10625
0 0.55 0.390625 0.0140625 0.0140625
2 0.565625 0.46875 0.05 0.1125
0 0.5671875 0.4265625 0.0171875 0.01875
2 0.6125 0.4578125 0.05625 0.115625
0 0.6171875 0.4078125 0.0140625 0.0140625
2 0.6421875 0.53125 0.059375 0.1375
0 0.6578125 0.46875 0.0203125 0.0171875
2 0.7046875 0.540625 0.0453125 0.1234375
0 0.703125 0.4953125 0.0171875 0.0203125
2 0.728125 0.3859375 0.0328125 0.084375
0 0.73125 0.3515625 0.0125 0.0125
2 0.78125 0.578125 0.059375 0.125
0 0.7734375 0.5265625 0.01875 0.0171875
2 0.890625 0.5296875 0.0296875 0.075
0 0.8984375 0.5 0.0125 0.0109375
2 0.903125 0.5140625 0.059375 0.1109375
0 0.9109375 0.46875 0.015625 0.015625
2 0.91875 0.5109375 0.0390625 0.1015625
0 0.925 0.46875 0.0140625 0.015625
2 0.9515625 0.509375 0.04375 0.0953125
0 0.953125 0.4703125 0.0140625 0.0140625
2 0.9609375 0.5265625 0.034375 0.0953125
0 0.96875 0.4921875 0.0140625 0.0203125
2 0.9234375 0.65625 0.065625 0.159375
0 0.9203125 0.590625 0.021875 0.0265625
0 0.8515625 0.5953125 0.0484375 0.046875
0 0.78125 0.571875 0.0265625 0.03125
2 0.7265625 0.65625 0.0765625 0.21875
0 0.7125 0.5703125 0.0390625 0.040625
2 0.6109375 0.64375 0.078125 0.2125
0 0.5953125 0.5578125 0.0328125 0.0359375
0 0.6609375 0.61875 0.046875 0.053125
0 0.521875 0.684375 0.1 0.128125
2 0.4296875 0.6671875 0.15 0.153125
0 0.4765625 0.6296875 0.03125 0.034375
0 0.1296875 0.6171875 0.0578125 0.078125
2 0.5375 0.6609375 0.1109375 0.1375
0 0.5375 0.625 0.0359375 0.04375