0 0.9953125 0.3703125 0.00625 0.0078125
2 0.990625 0.4125 0.01875 0.05625
0 0.9921875 0.3953125 0.00625 0.009375
2 0.9625 0.390625 0.0171875 0.04375
0 0.959375 0.375 0.00625 0.0078125
2 0.9859375 0.3921875 0.021875 0.0484375
0 0.984375 0.371875 0.00625 0.00625
2 0.98125 0.390625 0.01875 0.0453125
0 0.984375 0.371875 0.0078125 0.00625
2 0.98125 0.434375 0.03125 0.06875
0 0.9875 0.40625 0.009375 0.009375
2 0.978125 0.41875 0.0234375 0.059375
0 0.98125 0.396875 0.0078125 0.009375
2 0.9875 0.415625 0.01875 0.0578125
0 0.9921875 0.39375 0.0078125 0.0078125
2 0.9375 0.4921875 0.0453125 0.115625
0 0.9359375 0.44375 0.0140625 0.0140625
2 0.89375 0.475 0.034375 0.0875
0 0.8953125 0.440625 0.0109375 0.0125
2 0.865625 0.465625 0.03125 0.0875
0 0.8640625 0.4328125 0.0109375 0.0140625
2 0.8453125 0.4625 0.0296875 0.084375
0 0.8484375 0.428125 0.009375 0.0125
2 0.853125 0.4765625 0.0328125 0.0921875
0 0.8578125 0.4390625 0.0125 0.0125
2 0.803125 0.4796875 0.0375 0.096875
0 0.8046875 0.4375 0.0140625 0.0109375
2 0.7625 0.45625 0.0390625 0.0671875
0 0.76875 0.4296875 0.0109375 0.0140625
2 0.8375 0.4078125 0.021875 0.05625
0 0.834375 0.3875 0.009375 0.009375
2 0.8140625 0.4078125 0.0140625 0.04375
0 0.8140625 0.3921875 0.00625 0.00625
2 0.7640625 0.4140625 0.0265625 0.065625
0 0.7625 0.3890625 0.0078125 0.0109375
2 0.753125 0.41875 0.0203125 0.065625
0 0.7515625 0.390625 0.0078125 0.0078125
2 0.6859375 0.44375 0.021875 0.0578125
0 0.6859375 0.44375 0.021875 0.0578125
2 0.6359375 0.45 0.0328125 0.084375
0 0.6421875 0.4140625 0.0125 0.0109375
2 0.528125 0.459375 0.0296875 0.08125
0 0.528125 0.4265625 0.0125 0.0109375
2 0.525 0.4453125 0.03125 0.0828125
0 0.525 0.4125 0.0109375 0.0140625
2 0.509375 0.415625 0.025 0.0546875
0 0.5125 0.3953125 0.009375 0.009375
2 0.5 0.4109375 0.025 0.0609375
0 0.5015625 0.3875 0.009375 0.009375
2 0.396875 0.45 0.03125 0.0875
0 0.396875 0.415625 0.0109375 0.0140625
2 0.33125 0.4328125 0.021875 0.06875
0 0.33125 0.4046875 0.009375 0.009375
2 0.325 0.425 0.0203125 0.0609375
0 0.328125 0.4015625 0.0109375 0.0125
2 0.3234375 0.4546875 0.0203125 0.0515625
0 0.31875 0.4359375 0.0078125 0.009375
2 0.2765625 0.4234375 0.034375 0.065625
0 0.2765625 0.396875 0.0109375 0.009375
2 0.3125 0.4921875 0.04375 0.1078125
0 0.3125 0.4484375 0.0140625 0.0140625
2 0.259375 0.496875 0.04375 0.1078125
0 0.2609375 0.453125 0.0140625 0.0171875
2 0.2078125 0.4375 0.028125 0.078125
0 0.2046875 0.4078125 0.0109375 0.0109375
2 0.1578125 0.4515625 0.0484375 0.0640625
0 0.1578125 0.4296875 0.0140625 0.0140625
2 0.153125 0.4484375 0.0328125 0.090625
0 0.153125 0.41875 0.0109375 0.009375
2 0.134375 0.459375 0.0375 0.08125
0 0.1265625 0.428125 0.0125 0.0125
2 0.1125 0.4609375 0.0296875 0.0796875
0 0.1109375 0.43125 0.0125 0.0140625
2 0.11875 0.521875 0.04375 0.1296875
0 0.1171875 0.4703125 0.01875 0.0203125
2 0.015625 0.52109375 0.03125 0.1421875
0 0.003125 0.46484375 0.00625 0.0203125
2 0.065625 0.615625 0.059375 0.190625
0 0.0703125 0.5390625 0.0296875 0.034375
0 0.0671875 0.628125 0.0328125 0.0328125
0 0.1375 0.6078125 0.0234375 0.0328125
2 0.1265625 0.6375 0.075 0.19375
0 0.1375 0.559375 0.025 0.0328125
2 0.121875 0.628125 0.059375 0.18125
0 0.1375 0.5609375 0.025 0.0296875
2 0.1296875 0.5765625 0.0640625 0.1625
0 0.1359375 0.5203125 0.0203125 0.0265625
2 0.2140625 0.621875 0.0640625 0.1734375
0 0.20625 0.55 0.01875 0.025
0 0.2296875 0.575 0.028125 0.0359375
2 0.25625 0.60625 0.0640625 0.16875
0 0.2625 0.5375 0.01875 0.0234375
0 0.3109375 0.5875 0.03125 0.0375
2 0.2953125 0.6734375 0.0609375 0.1859375
0 0.303125 0.596875 0.0203125 0.025
2 0.3796875 0.6640625 0.096875 0.19375
0 0.3671875 0.5859375 0.025 0.0296875
0 0.446875 0.653125 0.03125 0.0390625
2 0.484375 0.659375 0.0984375 0.184375
0 0.4875 0.5859375 0.025 0.03125
2 0.4390625 0.628125 0.078125 0.16875
0 0.440625 0.559375 0.025 0.0296875
2 0.44375 0.6203125 0.0703125 0.1890625
0 0.440625 0.54375 0.025 0.028125
2 0.371875 0.51875 0.0671875 0.1
0 0.39375 0.48125 0.0109375 0.0140625
2 0.3984375 0.534375 0.04375 0.1265625
0 0.396875 0.484375 0.015625 0.0171875
2 0.390625 0.51875 0.0796875 0.096875
0 0.3953125 0.48125 0.0171875 0.015625
2 0.5171875 0.5515625 0.046875 0.121875
0 0.5203125 0.5015625 0.0140625 0.0140625
2 0.5375 0.56875 0.040625 0.1171875
0 0.5453125 0.5203125 0.01875 0.0203125
2 0.521875 0.6078125 0.053125 0.153125
0 0.528125 0.5453125 0.021875 0.021875
2 0.5578125 0.609375 0.04375 0.15625
0 0.5546875 0.5453125 0.0203125 0.0203125
2 0.58125 0.6515625 0.090625 0.1875
0 0.571875 0.5734375 0.025 0.0296875
2 0.7796875 0.5375 0.059375 0.146875
0 0.784375 0.475 0.0171875 0.0171875
2 0.8296875 0.5265625 0.05 0.10625
0 0.8328125 0.4828125 0.0125 0.0125
2 0.8578125 0.5421875 0.046875 0.10625
0 0.865625 0.4984375 0.015625 0.0171875
2 0.884375 0.5515625 0.059375 0.11875
0 0.8859375 0.503125 0.0171875 0.01875
2 0.88125 0.50625 0.053125 0.1125
0 0.884375 0.4578125 0.0140625 0.0140625
0 0.9359375 0.628125 0.0328125 0.0359375
0 0.9859375 0.653125 0.028125 0.128125