2 0.028125 0.4734375 0.05625 0.2140625
0 0.028125 0.3828125 0.0265625 0.0296875
2 0.028125 0.471875 0.05625 0.1875
0 0.03125 0.4046875 0.0234375 0.0234375
2 0.0515625 0.475 0.065625 0.1625
0 0.0328125 0.440625 0.0203125 0.021875
2 0.0625 0.521875 0.059375 0.1140625
0 0.0546875 0.4765625 0.021875 0.0203125
2 0.1109375 0.475 0.0796875 0.2703125
0 0.1140625 0.365625 0.034375 0.0390625
2 0.3125 0.46875 0.059375 0.2625
0 0.3125 0.35625 0.0296875 0.028125
2 0.228125 0.496875 0.2046875 0.6265625
0 0.209375 0.2359375 0.0703125 0.090625
2 0.384375 0.50625 0.2546875 0.6046875
0 0.434375 0.25625 0.0609375 0.0734375
2 0.39375 0.490625 0.1875 0.425
0 0.3640625 0.321875 0.05 0.0546875
2 0.53125 0.475 0.1734375 0.353125
0 0.5125 0.325 0.0484375 0.0484375
2 0.625 0.465625 0.109375 0.2515625
0 0.590625 0.359375 0.028125 0.03125
2 0.65 0.45 0.059375 0.1671875
0 0.6484375 0.38125 0.021875 0.0265625
2 0.69375 0.45 0.040625 0.134375
0 0.690625 0.3953125 0.0171875 0.0171875
2 0.7921875 0.4765625 0.171875 0.3765625
0 0.7625 0.31875 0.046875 0.059375
2 0.7171875 0.46875 0.090625 0.259375
0 0.7484375 0.353125 0.0265625 0.028125
2 0.859375 0.484375 0.16875 0.43125
0 0.8765625 0.3046875 0.046875 0.0515625
2 0.921875 0.4546875 0.14375 0.203125
0 0.9203125 0.3703125 0.025 0.028125
2 0.7953125 0.4578125 0.103125 0.2921875
0 0.784375 0.3375 0.034375 0.0453125